21 0 0.5453136187500001 0.080408665625 0.55350983125 0.02022404375 0.92101531875 0.0219491953125 0.9273528000000001 0.030282810937499998 0.9286727156250001 0.0425582265625 0.9298259609375 0.118415065625 0.48834049999999996 0.1373523875 0.48738493437499997 0.1421115703125 0.4723189484375 0.1427673140625 0.4681787453125 0.01521281875 0.3789219046875 0.01415429375 0.37875424999999996 0 0.46487726093750004 0 0.5453136187500001
5 0 0.77281033125 0.0086794046875 0.7292177843750001 0.04889050625 0.7250400859374999 0.0509813265625 0.70559653125 0.014682296875 0.7038022703125 0.0218534203125 0.6772534718750001 0.0396225109375 0.677431190625 0.0552474890625 0.6911463046875 0.0602432703125 0.6596041765625 0.022422543750000003 0.654932275 0.030977553125 0.60091806875 0.070580575 0.594337009375 0.0768295140625 0.5548827562499999 0.0715660546875 0.5506591546874999 0 0.54922668125 0 0.77281033125
5 0.185006534375 0.3550595 0.164301878125 0.3359604375 0.1565316484375 0.3413213234375 0.1308905515625 0.4532718015625 0.14393280625 0.4645656890625 0.1537938578125 0.43976124843750003 0.166890028125 0.44447210468750004 0.17303073124999999 0.4493996375 0.1689569171875 0.47512068906250005 0.147036165625 0.5573391921875 0.12364158125 0.5364957703125001 0.137169065625 0.48854238437499997 0.12290466562499999 0.48496480937499997 0.11899259375 0.49093676875 0.10036087656249999 0.5960875390625 0.10492596875 0.6047204625 0.10104387968749999 0.65420153125 0.089768959375 0.662962271875 0.088139434375 0.673250690625 0.09889914375 0.68022811875 0.097976553125 0.6985383890625 0.082843475 0.7066880578125 0.0803991875 0.7221206875 0.13060915 0.72348159375 0.129524815625 0.7615409578125 0.1408536625 0.76742204375 0.14467323906250001 0.7680270046875 0.1500377484375 0.756880003125 0.169124709375 0.548972846875 0.21744740624999997 0.3562426875 0.185006534375 0.3550595
7 0.24082294062499998 0.5657338171874999 0.25761552656250003 0.5908048406249999 0.2845148 0.60824840625 0.300725053125 0.6095285625 0.30084391250000003 0.6087781125 0.2943219375 0.59002699375 0.38336309218750003 0.0877725140625 0.3867061265625 0.06666542343750001 0.3751452 0.06100110156250001 0.330261178125 0.0697119375 0.32594172499999996 0.0782560015625 0.24082294062499998 0.5657338171874999
4 0.9270403437500001 1 0.952087575 0.841858 0.9447786406249999 0.8380637515625 0.9529023375 0.8367137906250001 0.9867689093750001 0.616646040625 0.409668746875 0.4210955515625 0.3876701515625 0.559989225 0.39527863750000003 0.5743774296875 0.3834106625 0.6555515062499999 0.8686046390625 1 0.9270403437500001 1
4 0.3420739078125 0 0.33177487656250004 0.053912196875 0.32981944531249996 0.0662583015625 0.3375305703125 0.071258790625 0.36698196250000004 0.060103665625000004 0.3870335984375 0.064597846875 0.3647354484375 0.1928975640625 0.3685396921875 0.20009166562499997 0.42225434531249995 0.1980527203125 0.439969521875 0.20481347031250002 0.4116684796875 0.3585287015625 0.49625409062500003 0.37601251874999997 0.5227307 0.3802060015625 0.5293422859375 0.3771664015625 0.554030809375 0.24001708437499997 0.8223884187499999 0.256154475 0.836485025 0.18587989062500002 0.807656671875 0.1681307890625 0.8460465234375001 0.1504814921875 0.8623513796875001 0.070010146875 0.8638290625 0.060680420312500004 0.85497893125 0.050386070312499996 0.5145493812499999 0 0.3420739078125 0
13 0.31252111718750003 0.4975953609375 0.37212382499999996 0.52720570625 0.37503246875 0.527666390625 0.41067637812499996 0.3523073234375 0.34514161250000003 0.3353360671875 0.3368561734375 0.35643511875 0.31252111718750003 0.4975953609375
10 0.40161749062499996 0.3452037859375 0.4117654625 0.3468110671875 0.43464000468749997 0.2234804046875 0.43800090156250004 0.2022605375 0.4325443640625 0.20139630625 0.3668646296875 0.1994308671875 0.344919946875 0.33174151093750004 0.40161749062499996 0.3452037859375
6 0.7734019453125 0.47804607343749994 0.7638643796875 0.46335233125 0.544057225 0.41535515937499995 0.45969296875000004 0.38617340625 0.45167710000000005 0.3743573046875 0.430864615625 0.36842430312499996 0.415024603125 0.3685521203125 0.4079613078125 0.38193485781250003 0.4084525859375 0.41628883125 0.41997314531249996 0.42470507812499997 0.9799080531250001 0.6108134578125 0.9884493437499999 0.6121662640625 0.99970326875 0.53498170625 0.9036567109375 0.517132796875 0.7864981156249999 0.48275693124999997 0.7734019453125 0.47804607343749994
20 1 0.5154051015625 0.9656627999999999 0.50269661875 0.7898170765625 0.46429887968749994 0.782400315625 0.4736706921875 0.761941296875 0.471748615625 0.9021949250000001 0.516373946875 1 0.5331652609375 1 0.5154051015625
18 0.6491536609375 0.40603001406250006 0.6560791453125 0.362304228125 0.6350210203125 0.3391942390625 0.6206487921875 0.348782728125 0.620594878125 0.3553657578125 0.6342062578125 0.34433845 0.65181360625 0.3642652609375 0.645702884375 0.40284683593750004 0.6305698078125 0.4109965046875 0.6370100640625 0.42651799375 0.5792455296875 0.4041858515625 0.5058866203125 0.3991585109375 0.6036432656249999 0.4309887359375 0.6715766015625 0.44174831875000004 0.7123589499999999 0.447697215625 0.712374334375 0.4476000796875 0.6496988531250001 0.4338009578125 0.6482310703125 0.42434028437500004 0.6595059890625 0.4155795453125 0.6491536609375 0.40603001406250006