14 0.75625 0.3333333328125 0.7640625 0.36875 0.7390625 0.39791666718749996 0.728125 0.4291666671875 0.721875 0.55625 0.6328125 0.5729166671875 0.6125 0.59375 0.6078125 0.6291666671875 0.6171875 0.6479166671875001 0.690625 0.6833333328125 0.7140625 0.675 0.7765625 0.6791666671875001 0.7796875 0.6875 0.7734375 0.7020833328125 0.784375 0.7375 0.8125 0.7229166671875 0.84375 0.6541666671875 0.8609375 0.6291666671875 0.8703125 0.6291666671875 0.8828125 0.5416666671875 0.86875 0.4166666671875 0.840625 0.3791666671875 0.828125 0.3416666671875 0.8328125 0.26875 0.821875 0.25 0.7953125 0.2416666671875 0.7734375 0.25 0.7578125 0.28958333281250004 0.75625 0.3333333328125
19 1 0.51875 0.94375 0.49375 0.921875 0.5270833328125 0.8859375 0.6291666671875 0.878125 0.6375 0.8515625 0.6416666671875 0.803125 0.7291666671875 0.78125 0.7333333328125 0.7734375 0.7270833328124999 0.7765625 0.6770833328125 0.71875 0.6708333328125 0.709375 0.6833333328125 0.7328125 0.7125 0.7078125 0.73125 0.703125 0.775 0.6953125 0.7875 0.5546875 0.8229166671874999 0.54375 0.8479166671874999 0.5390625 0.8916666671875 0.5453125 1 1 1 1 0.66875 0.95625 0.6541666671875 0.9515625 0.6458333328125 0.9703125 0.6229166671875 0.9859375 0.5666666671875 1 0.5479166671875 1 0.51875
15 1 0.6708333328125 0.9984375 0.5479166671875 0.9515625 0.6375 0.9484375 0.65625 1 0.6708333328125
15 0.8796875 0.6375 0.946875 0.46458333281249997 0.8734375 0.45208333281249996 0.878125 0.5729166671875 0.853125 0.63125 0.8796875 0.6375
15 0.6203125 0.5604166671875 0.6859375 0.5666666671875 0.725 0.5583333328125 0.7328125 0.43333333281249997 0.6953125 0.42083333281249996 0.6453125 0.5 0.61875 0.55 0.6203125 0.5604166671875
19 0.5234375 0.6 0.609375 0.6416666671875 0.61875 0.5875 0.6421875 0.56875 0.6203125 0.55 0.671875 0.45208333281249996 0.525 0.4479166671875 0.5140625 0.4604166671875 0.5125 0.5 0.5234375 0.6
19 0 0.7854166671875 0.015625 0.7833333328125 0.0234375 0.7604166671875 0.05625 0.7541666671875 0.1703125 0.7416666671875001 0.190625 0.74375 0.20625 0.7604166671875 0.24375 0.7583333328124999 0.2546875 0.75 0.2640625 0.6354166671875 0.240625 0.6020833328124999 0.26875 0.5875 0.275 0.5416666671875 0.2703125 0.5145833328125 0.215625 0.48541666718750004 0.178125 0.4770833328125 0.028125 0.47083333281249995 0 0.475 0 0.7854166671875
9 0.40625 0.6604166671875 0.5109375 0.69375 0.5828125 0.6708333328125 0.578125 0.65625 0.53125 0.6375 0.5203125 0.60625 0.515625 0.5395833328124999 0.509375 0.525 0.390625 0.50625 0.3890625 0.5479166671875 0.4 0.65 0.40625 0.6604166671875
21 0.428125 1 0.4421875 0.975 0.4578125 0.9625 0.4765625 0.925 0.4765625 0.8958333328125001 0.4703125 0.8833333328125 0.4734375 0.8666666671875 0.4359375 0.8270833328125 0.4359375 0.7958333328125 0.4453125 0.7791666671875 0.453125 0.7791666671875 0.453125 0.8041666671875 0.465625 0.8083333328125001 0.4734375 0.8020833328125001 0.4703125 0.7770833328125 0.475 0.7729166671875001 0.6125 0.75625 0.621875 0.8041666671875 0.69375 0.79375 0.7015625 0.7875 0.7046875 0.725 0.7359375 0.7145833328125 0.721875 0.6979166671875 0.528125 0.60625 0.5203125 0.60625 0.525 0.6291666671875 0.5796875 0.6520833328125 0.5828125 0.6625 0.5265625 0.6854166671875 0.4875 0.6791666671875001 0.4046875 0.6541666671875 0.4 0.6270833328125 0.3734375 0.6229166671875 0.3625 0.5916666671875 0.3203125 0.5916666671875 0.246875 0.5958333328125 0.2375 0.6083333328125 0.415625 0.7729166671875001 0.4109375 1 0.428125 1
2 0.3625 0.6083333328125 0.3640625 0.6166666671875001 0.365625 0.6166666671875001 0.365625 0.61875 0.36875 0.6208333328125 0.36875 0.625 0.3703125 0.625 0.3703125 0.6270833328125 0.3734375 0.6270833328125 0.3734375 0.6291666671875 0.38125 0.6291666671875 0.38125 0.6270833328125 0.4 0.6270833328125 0.4 0.6145833328125 0.3984375 0.6145833328125 0.3984375 0.6 0.396875 0.6 0.396875 0.5854166671875001 0.3953125 0.5854166671875001 0.3953125 0.5833333328125 0.359375 0.5833333328125 0.359375 0.6041666671875 0.3609375 0.6041666671875 0.3609375 0.6083333328125 0.3625 0.6083333328125
16 0.8015625 0.2416666671875 0.878125 0.25625 0.8625 0.3 0.83125 0.3 0.828125 0.3104166671875 0.896875 0.3166666671875 0.89375 0.36666666718749996 0.8453125 0.3625 0.859375 0.325 0.85625 0.32083333281250004 0.83125 0.36875 0.8484375 0.3916666671875 0.8484375 0.3791666671875 0.85625 0.3729166671875 0.890625 0.3729166671875 0.8921875 0.43333333281249997 0.8703125 0.43125 0.8890625 0.43541666718750005 0.89375 0.4479166671875 0.903125 0.375 0.921875 0.3729166671875 0.9046875 0.36875 0.9046875 0.3229166671875 0.9296875 0.3166666671875 0.9265625 0.45625 0.9453125 0.1875 0.8046875 0.1625 0.778125 0.16875 0.775 0.25 0.8015625 0.2416666671875