19 0.9121681921875 1 0.9594096109375 0.7569639718750001 0.8517591843749999 0.7211825625 0.8254595828125 0.7500276609375 0.8144416218750001 0.7903325156250001 0.6240789671875 0.7214948671875 0.548187921875 0.7598013031249999 0.51575315 0.787453846875 0.5033139624999999 0.8105038312499999 0.46219714375 0.9892762578125 0.46739735156249995 1 0.9121681921875 1
21 0.6072503453125 0.7261824390625 0.6186825515625001 0.7246905640625 0.62850795625 0.6905208796875 0.6936097125 0.7159093375000001 0.69004564375 0.742276215625 0.6908420375000001 0.7424310171874999 0.69690596875 0.73989565625 0.7024149484375 0.719743228125 0.819609365625 0.7637467796874999 0.84636276875 0.724378259375 0.8908427515625 0.7330242921875 0.91691368125 0.6807891546875 0.9154361718749999 0.6720126484375 0.8993594921874999 0.6646430062500001 0.8452792375 0.6562531953125 0.8371564734374999 0.6652859234374999 0.8129570296875 0.6669490078125 0.8434640312499999 0.698346884375 0.8360800234375001 0.7117678640625 0.8250022390625 0.7032475812500001 0.7590491640625 0.6904276015625 0.7289396796875 0.6569846687500001 0.7319474406250001 0.6087558093750001 0.7172911 0.604315159375 0.7115393812499999 0.6031971390625 0.5945921328125 0.6520934140625 0.6182814921875 0.6694321171875 0.6057302499999999 0.7258869625 0.6072503453125 0.7261824390625
19 0.6122654796875 0.643060096875 0.618569496875 0.61881755625 0.652823015625 0.606374828125 0.6877027234375 0.6152770828125 0.7088908640625 0.60453935625 0.7338290625 0.6072645249999999 0.7377444265624999 0.5379888203125 0.7637063328125 0.560013915625 0.7613810437499999 0.6211093921875 0.8273341203125 0.633929371875 0.8435198249999999 0.56703878125 0.7708053875 0.5316812625 0.6826404625 0.5102990828125 0.591239103125 0.5137557234375 0.5537597765625 0.722947778125 0.5849259328125 0.7345769718749999 0.59039006875 0.7356390921875 0.6109639 0.7234555015625 0.6212993875 0.670284028125 0.595281196875 0.6567373 0.6122654796875 0.643060096875
19 0.7190615359375 0.7569362203125001 0.7746193 0.7741025359375 0.7897285546874999 0.7536938859375 0.703948740625 0.7200413671875 0.6996323171875 0.7340586250000001 0.7168452703125 0.7437714640624999 0.7190615359375 0.7569362203125001
19 0.6210676640624999 0.712420225 0.6912246 0.7281796765624999 0.6924734375 0.7135661421874999 0.6269741625 0.690222740625 0.6210676640624999 0.712420225
15 0.6129434015624999 0.639743090625 0.6137422546875 0.639898371875 0.6797853109374999 0.6150645484374999 0.65797098125 0.60445729375 0.619116084375 0.6160056046875 0.6129434015624999 0.639743090625
9 0.76563764375 0.5582669984375 0.7381419453125 0.5359437640625 0.7326963296875 0.6622248296875 0.7570681625 0.6924301515625 0.8368469093750001 0.71191693125 0.842247146875 0.71296663125 0.8460844078124999 0.7012438515625 0.8159749250000001 0.6678009171875 0.7634847437500001 0.65123088125 0.76563764375 0.5582669984375
4 0.08783180625 0 0.0874976 0.0017193453125 0.318991240625 0.12099857656249999 0.3224000609375 0.1280281640625 0.31047449843749997 0.1893798625 0.35870453750000003 0.21148879062499998 0.36779472812499997 0.23023435781249998 0.476296475 0.2534472859375 0.5155382656249999 0.0679434109375 0.46935210156249996 0.027130834375000003 0.46105695 0.0042951546875 0.45594807968750006 0 0.08783180625 0
11 0.19971131875 0.45622078750000006 0.20135767656249998 0.43956219687500003 0.31536840312500003 0.4426227 0.36142429374999996 0.21387449531249997 0.1259554671875 0.11504582968749999 0.0731980390625 0.37008163125000004 0.13142587187500002 0.3898892796875 0.1250092890625 0.43108855312500005 0.1825546484375 0.4380295828125 0.1774431859375 0.456136953125 0.11984154531249999 0.4576742875 0.118990225 0.470242765625 0.160800140625 0.47624746562500003 0.1559016578125 0.4936003609375 0.15683123125 0.4937810515625 0.18920344218750001 0.477523853125 0.27816340624999997 0.49481591875 0.2786172078125 0.4842924984375 0.19971131875 0.45622078750000006
4 0 0.683813284375 0.072655971875 0.6758565625 0.0827663296875 0.6565985515625 0.099240528125 0.6619231390625 0.09946920000000001 0.685313178125 0.11866974687500001 0.684800734375 0.24517594374999999 0.6563328859374999 0.25147996093749997 0.6320903453125 0.2588076875 0.62714773125 0.399515534375 0.5993180796875001 0.420186509375 0.49297513437499996 0.3301465546875 0.46486150937500004 0.2245998265625 0.45920158750000006 0.23374630000000002 0.4694687875 0.2789650359375 0.4825030734375 0.2850439234375 0.49217399375 0.1880174796875 0.475436290625 0.15757030156250001 0.49286355000000004 0.16307928124999999 0.47271112187500003 0.11859929843749999 0.464065090625 0.1329099734375 0.39044305156250003 0.1251557 0.387344028125 0.1158570921875 0.3855365625 0.015149189062499999 0.37391965312500003 0 0.451855475 0 0.683813284375
2 0.76108290625 0.6226431828125001 0.758982746875 0.6498251984375 0.8075957921875 0.6648457234375 0.8163192359375 0.6665413906250001 0.8430000968750001 0.6597895375 0.8408401140624999 0.6381464140625 0.7890886890625 0.6259646296875 0.76108290625 0.6226431828125001
3 0.46562786875000006 0 0.466632346875 0.0247451296875 0.51702236875 0.06849718125000001 0.49873650625000004 0.1625697859375 0.47545174843750004 0.25779303124999997 0.416770115625 0.248508803125 0.3684416765625 0.472570615625 0.39786868750000004 0.493146934375 0.4216706125 0.4935289046875 0.4030687390625 0.5973558453125001 0.4051122875 0.5977530703125 0.5774385125 0.568375971875 0.6593309140625 0.204397809375 0.6877869578125 0.13989233125 0.557009996875 0.0019885625 0.5467797296875 0 0.46562786875000006 0