19 1 0.6854166671875 0.8875 0.6395833328125 0.9375 0.5291666671875 0.85 0.5270833328125 0.8453125 0.5770833328125 0.8546875 0.6520833328125 0.8296875 0.6604166671875 0.7796875 0.6458333328125 0.6671875 0.6354166671875 0.678125 0.5625 0.6765625 0.5083333328124999 0.5953125 0.4875 0.5890625 0.4916666671875 0.5828125 0.51875 0.5875 0.5916666671875 0.5984375 0.6125 0.5921875 0.7458333328125 0.6640625 0.7583333328124999 0.6796875 0.7708333328125 0.65 0.9270833328125001 0.76875 0.95 0.809375 0.95 0.821875 0.9354166671874999 0.8375 0.9625 0.840625 1 1 1 1 0.6854166671875
15 1 0.45625 0.9890625 0.45625 0.971875 0.47291666718750003 0.9328125 0.5375 0.8828125 0.63125 0.884375 0.6458333328125 1 0.6854166671875 1 0.45625
19 0.0171875 0.6895833328125 0.021875 0.7041666671875 0.1046875 0.6770833328125 0.325 0.7125 0.3484375 0.7083333328125 0.3546875 0.6020833328124999 0.325 0.60625 0.1890625 0.5875 0.2296875 0.4604166671875 0.2296875 0.43541666718750005 0.215625 0.43541666718750005 0.0515625 0.45 0.0171875 0.4625 0.0171875 0.6895833328125
15 0.184375 0.5854166671875001 0.3453125 0.6041666671875 0.353125 0.5895833328125 0.3703125 0.475 0.3875 0.4270833328125 0.3734375 0.41875 0.2421875 0.40833333281249995 0.23125 0.425 0.21875 0.4895833328125 0.184375 0.5854166671875001
15 0.5859375 0.6 0.58125 0.5354166671875 0.5921875 0.4604166671875 0.5890625 0.44166666718750003 0.421875 0.4270833328125 0.4125 0.43541666718750005 0.4015625 0.5979166671875 0.5859375 0.6
15 0.6640625 0.6208333328125 0.6671875 0.6375 0.7046875 0.6354166671875 0.828125 0.6583333328125 0.8515625 0.65625 0.84375 0.55 0.8515625 0.48333333281249996 0.68125 0.46458333281249997 0.675 0.47083333281249995 0.675 0.5916666671875 0.6640625 0.6208333328125
14 0.8453125 0.26875 0.85625 0.29375 0.83125 0.3770833328125 0.8234375 0.4625 0.825 0.475 0.8515625 0.4875 0.8578125 0.5208333328125 0.8875 0.51875 0.8890625 0.49791666718750005 0.9015625 0.4791666671875 0.9078125 0.35625 0.90625 0.3125 0.890625 0.26875 0.9 0.21458333281250003 0.8859375 0.2 0.8703125 0.2 0.85625 0.2125 0.8453125 0.2479166671875 0.8453125 0.26875
21 0.11875 1 0.10625 0.9520833328125 0.1125 0.9395833328125001 0.434375 1 0.634375 0.9958333328125001 0.678125 0.78125 0.671875 0.7625 0.5890625 0.75 0.58125 0.75625 0.5796875 0.7854166671875 0.5703125 0.8083333328125001 0.4296875 0.8125 0.3546875 0.8229166671874999 0.3453125 0.7895833328124999 0.3453125 0.74375 0.3359375 0.725 0.3125 0.7229166671875 0.2859375 0.7083333328125 0.2296875 0.70625 0.2015625 0.69375 0.0890625 0.6770833328125 0 0.7145833328125 0 0.9104166671874999 0.08125 0.9333333328125001 0.0828125 1 0.11875 1
2 0.0796875 0.7583333328124999 0.109375 0.7770833328125 0.159375 0.7791666671875 0.2 0.8 0.2375 0.7916666671875 0.2859375 0.7625 0.2828125 0.7375 0.2640625 0.7166666671875 0.2171875 0.7125 0.184375 0.6916666671875 0.1625 0.6875 0.0875 0.7270833328124999 0.0796875 0.7416666671875001 0.0796875 0.7583333328124999
9 0.3421875 0.7541666671875 0.3421875 0.8104166671874999 0.3484375 0.8291666671875 0.5734375 0.8229166671874999 0.584375 0.7875 0.58125 0.75625 0.5984375 0.6229166671875 0.59375 0.6041666671875 0.5828125 0.5958333328125 0.521875 0.6020833328124999 0.4015625 0.5958333328125 0.3578125 0.6 0.35 0.6125 0.3421875 0.7541666671875
19 0.384375 0.4270833328125 0.384375 0.44375 0.3640625 0.50625 0.3546875 0.59375 0.4 0.5979166671875 0.415625 0.5270833328125 0.41875 0.4375 0.425 0.43125 0.4796875 0.43541666718750005 0.4828125 0.4291666671875 0.409375 0.3854166671875 0.3484375 0.3770833328125 0.3109375 0.3854166671875 0.2703125 0.41041666718750003 0.384375 0.4270833328125