19 0 0.9502020218749999 0.1385016171875 0.964759128125 0.3862422515625 0.8797728453125 0.4050777375 0.8649940640624999 0.4319114921875 0.7442206796875 0.438632721875 0.6653243703125 0.42927951093749994 0.6496776453125 0.26577972656250004 0.5759332859375 0.2466673390625 0.563450446875 0.22817868749999998 0.530085078125 0.20194990000000002 0.5105698515625 0.10448718593749999 0.4961364890625 0 0.49337230312499997 0 0.9502020218749999
21 1 0.503961228125 0.9698818421875 0.49884930625 0.9687338703125 0.47987536875 0.9565201140624999 0.47649684375 0.741205259375 0.462245575 0.611109796875 0.4443823734375 0.5569692140625 0.45126082187499994 0.556345478125 0.47214335468749996 0.5761407359375 0.4930772 0.6811849515625 0.52506588125 0.6643577109375001 0.655270228125 0.5793437578125 1 0.6083588343749999 1 0.7451438453125 0.544357084375 0.7611187859374999 0.5418465 0.9918439781249999 0.60380325625 1 0.5262038953125 1 0.503961228125
11 1 0.111693596875 0.9967550296875001 0.10863526875 0.6341223 0.12079644687499999 0.5898671359375001 0.40732348125 0.7246244203125001 0.425676659375 0.7272376328125 0.4008136125 0.718884559375 0.330806975 0.7359779046875 0.3326035578125 0.8185840843750001 0.3538546703125 0.8365377 0.4521028828125 0.9348545515625 0.471863040625 0.9464702468749999 0.47308389999999995 0.9513115265625001 0.46626090624999994 1 0.1605248859375 1 0.111693596875
5 0.5311459140625 0.7567454453125 0.5352834984375 0.7173789546875 0.5476558890625001 0.6893520203125 0.5307803109375 0.6854835171875 0.516388878125 0.702824196875 0.4266742703125 0.8986860859375 0.395743296875 0.9687534203125001 0.3955550953125 0.9854921109375001 0.41439058125 0.970713328125 0.4694130328125 0.8508078859375001 0.48868405312499996 0.8318852640625 0.491079496875 0.8090941359375 0.5311459140625 0.7567454453125
5 0.7178478171875 0.3257228390625 0.7302058015624999 0.45978023125 0.7477028015625 0.46161923906249996 0.8415285203125 0.46441073906249997 0.8293551296875 0.370959671875 0.820655221875 0.3490971859375 0.7178478171875 0.3257228390625
5 0.6791620984375 1 0.6785416921875 0.8790726203125001 0.697447109375 0.7888880687500001 0.69862465 0.822528775 0.7111153078125 0.8531689218749999 0.728009653125 0.9764435062500001 0.735808921875 0.9919269046875 0.7424602203124999 0.9884363671875 0.7175596343749999 0.74701099375 0.7738778921875 0.7194133375 0.7894172968750001 0.72104659375 0.796127728125 0.746889596875 0.8058869062499999 0.7437257109375001 0.806045540625 0.71232025 0.8279889078125 0.69786811875 0.83600594375 0.7112795968750001 0.8268301359375 0.78363349375 0.8202567421875001 0.9358636515625 0.82404749375 0.9446413109374999 0.8320349625000001 0.94338601875 0.8570191062499999 0.675781609375 0.863888171875 0.67021915 0.8907702609375001 0.6835186156249999 0.929379409375 0.8991523000000001 0.9329523921874999 0.91000188125 0.9438299750000001 0.9111451609375001 0.9421873328125001 0.8669815249999999 0.9142971359375001 0.68389658125 0.919830028125 0.676098875 0.9659831390625 0.67047571875 0.9719515671875 0.658534171875 0.8719455734375 0.5935580875 0.8514674453125 0.5641732328125 0.7504317484375 0.538890290625 0.7437804515625001 0.5423808296875 0.736752753125 0.5793487500000001 0.7479072390625 0.6077536484375 0.7677024968749999 0.62868749375 0.7524104265625 0.6396490859374999 0.7460064640625 0.655734475 0.7120375421875 0.6500693875 0.65539121875 0.8452172750000001 0.6521838375 0.9056296234375001 0.6591715984375 1 0.6791620984375 1
5 0.499214803125 0.8811726953125 0.497908196875 0.89360421875 0.507014071875 0.8966560937500001 0.5357082359375 0.8179744234375 0.5567213984375 0.7824764359375 0.57699255625 0.7091939 0.5880583406250001 0.6935984890625 0.6067056265625 0.695558396875 0.646702109375 0.718615478125 0.672258825 0.6249403874999999 0.6235920015625 0.594687590625 0.6079934625 0.5637207921875 0.59677984375 0.5059823531250001 0.567443175 0.486140475 0.55675379375 0.46825850312500006 0.5618215828124999 0.44993786875 0.584012284375 0.44808058749999996 0.5855366578125001 0.43357714375 0.5561812203125001 0.2943291828125 0.5341787203125 0.2794477734375 0.4548981890625 0.2564513921875 0.4721689359375 0.34624859531249996 0.49200173124999996 0.605994603125 0.5209619984375 0.6593138640625 0.5625124234375 0.68253426875 0.5452900109375001 0.7268099171875 0.529680675 0.8005824296874999 0.519050425 0.812034 0.5164372140625 0.836897046875 0.499214803125 0.8811726953125
3 0.4620713765625 0.27789156249999997 0.45181752968750005 0.2558657515625 0.5490920421875 0.287037803125 0.562236003125 0.3114621875 0.581308025 0.41401756562500003 0.5886421921875 0.41897803749999996 0.5943928515625 0.4091084109375 0.6065878390624999 0.29308085625 0.5552782374999999 0.2730243375 0.5615934984375001 0.21293863906250002 0.571917278125 0.15955868125 0.62251444375 0.1564974203125 0.6284533031249999 0.12988910468749998 0.559803021875 0.095441153125 0.5396017953125 0.09331791874999999 0.3751610078125 0.10326701093749999 0.352317003125 0.1113400546875 0.14747376406249998 0.117042678125 0.11244274375 0.465288665625 0.1047026078125 0.4791388078125 0.1404728046875 0.497562071875 0.1915350734375 0.5050237390625 0.276843165625 0.5454121140625 0.4427753734375 0.6055340234375 0.4480785015625 0.6060914046875 0.4693543796875 0.47766388437499996 0.47908399062499996 0.45983322656250003 0.46992977968750005 0.3227085015625 0.4620713765625 0.27789156249999997
2 0.42703473125 0.4169179203125 0.4321320875 0.41326405624999996 0.44000128906249997 0.353341684375 0.42334347968749997 0.347401259375 0.41560334374999996 0.3612514 0.418364390625 0.40972220468750004 0.42703473125 0.4169179203125
2 0.4514622421875 0.42367497343749994 0.460103015625 0.41620391874999996 0.466200509375 0.3581901421875 0.4495427 0.3522497171875 0.4370116765625 0.41168211250000003 0.4392484875 0.420296446875 0.4514622421875 0.42367497343749994
2 0.318241075 0.3897721796875 0.3307930484375 0.3910914453125 0.33768620781249997 0.3402312765625 0.270183896875 0.32475726250000003 0.264304171875 0.3806991171875 0.318241075 0.3897721796875