4 0 0.273194621875 0.23851048593750002 0.2550416734375 0.21419159062499998 0.031337946875 0 0.0576373671875 0 0.273194621875
4 0.7732592125 0 0.39352781875 0.0303080140625 0.3865352359375 0.0374635328125 0.3878047078125 0.0478025546875 0.410223365625 0.076534571875 0.620858040625 0.06116678125 0.6475509625 0.3811320375 0.6590311859375 0.44898874375000003 0.6675471359375 0.45424005312500004 0.839410478125 0.4436327828125 0.8562159703125 0.43947034687500003 0.8627007656250001 0.42817922187499996 0.83347975625 0 0.7732592125 0
4 1 0.46941869062499997 0.999319809375 0.46387898281249995 0.9913116484375 0.4627632828125 0.4692643140625 0.49327897343749993 0.47823959531250004 0.6433034203125 0.6728304625 0.6383014765625 0.7669652453125 0.8408390156250001 0.937023840625 0.8283543625 0.9446211281249999 0.54405939375 1 0.5408869359375 1 0.46941869062499997
5 0 0.530581315625 0.016897699999999998 0.668202028125 0.026202820312500003 0.6670595031250001 0.025214728125000002 0.6461910375000001 0.0407232625 0.6442868296875 0.225247325 0.6342239968750001 0.238161940625 0.6368362390625 0.2405422015625 0.65622190625 0.277800446875 0.6516471687500001 0.263024053125 0.49315197499999996 0.23045613281250002 0.4971508125 0.228088621875 0.5163323156249999 0.1939698484375 0.5205215734374999 0.0172000515625 0.529632303125 0.012856359375000001 0.507076875 0 0.5086554375000001 0 0.530581315625
6 0 0.5097900375 0.026786553125 0.5179603359375 0.20640416250000002 0.506400959375 0.2614732 0.49334239531249996 0.297115340625 0.5015599640625 0.9802073 0.46465146874999996 0.9991293890625 0.46232812812499996 0.9944640781249999 0.424332221875 0.8693802312500001 0.4312946703125 0.856438128125 0.4412796765625 0.723853909375 0.45126203593750003 0.6721679593750001 0.4534103140625 0.65358520625 0.4430981171875 0.4959334390625 0.45405940468750006 0.467736696875 0.468016421875 0.386838428125 0.47585050312500005 0.283466528125 0.48014706093750004 0.281153990625 0.47413406875 0.2894435328125 0.46472032499999993 0.231300275 0.4655624828125 0.0020553593750000003 0.4832153265625 0 0.484042884375 0 0.5097900375
4 0.0237525703125 0.5317138515625001 0.1965745796875 0.51993938125 0.215650059375 0.5175972078125 0.21450753437499998 0.5082920875 0.19694035781250002 0.5062511078124999 0.0126701890625 0.51838174375 0.0123888078125 0.5289111875 0.0237525703125 0.5317138515625001
21 0.5305813078125 1 0.8214100156249999 0.964290725 0.7760207218749999 0.8504844109375 0.7500200546875 0.805400378125 0.6739052640625001 0.6342339234375001 0.016961173437499998 0.6687189796874999 0.028640318749999998 0.7638379875 0.0800723734375 0.759621903125 0.16610350625 0.76794941875 0.21567584062499998 0.787050446875 0.23707892031250002 0.8075112453125 0.24376263593749997 0.82348241875 0.2505903 0.8919103875 0.249100934375 0.9823493453125 0.2465858640625 1 0.5305813078125 1
4 0.2315635953125 0.65575010625 0.2402812875 0.6546797078125 0.234520709375 0.632822996875 0.024929096875 0.643864759375 0.02797583125 0.6686784125 0.2315635953125 0.65575010625
4 0.2187327796875 0.5555250593750001 0.0187001828125 0.5674921015625001 0.0219733234375 0.6069708078125 0.22355677499999999 0.5948133453125 0.2187327796875 0.5555250593750001
13 0.2782871921875 0.514891409375 0.268446796875 0.5244955734375 0.2792818 0.651202909375 0.3082127375 0.6560465515625 0.4201645125 0.6499094000000001 0.47410513125 0.6432863249999999 0.4775096484375 0.637358484375 0.4661668578125 0.5065155390625 0.458947865625 0.49900600468749995 0.2782871921875 0.514891409375
5 1 0.54206991875 0.9456641921875001 0.5397333640624999 0.933139478125 0.950572071875 1 0.9423626328125 1 0.54206991875
20 0.301596465625 0.461129153125 0.27754449531250003 0.4703793015625 0.2710597015625 0.481670428125 0.43968923593750003 0.47277208125000003 0.45781483125 0.47054653750000003 0.46928755000000005 0.4678260015625 0.47732319843750004 0.4563444546875 0.47035810156249996 0.450902725 0.301596465625 0.461129153125