21 1 0.7002604171875 0.9875 0.6940104171875 0.9359375 0.68984375 0.925 0.710677084375 0.925 0.735677084375 0.9125 0.7377604171875001 0.5890625 0.71484375 0.5671875 0.70859375 0.5625 0.66484375 0.3546875 0.6502604171875 0.3546875 0.6377604171875 0.340625 0.63359375 0.3171875 0.6502604171875 0.1734375 0.8065104171874999 0.20625 0.8190104171874999 0.109375 0.94609375 0.0938251203125 1 0.54658203125 1 0.5421875 0.99609375 0.5421875 0.9690104171874999 0.4671875 0.9356770828125001 0.45625 0.9169270828125 0.3171875 0.8940104171875 0.3265625 0.8752604171874999 0.4046875 0.7877604171875 0.4203125 0.785677084375 0.5078125 0.8315104171875 0.5140625 0.8544270828125 0.5515625 0.8315104171875 0.5921875 0.8315104171875 0.6484375 0.8544270828125 0.640625 0.8794270828125 0.65625 0.89609375 0.6609375 0.92109375 0.6188887750000001 1 0.841943359375 1 0.771875 0.9252604171875 0.771875 0.8919270828125001 0.975 0.8752604171874999 0.984375 0.86484375 1 0.8044270828125001 1 0.7002604171875
2 0.6234375 1 0.665625 0.91875 0.659375 0.9083333328125001 0.6625 0.8979166671875 0.64375 0.8833333328125 0.653125 0.8520833328125 0.5875 0.8270833328125 0.546875 0.8291666671875 0.525 0.8416666671874999 0.50625 0.8229166671874999 0.44375 0.7979166671875 0.409375 0.775 0.3578125 0.8375 0.3109375 0.8770833328125001 0.3046875 0.8979166671875 0.4796875 0.925 0.471875 0.9354166671874999 0.5078125 0.9458333328125 0.5390625 0.9666666671874999 0.5453125 0.975 0.546875 1 0.6234375 1
9 0.8347553453125001 0.9984375 0.999990234375 0.9984375 0.9984375 0.79140625 0.9921875 0.83515625 0.978125 0.8684895828125001 0.76875 0.8872395828125 0.7640625 0.9205729171874999 0.8347553453125001 0.9984375
19 0.815625 0.63125 0.8328125 0.6791666671875001 0.834375 0.7333333328125 0.903125 0.7354166671875 0.9140625 0.7291666671875 0.928125 0.6958333328124999 0.9609375 0.6645833328124999 0.965625 0.6166666671875001 0.946875 0.5458333328125 0.9296875 0.5375 0.8921875 0.54375 0.890625 0.43333333281249997 0.9015625 0.36875 0.6828125 0.35208333281250004 0.6765625 0.35625 0.68125 0.4125 0.66875 0.5375 0.6328125 0.5125 0.6109375 0.5145833328125 0.59375 0.5625 0.59375 0.63125 0.6109375 0.6458333328125 0.6421875 0.59375 0.678125 0.5729166671875 0.75 0.5729166671875 0.7921875 0.6 0.815625 0.63125
5 0.6015625 0.6703125 0.6 0.7119791671875 0.8270507671875 0.728125 0.834375 0.728125 0.834375 0.666145834375 0.803125 0.6057291671875 0.75625 0.572395834375 0.6859375 0.566145834375 0.6515625 0.5828125 0.625 0.6119791671875 0.6015625 0.6703125
19 0.5953125 0.5729166671875 0.6 0.5375 0.5 0.5333333328125 0.496875 0.5229166671875001 0.5109375 0.48541666718750004 0.5046875 0.4291666671875 0.41875 0.425 0.4140625 0.43125 0.43125 0.4479166671875 0.4375 0.4770833328125 0.4375 0.5375 0.4203125 0.54375 0.4078125 0.5354166671875 0.3890625 0.47291666718750003 0.365625 0.48125 0.3578125 0.5333333328125 0.3578125 0.6416666671875 0.3640625 0.65 0.5703125 0.6625 0.575 0.6291666671875 0.5703125 0.6229166671875 0.5703125 0.58125 0.5953125 0.5729166671875
15 0.396875 0.5122395828124999 0.40625 0.5372395828125 0.4291015625 0.540625 0.4344769015625 0.540625 0.440625 0.4934895828125 0.4328125 0.4497395828125 0.396875 0.41223958281249995 0.384375 0.44140625 0.3828125 0.4622395828125 0.396875 0.5122395828124999
15 0.9609375 0.459895834375 0.9375 0.47864583437499997 0.9265625 0.534895834375 0.9453125 0.5453125 0.9515625 0.572395834375 0.9650390609375 0.584375 0.965859375 0.584375 0.984375 0.5432291671875 0.984375 0.5244791671875 0.9953125 0.5140625 0.996875 0.4890625 0.9921875 0.4703125 0.9609375 0.459895834375
15 0.553125 0.43567708437499997 0.5046875 0.42317708437499996 0.509375 0.48567708437499996 0.4953125 0.5315104171875 0.5859375 0.5390625 0.5954427078125 0.5390625 0.5984375 0.52109375 0.590625 0.491927084375 0.590625 0.4440104171875 0.5953125 0.42109375 0.5875 0.41901041718750004 0.553125 0.43567708437499997
19 0.8962890703124999 0.540625 0.925 0.5369791671875 0.9421875 0.47864583437499997 0.9578125 0.46197916718750004 0.89375 0.45364583437499995 0.8921968 0.540625 0.8962890703124999 0.540625
19 1 0.6807291671875 0.9890625 0.6786458343749999 1 0.6494791671875 0.9984375 0.503645834375 0.984375 0.5244791671875 0.971875 0.5640625 0.959375 0.5765625 0.971875 0.5932291671875001 0.971875 0.6369791671875 0.965625 0.6578125 0.9484375 0.6786458343749999 0.95 0.6890625 0.99687499375 0.696875 1 0.696875 1 0.6807291671875
19 0.6140625 0.5145833328125 0.63125 0.5125 0.6625 0.5375 0.671875 0.5375 0.68125 0.44166666718750003 0.5953125 0.4375 0.5875 0.46875 0.596875 0.5354166671875 0.60625 0.53125 0.6140625 0.5145833328125