21 1 0.48690704531250006 0.9962618359375 0.4155786328125 0.886491565625 0.4109004859375 0.87063601875 0.4367657484375 0.6772605796875 0.44898631875 0.5862146125 0.443326875 0.5650576828125 0.427746121875 0.349401090625 0.432789628125 0.032975384375 0.45563137343750004 0.024049365625 0.4644439359375 0.031817265625 0.49324353125 0.0498534765625 0.5089878328124999 0.216744065625 0.5586548546875 0.1931501234375 1 0.23609852031249998 1 0.262520446875 0.7753060171875 0.27451858281249997 0.6161266000000001 0.28347849375 0.5781055687500001 0.5753819484375 0.6546000203125 0.7471716796875 0.7081826734375001 0.7585376765625 0.80563805 0.7649028515625 0.9868032031249999 0.8678865218749999 0.9814060578125 0.8619574796875 0.8085628171874999 0.8665295234375 0.8062370140624999 0.8704134734375 0.8206368109375 0.8733573703124999 0.8768097218750001 0.8829375890625 0.8804800296874999 0.893198546875 0.7777188500000001 0.9556467859375 0.74523938125 1 0.736455315625 1 0.48690704531250006
11 0.8409727359374999 0 0.5237572234375001 0.0875142625 0.53266405625 0.2873219453125 0.6488938281250001 0.29583394687500003 0.6807625546875 0.3963872046875 0.8292555953124999 0.39355972031249997 0.8685412984375 0.39150084375 0.8930317625 0.2371429875 0.894281175 0 0.8409727359374999 0
9 0.7693556328125 0.41495312812499996 0.768122375 0.42127633906249995 0.78448919375 0.4350219359375 0.8512763171875 0.43308641562499994 0.8736571062499999 0.43191348749999997 0.912860028125 0.2572265296875 0.9069953343750001 0.233021125 0.9066377515624999 0.2330398640625 0.8956960828125 0.2581260546875 0.8645375109375 0.40996485781249997 0.827416003125 0.41816889062499996 0.7693556328125 0.41495312812499996
2 0.73962704375 0.4149464921875 0.728050334375 0.40303604687499994 0.659067453125 0.400392709375 0.6500324015625 0.40712479375 0.5906297390625 0.4081517640625 0.57411999375 0.4215341578125 0.573540934375 0.4403402359375 0.6974065390625 0.44740896562500004 0.7084404921874999 0.44683070156250004 0.7189813890625001 0.43897660156249996 0.779835375 0.43578737968750003 0.776278525 0.4276290171875 0.73962704375 0.4149464921875
5 0.148687925 1 0.1689338984375 0.9301557578124999 0.18043546875 0.9107772546874999 0.20216410312500002 0.817846040625 0.20680393125 0.7571032984375 0.20237481562499998 0.732301109375 0.12909815625 1 0.148687925 1
5 0.12665913281250002 0.60118824375 0.15032382500000002 0.6646199921875 0.17892155468749998 0.7027589062499999 0.1990867515625 0.7176093078125 0.2029632671875 0.7174061484375 0.20777124218749998 0.7158503046875 0.21675769531250003 0.5589149156250001 0.11337178437499999 0.526781678125 0.12665913281250002 0.60118824375
3 0.5242080625 0.27524795 0.512631353125 0.26333750624999996 0.49212862343749997 0.2602396234375 0.4898389265625 0.21654958125 0.49059480468750005 0.1414070421875 0.522926203125 0.1313678546875 0.522632996875 0.0959179515625 0.41957418593750007 0.0700261484375 0.086155734375 0.1763800453125 0.08802962812500001 0.2522108609375 0.22643152031249997 0.2658194484375 0.23935052343750002 0.2734871609375 0.269004690625 0.36163932656250003 0.283920184375 0.3775471765625 0.28755217499999997 0.41699448749999996 0.2981136921875 0.4393891 0.3835841296875 0.43569210468749997 0.5264545546875 0.42820458281249996 0.5300619640625001 0.41680224218750006 0.503017240625 0.28887566875 0.521523478125 0.2837334125 0.5242080625 0.27524795
5 0.054553739062499995 0.3001222640625 0.0921599796875 0.45044344843750006 0.2950066046875 0.43981270781250004 0.25493384531249996 0.302137940625 0.23602536875000002 0.269749815625 0.039126971875 0.24460355156250002 0.0333216703125 0.253252565625 0.054553739062499995 0.3001222640625
5 0.36911799218749997 1 0.3721963921875 0.9573154593750001 0.4093105453125 0.8594055390625 0.4690064140625 0.893828475 0.508895 0.9981338140625 0.5277283374999999 0.9992329921875 0.4477669921875 0.7572528875 0.45346326093749995 0.746523396875 0.5139150078125 0.7058037921875 0.5175057515625 0.6847536859375001 0.3829465609375 0.6250474765625 0.341974996875 0.5896432421875 0.28170006875000003 0.5740263859375 0.2694765125 0.6393389593750001 0.25682417812499997 0.7860355078125 0.2584596765625 0.81724268125 0.26335881875 0.8211583109375 0.262159453125 0.798273053125 0.2834932015625 0.7575173421875 0.28973463593750004 0.7571902421875001 0.2928966 0.8175241109375 0.2725029046875 0.81650670625 0.269927353125 0.827072646875 0.27671395468750004 0.8371479374999999 0.2598771078125 0.844288896875 0.2530905078125 0.8342136046874999 0.2510601234375 0.8551819374999999 0.25149625625 0.8635038500000001 0.26419719218750004 0.8670106078125001 0.2897832359375 0.907393546875 0.291493875 0.9698896671874999 0.3053190359375 0.9649927375 0.3101430390625 0.9376194203124999 0.331409 0.9552806500000001 0.30883463906249997 0.9126536828124999 0.31024471875000004 0.8499940109375 0.3231976140625 0.8284532562500001 0.33031131406249997 0.8447699828124999 0.3387407671875 0.9757583343749999 0.34461424687500003 1 0.36911799218749997 1
5 0.625681771875 0.718722075 0.6697062671875 0.8123796984375 0.67374785 0.9790632796875001 0.6849974609375 0.9847322890625 0.686761178125 0.809399696875 0.729973840625 0.73829066875 0.7504765703125 0.7413885515625 0.7500743296875 0.70385816875 0.6451280609375 0.67180670625 0.6281821828124999 0.6768671859375 0.6182748640625 0.6669554453125001 0.58184145 0.658433878125 0.52488611875 0.8554346718750001 0.5256493515625 0.8699980187499999 0.5363537953125 0.8652646390625 0.568350740625 0.7592781296875 0.5921171140625 0.7350844703125 0.625681771875 0.718722075
5 0.5952835578125 0.4073863203125 0.6485538171874999 0.4087669296875 0.6760951078125 0.3968925890625 0.65769055 0.3144094359375 0.6472380656250001 0.294095303125 0.5103492828125 0.28510135000000003 0.5055706890625 0.28535178437500003 0.5001282203125 0.293460234375 0.5307242343749999 0.43111010624999996 0.5704836875 0.42902640156249994 0.5952835578125 0.4073863203125
3 0.35218215625 0.6052763 0.3831373703125 0.6286883140625 0.557901603125 0.7003692640625 0.5607572656250001 0.7002196046875 0.572854278125 0.695934790625 0.5834835828125 0.6599124609375 0.3499675984375 0.59287520625 0.35218215625 0.6052763
19 0.072702934375 0.9748366640624999 0.11338129374999999 0.9747909937499999 0.136820565625 0.9443559 0.1403022765625 0.921225315625 0.12928991875 0.7110970171875 0.11582574999999999 0.6930269140624999 0.006450365625 0.6361732625000001 0.0251359375 0.9927152140625 0.0289149296875 0.992517165625 0.072702934375 0.9748366640624999