11 0.7566227671875 0 0.5604753734375 0.0770506734375 0.58395805625 0.2778197203125 0.6819198828124999 0.2787787359375 0.7135348875 0.36900687187500003 0.72059389375 0.374326215625 0.8458271234374999 0.3672448703125 0.8576255859374999 0.3613790890625 0.8757219109375001 0.2094654875 0.8829760656250001 0.19371933125000002 0.9075376203125 0.21130550312500002 0.9089873390625 0.221620796875 0.8928258265625001 0.36484724687500003 0.9289934734375 0.36397183125 0.9239640734375 0.373093896875 0.9539425453125 0.3730883125 0.9257473859375001 0 0.7566227671875 0
21 1 0.46503659375 0.9870156031249999 0.3726478125 0.901044609375 0.378418825 0.8863439281250001 0.3973153296875 0.865551646875 0.40654891718749997 0.793506296875 0.4103628078125 0.6486405625 0.434929975 0.5716633875 0.4373331828125 0.5445871343750001 0.424308040625 0.5133513140625 0.42659414218749997 0.0377522109375 0.489227621875 0.029338279687500003 0.4967215453125 0.031657831250000004 0.5132260140625 0.055541923437499995 0.5372188203125 0.13067908125 0.566631321875 0.2059138140625 0.585511075 0.222766215625 1 0.26506486875 1 0.26799516093750003 0.6230698734375 0.276796609375 0.607106259375 0.6262787609375 0.713671496875 0.65932959375 0.982521471875 0.7568091078125 0.9688216203125 0.7384561765625001 0.714736446875 0.7499646953125 0.7068076078125001 0.9263589734375 0.648356090625 0.9481047703125001 0.8030854765625 0.94887425 0.8534687125 0.9649270765625 0.8554202500000001 0.9674501109375001 0.7498752875 0.953630375 0.6403157296875001 0.96020706875 0.63097620625 1 0.6155942390625 1 0.46503659375
5 0.611084653125 0.852554371875 0.631110234375 0.759276240625 0.627863375 0.7139747453124999 0.6215381484375 0.7148636984375 0.5975465265625 0.8460418031250001 0.6009956828125 0.8597577546874999 0.6019535296875 0.8596231390625 0.611084653125 0.852554371875
5 0.8322026609375 0.67447471875 0.8237887296874999 0.6819686421875 0.8373240781250001 0.722142521875 0.801159209375 0.6893566296875 0.7906180968750001 0.6929418921875 0.7668260234375001 0.7257389546875 0.759089553125 0.7268262453125 0.7487435890625 0.709346009375 0.7412970640625 0.71249635625 0.74574101875 0.7665707937499999 0.7388743812499999 0.7738472578125 0.746898015625 0.8084843359375 0.7583089609375 0.811088246875 0.75879683125 0.758424496875 0.7881981921875 0.720631484375 0.8300699234375 0.737888678125 0.8552113640625001 0.7596009687499999 0.9083881312500001 0.890978753125 0.916166621875 0.90382328125 0.924292678125 0.9026812390625001 0.9229912375 0.8826149984375 0.8568590109375 0.7151894515625 0.8402290750000001 0.6754504875 0.8322026609375 0.67447471875
5 0.5542249499999999 0.3806144109375 0.564860859375 0.40015770625 0.6238388765625 0.3973913796875 0.6333160703125 0.396059446875 0.643482903125 0.387004290625 0.6666923109375 0.3837424203125 0.7140171046875 0.38471765625 0.7186935328125 0.3840604265625 0.6943567859375 0.2999097484375 0.6815936953125 0.2764577953125 0.5291866390625 0.28104675156250003 0.5542249499999999 0.3806144109375
5 0.21502843125 1 0.21990369531249998 0.976956915625 0.220681509375 0.9263562234375 0.2120779859375 0.887593028125 0.19487882031249998 1 0.21502843125 1
5 0.19961873125000001 0.6978975859375 0.2100622703125 0.704845071875 0.2059138140625 0.585511075 0.149826496875 0.56814794375 0.147891684375 0.5768350921875001 0.1719653671875 0.64708501875 0.19961873125000001 0.6978975859375
5 0.0929417890625 0.3991597671875 0.1091814296875 0.48102973281250005 0.24281661875 0.46356341093750003 0.322724796875 0.4523330484375 0.2792972921875 0.3329968671875 0.258025475 0.293910278125 0.0525281140625 0.29123393750000004 0.0929417890625 0.3991597671875
5 0.40944248125 1 0.379930071875 0.7795876828125 0.4555551015625 0.7563364328125 0.5658828859375 0.9940766953125 0.584493890625 0.9914610890625 0.47915202656250006 0.7446048703125 0.544238721875 0.6912775765625 0.4213306015625 0.6475407703125 0.265639365625 0.6063075234374999 0.266015771875 0.7324830703125 0.34666464375 0.7674323734375 0.37372700625 0.9487640624999999 0.385460746875 1 0.40944248125 1
19 0.09653096718750001 1 0.1671758203125 0.9722704421874999 0.19870158437500002 0.9720473999999999 0.208180496875 0.9496771531249999 0.21833964843749998 0.8872389609375 0.1914696546875 0.71850308125 0.0784279640625 0.643926334375 0.0310445203125 0.621132340625 0.012187050000000001 0.6216787765625 0.06535663124999999 1 0.09653096718750001 1
9 0.878370428125 0.1946295859375 0.8535022609375 0.37694821093750003 0.746159096875 0.38782669531249997 0.7253668140625 0.3970602828125 0.7638540125 0.412689334375 0.8546481203124999 0.40755535624999994 0.8663978609375 0.40590403750000004 0.889184815625 0.39507523906249997 0.9105708765625 0.2216612203125 0.9017722046875001 0.20396352499999998 0.878370428125 0.1946295859375
2 0.7192389703125001 0.38713948125000003 0.7028962 0.3831248859375 0.6432292015625001 0.3851991140625 0.62427415625 0.39627829999999997 0.578242859375 0.3943323484375 0.5552258218749999 0.4101900265625 0.5522260296875 0.4337535015625 0.65637703125 0.43384268437499995 0.687322909375 0.429493525 0.6889677765625 0.4187433171875 0.7493122375 0.41026245625 0.7225259281249999 0.39930037500000004 0.7192389703125001 0.38713948125000003
3 0.1938949890625 0.1856359625 0.20095399687499998 0.19095530624999998 0.16198170625 0.194328696875 0.17861442031250002 0.2004063515625 0.15695230625 0.2034507625 0.1527927390625 0.21876200468749998 0.1708751734375 0.2351549515625 0.18334554218750002 0.29020515625 0.2580979609375 0.294426040625 0.300254078125 0.3810689125 0.3583737828125 0.37921214375 0.363595553125 0.3826858875 0.3687169703125 0.43035369062499995 0.404884615625 0.42947827343749995 0.3670721015625 0.4411038984375 0.4070567625 0.44521452968749997 0.4157022515625 0.4439994859375 0.4391174515625 0.43729000625000003 0.4311886125 0.4257814875 0.41571567343750004 0.4279560671875 0.4031532875 0.31611599375 0.4765535609375 0.2994888359375 0.4833226234375 0.302745121875 0.49762467343749994 0.42696354375 0.548975315625 0.42185049062499996 0.5590341140625 0.40360636093749996 0.5567145625000001 0.3871018921875 0.5264544812499999 0.2840604890625 0.5534359390625 0.2739570703125 0.5403912390625 0.147458128125 0.5432934578124999 0.13442740312499998 0.5653430890625 0.1229133 0.5604140421875 0.08784130625 0.478022728125 0.0741749609375 0.45481332031250005 0.0774368296875 0.2397339171875 0.17498610781249999 0.1938949890625 0.1856359625