4 0.0673623546875 0.6772417015625 0.0720698875 0.703007459375 0.0799013703125 0.7097412359375 0.08552322500000001 0.7104315125 0.19845069375 0.712228134375 0.2126347828125 0.69927686875 0.2237786515625 0.595696225 0.24806354531250002 0.4748382859375 0.28335487656249997 0.1874134625 0.26471714999999996 0.1725311640625 0.150715684375 0.15223660781249998 0.1318790359375 0.164616609375 0.0673623546875 0.6772417015625
7 0.066854565625 0.681377309375 0.07882770312500001 0.70960940625 0.084101609375 0.710256959375 0.200001546875 0.7124185562500001 0.2123808875 0.701344675 0.22301696875000002 0.6018996390625 0.24806354531250002 0.4748382859375 0.2836087703125 0.1853456578125 0.2616154421875 0.1721503234375 0.15226653750000002 0.1524270296875 0.1318790359375 0.164616609375 0.066854565625 0.681377309375
4 0.5185402515625 0.618245034375 0.5616827640625 0.6130473765625 0.5670145484375 0.5696234812500001 0.5724287921875 0.56399133125 0.6342090312499999 0.57367596875 0.655131809375 0.5699480265625 0.65465150625 0.586680884375 0.688543871875 0.60553519375 0.686258821875 0.624145434375 0.8640716828125001 0.6375821937499999 0.9041674625 0.6571981874999999 0.9219885328125 0.653089403125 0.9342304406249999 0.579029284375 0.9285348171875001 0.574131990625 0.7945986656249999 0.5366969125 0.578240878125 0.5038345796875 0.5471963234375 0.48742891562499996 0.4965259515625 0.4770094171875 0.37711024375 0.4623470125 0.370399040625 0.4657209375 0.346676909375 0.6076377640625 0.3397118125 0.61307949375 0.22624562187500002 0.6012465765624999 0.21583595 0.6860265609375 0.32851296875 0.69146564375 0.34114801250000004 0.7087593734375 0.371361946875 0.712469178125 0.511259771875 0.7160031078125 0.5197482359375 0.6981545515625001 0.5278728578125 0.6319848078125 0.5185402515625 0.618245034375
13 0.306564409375 0.44712576562499995 0.30033350937500003 0.43376683437499997 0.25846046718750004 0.4286254703125 0.2535540125 0.43012201406250006 0.2281209359375 0.5988531125 0.2355773390625 0.5997686437499999 0.3480056046875 0.6096375140625 0.36913381875 0.4632042390625 0.3535977984375 0.4487027828125 0.306564409375 0.44712576562499995
4 0.935474971875 0.26118680625 0.8168209453124999 0.2403209875 0.5044816859375 0.15579301406249998 0.4300132375 0.134055565625 0.416535859375 0.115608921875 0.172969421875 0.0479211046875 0.16052859375 0.1492435234375 0.2828196 0.1789518234375 0.26707814375 0.3071557015625 0.2725198734375 0.31412079843749996 0.386775234375 0.33234755 0.3987033859375 0.332332515625 0.4195481484375 0.3388251109375 0.431988053125 0.34166359687500003 0.447512409375 0.3377061578125 0.5012844875 0.348506496875 0.5131560390625001 0.3415682265625 0.5209377921875 0.355117578125 0.594870965625 0.36839338593750004 0.6036408093750001 0.3610742734375 0.62437118125 0.269165596875 0.7885352296875 0.3040152578125 0.7942308546875 0.3089125515625 0.7761558890625 0.3150891390625 0.76904684375 0.372987665625 0.7757855328125001 0.38221098750000004 0.76391398125 0.389149259375 0.7455511203125 0.5002394390625 0.7918503140625 0.5206171171875 0.8593896390625 0.5346820937500001 0.86985791875 0.5359674375 0.8828428734375 0.5359875546875 0.8885110109375001 0.5282876 0.9365455234375 0.2781100828125 0.935474971875 0.26118680625
10 0.252320528125 0.4273468359375 0.2675751671875 0.43131885 0.2647548421875 0.44146745000000004 0.3295381625 0.45073370468749996 0.3685244796875 0.45552062187500003 0.385474025 0.342945046875 0.34487045625 0.3274646625 0.2678355765625 0.3138080109375 0.252320528125 0.4273468359375
6 0.374876865625 0.45341450156249996 0.36786303125 0.5105375999999999 0.40828214999999995 0.5155004437499999 0.7999206328125 0.5559788046875 0.8042918125 0.5460206234375 0.88362756875 0.5552389421874999 0.88423673125 0.5502777062499999 0.8834793859375001 0.5407924015625001 0.78303268125 0.5140246281249999 0.74837863125 0.5013737296875 0.374876865625 0.45341450156249996
18 0.4622170703125 0.48906390312500003 0.564720834375 0.4985565296875 0.5647931609375 0.49796746875000003 0.5329298578125 0.480190609375 0.4124424609375 0.4680187359375 0.43455323906250004 0.4856672125 0.4622170703125 0.48906390312500003
20 0.6201816421874999 0.49560326874999994 0.6563282265625 0.511323521875 0.7130312937500001 0.5182857828125 0.7445312921875 0.5213663796875 0.7201979406250001 0.5015867890625 0.6398074609375 0.4896171015625 0.6201816421874999 0.49560326874999994
21 0.6681649109375 1 0.704813809375 0.7935548875 0.8244559265625 0.793552240625 0.8183624593750001 0.84317955 0.8338709921874999 0.8450837578125 0.8451248093749999 0.791892103125 0.8926659875 0.789333509375 0.912634675 0.7036282468749999 0.9327957687499999 0.7061037171875 0.9395344578125 0.715327040625 0.9772627281249999 0.71576153125 0.9810711453125001 0.6847444640625 0.958570028125 0.6756847390625 0.9511246281249999 0.697859325 0.9348544109375 0.70215853125 0.928115721875 0.6929352078125001 0.9285685390625 0.6636051046875 0.8703703078125 0.6375684500000001 0.8315989734375 0.6328079296875 0.6848031796875 0.6231795875 0.659001434375 0.64100131875 0.6326369265625 0.6377641640625 0.6145069890625 0.6187462578125 0.5206941046875 0.6135244203125 0.5181276734375 0.6216052171875 0.52796806875 0.6312093812499999 0.48847699375 0.8887328374999999 0.5037316328125 0.8927048515625 0.5338011265625 0.6990929125 0.5378909234375 0.6786052890625001 0.542543484375 0.6791765515625 0.68025405 0.7884403484375 0.6587619953125 0.8865524406249999 0.6477071015625 0.9124817937499999 0.657801390625 0.9200181531249999 0.6442317125 1 0.6681649109375 1
5 0.5799609015625 0.5667527640625 0.5670187984374999 0.556767759375 0.55685363125 0.6140286671874999 0.5642063546875 0.6149314671874999 0.61599436875 0.6194536312500001 0.6169549734374999 0.5859879171875 0.6575310562500001 0.5888710546875 0.65981610625 0.5702608140625001 0.6463662140624999 0.5644114171875 0.6422489296875 0.5723017953125 0.6202830875 0.57170370625 0.5799609015625 0.5667527640625
5 0.6353807484375 0.8590185828125 0.652213728125 0.8757782640625 0.6473897328125 0.91506655 0.659542665625 0.9186577203124999 0.681995325 0.78707991875 0.5945023140625 0.717565721875 0.5616805 0.7156346874999999 0.56421944375 0.69495664375 0.5497264875 0.6847812156249999 0.5162739078125 0.86748286875 0.528680734375 0.8690062359375 0.5327705328125 0.8485186109375 0.5405247984375 0.849470715625 0.566690384375 0.8799701703125 0.5603155359375 0.919068034375 0.5743787328125001 0.9247303625000001 0.5753605265624999 0.9248509125 0.5862887171875 0.8613867546874999 0.60774676875 0.8661204515625001 0.6118640531249999 0.858230075 0.6353807484375 0.8590185828125
5 0.8706869078125001 1 0.8782447265625001 0.945248584375 0.905117021875 0.94435013125 0.8984882796875 0.9855157984374999 0.9134890234374999 0.9915556171875 0.9227116843750001 0.9549063984374999 0.9480331281250001 0.9538175234375 0.972660890625 0.7532404890625 0.9284753125 0.75411211875 0.934060990625 0.7086204203124999 0.9113059796874999 0.7016284984375 0.88953254375 0.78921114375 0.8528473390625001 0.793102684375 0.84520301875 0.8425395703125 0.8327961921875 0.8410162031249999 0.8353076500000001 0.8077409093749999 0.827779790625 0.7921237546875 0.818330721875 0.8434380234375001 0.7738912499999999 0.846377459375 0.7719150671875 0.8881143890625 0.750922534375 1 0.7679472890625 1 0.7687793593750001 0.9905793359375 0.7736858140625 0.9890827921875 0.7892558359375 0.9007384625 0.85241549375 0.9504730703125001 0.8471523921875 1 0.8706869078125001 1