11 1 0.07322331875 0.93621351875 0.06312053281249999 0.750245590625 0.1285847125 0.69299169375 0.4401305421875 0.7688512249999999 0.4605827234375 0.77582946875 0.47645308281250004 0.847783525 0.4997143125 0.8680388156250001 0.5029224359375 0.9350252031249999 0.5101044203125 1 0.2105889875 1 0.07322331875
5 0.9267251062499999 1 0.9711578109375001 0.71146505625 0.8637717453124999 0.8800753796875 0.795954434375 0.8587876624999999 0.5219533968750001 0.8807785328125 0.509846934375 0.8872982671875 0.6243360140624999 0.98347574375 0.614243171875 1 0.9267251062499999 1
21 0.75276178125 0.13267451875 0.66212143125 0.105662684375 0.489630703125 0.18591725625 0.4821540296875 0.19317027656250002 0.477831 0.23045301875000002 0.586664603125 0.2624556828125 0.5903166765625001 0.269362021875 0.58355893125 0.30204053750000004 0.621488696875 0.3122666265625 0.6103025140625 0.432834446875 0.61428049375 0.4376831 0.7519412453125 0.46871461875 0.7714892375 0.4718107171875 0.7699104171875 0.45389524843749995 0.70209310625 0.43260753125000007 0.697223675 0.4233990796875 0.75276178125 0.13267451875
3 0.61058768125 0.431033971875 0.623173428125 0.44146456875 0.687990475 0.4517305796875 0.7520692343750001 0.13704709531249998 0.6670363874999999 0.10459549531250001 0.4880467015625 0.18593003749999998 0.482439196875 0.19136980312500002 0.4781161671875 0.22865254375 0.544390215625 0.2496958328125 0.5480422890625001 0.256602171875 0.5390894703125 0.2931516265625 0.62055650625 0.308164040625 0.6237964125000001 0.32766091249999996 0.61058768125 0.431033971875
5 0.608141528125 0.43644712031250005 0.6254259375 0.31737249218749997 0.6217738640625 0.31046615312500003 0.560673571875 0.299206840625 0.5397430828124999 0.2958917765625 0.53128689375 0.30246233125 0.497603575 0.41524835 0.5942588234375 0.434248315625 0.608141528125 0.43644712031250005
5 0.5251859609375 0.6606047640625 0.520958875 0.8371166562499999 0.53419643125 0.8434318828125 0.5326340234375 0.8832611671875 0.5434368640625 0.8849721687500001 0.54913063125 0.868999553125 0.54670538125 0.674559615625 0.5489867171875 0.660155828125 0.5835903140625 0.66141789375 0.5978918484375 0.6510272203125 0.5898016562499999 0.5822481859375 0.5931469703125 0.5511384968749999 0.4154320796875 0.5145540125 0.40860721718750004 0.517691665625 0.3899635078125 0.6054387921875 0.394181128125 0.6187626125000001 0.4172438109375 0.63296189375 0.42178733749999997 0.6442280296875 0.4095946125 0.6612806140624999 0.3553504453125 0.7940124375 0.3537209203125 0.8043008593750001 0.360785425 0.8096383703125 0.357852278125 0.8281575265625 0.3323165890625 0.8895014437500001 0.32555884375 0.922179959375 0.3277107875 0.9235754453125 0.3305768453125 0.924029384375 0.339860378125 0.9117892859375001 0.442827471875 0.6412325531249999 0.48636474218750003 0.6460188765625 0.5251859609375 0.6606047640625
5 0.0224510859375 0.3188985640625 0.07305286093749999 0.3290224015625 0.0793121765625 0.31946726718749996 0.1183921828125 0.30245460625 0.17475484218749998 0.3261466921875 0.1835734265625 0.23051550937499998 0.18000761406250002 0.2130763234375 0.0480250671875 0.17740722343749998 0.0224510859375 0.3188985640625
5 0 0.6126380671875 0.0031005765625 0.6108724109375 0.0054681765625000005 0.5859357734375 0.090108 0.5909041953124999 0.0915458546875 0.6417551859375 0.08552618281249999 0.6597854843750001 0.091612971875 0.6712960484375 0.0910762515625 0.77456685625 0.09781485 0.7819620515625 0.1037482609375 0.774464603125 0.10648005468749999 0.66732285625 0.11006501093750001 0.6446883328124999 0.11502070625000001 0.6433639343750001 0.12132799218749998 0.7034233765625 0.11246143593749999 0.72943998125 0.1243953734375 0.7439859453125 0.1340768 0.8826239859375 0.13764261093750002 0.900063175 0.1422616171875 0.9021130671875 0.1452709796875 0.9025897031250001 0.15137859843749998 0.8832550203125 0.1311242921875 0.6016191421875 0.1342970796875 0.5915751515625 0.17450818125 0.5873974515625 0.1928739578125 0.571322584375 0.16350398906250002 0.49706386093750005 0.1640024203125 0.473940478125 0.003263421875 0.44004471250000005 0 0.462426746875 0 0.6126380671875
21 0.526884834375 0.42014970937499996 0.3367375765625 0.39214264375 0.28930859062500003 0.37197481718750003 0.1241794453125 0.3458209296875 0.022736253125 0.3170980921875 0.002856040625 0.44261681875000003 0.008703187499999999 0.44565221875 0.5108292203125 0.5315090765625 0.6727855765624999 0.5677069546875 0.670983525 0.599061071875 0.643061090625 0.7254153390625 0.64352123125 0.78243938125 0.63072466875 0.8732219078125001 0.6339567765624999 0.8771614390625 0.6388759281249999 0.8779405562499999 0.64583139375 0.87772388125 0.6546116859375 0.8622401234374999 0.700717690625 0.5911146875 0.70860653125 0.571271134375 0.987611234375 0.6175704390625001 0.9993438187500001 0.5434938140625001 0.7660043421875 0.4685690296875 0.526884834375 0.42014970937499996
2 0.117745159375 0.2965515453125 0.0854900140625 0.31042655468749997 0.07427500625 0.3213060859375 0.07418874375 0.331838934375 0.0811502078125 0.34032408125 0.1633289015625 0.3533399078125 0.244513225 0.3651435890625 0.23364326562499999 0.3338917234375 0.1691521234375 0.321568028125 0.117745159375 0.2965515453125
9 0.2959345484375 0.36010478749999997 0.29210995 0.374264146875 0.3596013546875 0.39760955 0.49353933281250006 0.4209325453125 0.5471508359375 0.252242375 0.4022566375 0.2082003640625 0.3542526390625 0.3714507671875 0.2959345484375 0.36010478749999997
3 0.5929025421875 0.552681759375 0.59062120625 0.567085546875 0.5964300625 0.6502683703125001 0.55735005625 0.6672810328125001 0.62862776875 0.7566145 0.6486039265625 0.7703249234375 0.6528406921875 0.74357503125 0.6465142609375001 0.723589303125 0.677456103125 0.5681830296875 0.6046830984375 0.548219709375 0.5929025421875 0.552681759375
21 0.5894757515625 0.58430586875 0.5972400390625 0.6551425890625 0.5563771265625 0.6634356546875 0.5553994109375 0.6696087078125 0.62180769375 0.7497337234375 0.6412350828125 0.7644118843750001 0.643107003125 0.7647083671875 0.6487141203125 0.709699934375 0.6777005328125 0.5666397671875 0.5965594015625 0.54956966875 0.5894757515625 0.58430586875
3 0.722522203125 0.86271324375 0.7297534906250001 0.8638585671874999 0.7894554765625 0.8598676296875001 0.8637717453124999 0.8800753796875 0.9592047296875 0.7369928031249999 0.9787590375 0.6135317609375 0.7244465421874999 0.5711433171875 0.706492934375 0.5746276515625001 0.6687742015625 0.8027861515625 0.722522203125 0.86271324375
21 0.7070225296875 0.5712839140625 0.66832608125 0.8056154671875 0.7253745109375 0.8663289578125 0.7311385921875 0.8672419 0.8001361031249999 0.8623502640625 0.8537381421875001 0.88349580625 0.86673605625 0.8813358687499999 0.9716011453125001 0.71865416875 0.9878964015625 0.615769965625 0.7153906546875 0.568390690625 0.7070225296875 0.5712839140625
5 0 0.9254583656250001 0.038771378125 0.9315991484374999 0.109796759375 0.866122590625 0.1279228921875 0.8415725593750001 0 0.8178690218750001 0 0.9254583656250001