14 0.7698465 0.556598359375 0.7737648625 0.5372264359375001 0.7658666484375 0.4857217453125 0.7757895031250001 0.43832583906249994 0.7759269359375 0.3753396 0.76554475 0.27796236875 0.7434074734375 0.23870090781250003 0.7412323703125 0.1697016765625 0.72704828125 0.1567504125 0.7066332937500001 0.157158078125 0.69185895625 0.1778629484375 0.6999560921875 0.2566299390625 0.6911312749999999 0.27450532031249997 0.6899507781249999 0.341817590625 0.6982743218749999 0.43524963281250006 0.7261137375 0.585056834375 0.73339421875 0.682814909375 0.7142212156250001 0.7061588453125001 0.7432319015625 0.718863865625 0.7648746171874999 0.716206475 0.7796109515625 0.7002289734375 0.7729547218749999 0.671660553125 0.7784239390625001 0.652098209375 0.7698465 0.556598359375
19 0.064106775 0.7193402828125001 0.07735774375 0.6862285859374999 0.0712093046875 0.6617957750000001 0.061650289062499995 0.6608704953125 0.060380817187500005 0.6505314734375001 0.083698590625 0.6224806640625 0.0930037109375 0.6213381390625 0.0929212515625 0.6591298828125 0.081756409375 0.6835895203125 0.085084525 0.6978737296874999 0.0627823296875 0.7341957578125 0.070763003125 0.7479087046874999 0.10302205625000001 0.7670365578125 0.1823145 0.7845873953125 0.3634829625 0.7728375984375 0.3929766625 0.7566223546875 0.43216680937499996 0.6783461515625 0.4484645140625 0.6700481093749999 0.4407652203125 0.6458057171875 0.45917653906250006 0.6162583671874999 0.44586407968749997 0.559121525 0.41563618281250003 0.5565361078125 0.40871954375 0.4104568484375 0.4127203671875 0.35329318125000003 0.279628359375 0.3591399296875 0.26922520156249996 0.38980298125 0.26860746562500004 0.4360563625 0.26054433125 0.4601351578125 0.26412634062499996 0.4764871734375 0.24907062343750003 0.5077214859375 0.24597543125 0.6235453625 0.2392642296875 0.6201714375 0.2112324078125 0.5585449687499999 0.192649653125 0.548232771875 0.056709832812500006 0.5565281671875 0.029810049999999998 0.5682269609375 0.0070275515625000005 0.5878161296875 0.02403848125 0.72635903125 0.0472737953125 0.736099965625 0.064106775 0.7193402828125001
21 0.3504092859375 1 0.3253126421875 0.8722407421874999 0.336731378125 0.8498489109375 0.33599718125 0.83104825 0.0337182078125 0.8051940765625 0.0576373671875 1 0.2461711421875 1 0.24907344843749998 0.9949465937499999 0.2806532765625 0.970079290625 0.2868842265625 1 0.3504092859375 1
5 0.5409081859375 0.44853719999999997 0.5024182328125 0.44276827812499997 0.483018821875 0.45144716249999994 0.4695414453125 0.4698938078125 0.4782013421875 0.5276019109375001 0.5016080921875 0.57720239375 0.5289067171874999 0.57516240625 0.5454232984375 0.573134425 0.5507825828125 0.5417788234375001 0.5689400078125 0.5101636671875001 0.5640885265625 0.48347263125 0.5409081859375 0.44853719999999997
9 0.5731775515625 0.44221366875 0.5640862609374999 0.38088531875 0.5039340859375 0.384597865625 0.49536915156249994 0.3856495078125 0.4978248953125 0.43100076875 0.5073564234375 0.4445232953125 0.5677624953125 0.4428785546875 0.5731775515625 0.44221366875
21 0.45961524374999996 0.48921628281249996 0.46896882656249994 0.48806780781250003 0.476534028125 0.46273828906250003 0.4757723453125 0.4565348765625 0.413230421875 0.4600161 0.41162459531250006 0.4854010171875 0.4201405453125 0.4906523265625 0.45961524374999996 0.48921628281249996
5 0.474253228125 0.45698377343749996 0.4838397296875 0.4453118046875 0.4719956640625 0.42577628437500004 0.4515806765625 0.42618395 0.4414863859375 0.43372030937500006 0.43522800000000006 0.45967648906249997 0.474253228125 0.45698377343749996
5 0.2465352734375 0.509082278125 0.26871542812500004 0.4753989609375 0.264653115625 0.44231408749999995 0.2455350859375 0.4404635296875 0.23775333281250002 0.45401288281249996 0.2460815046875 0.50913799375 0.2465352734375 0.509082278125
5 0.4495877734375 0.525343025 0.4152151046875 0.5274644796875 0.414679828125 0.53592611875 0.438949615625 0.5452776625 0.44111435468750004 0.5450118671874999 0.47902649999999997 0.5343222765625 0.46904215625 0.4914696453125 0.44527156718749994 0.4901903484375 0.4495877734375 0.525343025
5 0.7812672203125001 0.444474940625 0.7824542328125 0.4926057046875 0.77179718125 0.5212009515625 0.775633084375 0.539620771875 0.793763021875 0.5206028640625 0.7997675140625 0.49257888124999993 0.7975924109375 0.42357965000000003 0.78958425 0.4224639484375 0.7812672203125001 0.444474940625
21 0.6615026875 0.6486130125 0.648471609375 0.5809467265625 0.6559994687499999 0.5653295703125 0.6503588171875 0.5450323671875 0.6525274046875 0.49858856406249996 0.6954709968749999 0.47652392343749994 0.7027449609375 0.45883896249999995 0.6681458859375 0.446295365625 0.647195621875 0.45516467031249996 0.5515779890625 0.45850912343749994 0.5659884843749999 0.48612544062499996 0.61327576875 0.48661622812500005 0.6337522453125 0.5764571015625 0.6353371015625 0.679112465625 0.6369874156249999 0.6925531953124999 0.6424154015625 0.6918867234375 0.6482517171875 0.681724709375 0.6472911125 0.6482589953125 0.651662290625 0.6582171765625 0.6615026875 0.6486130125
5 0.6114075484375 0.48422189531250004 0.5690267171875 0.48522764843750005 0.5646280515625001 0.48786671562499995 0.5702412171875 0.5207611671875 0.5554943671875 0.5288687890625 0.557017734375 0.541275615625 0.5991446687499999 0.5382020562500001 0.6120867718749999 0.5282170515625 0.6074616984375 0.516191065625 0.6114075484375 0.48422189531250004
2 0.6137982937500001 0.43958742031250003 0.6086104578125 0.448620321875 0.6238376109375 0.45724555625 0.6367273640625 0.45645001093750004 0.6599901609375001 0.45359369843749997 0.666753715625 0.44777816406250004 0.6626364312499999 0.4398877875 0.6481709625 0.43746596562500006 0.6137982937500001 0.43958742031250003