5 0 0.80078125 0.0751953125 0.8020833328125001 0.078125 0.8450520828125001 0.07421875 0.9205729171874999 0.0009765625 0.921875 0 0.9518229171874999 0.0712890625 0.953125 0.07421875 0.99609375 0.1015625 0.99609375 0.1015625 0.9830729171874999 0.1181640625 0.9479166671874999 0.1220703125 0.9635416671874999 0.140625 0.95703125 0.14453125 0.73828125 0.1416015625 0.6901041671875 0.1123046875 0.6901041671875 0.107421875 0.7018229171875 0.103515625 0.4388020828125 0.0986328125 0.4296875 0.0810546875 0.4270833328125 0.0712890625 0.4427083328125 0.0029296875 0.4401041671875 0.0029296875 0.4713541671875 0.0634765625 0.4713541671875 0.07421875 0.4778645828125 0.0732421875 0.5 0 0.4986979171875 0 0.5299479171875 0.0048828125 0.5338541671875 0.0615234375 0.53125 0.076171875 0.5403645828125 0.0751953125 0.5598958328125 0.0009765625 0.5572916671875 0 0.5872395828125 0.0751953125 0.5885416671875 0.078125 0.68359375 0.0751953125 0.6901041671875 0 0.6888020828125 0 0.80078125
21 0.3154296875 0.7135416671875 0.3203125 0.4908854171875 0.33203125 0.4440104171875 0.2861328125 0.4401041671875 0.2763671875 0.4479166671875 0.2451171875 0.4479166671875 0.2275390625 0.4348958328125 0.1044921875 0.4322916671875 0.1083984375 0.5703125 0.2353515625 0.5729166671875 0.27734375 0.58203125 0.271484375 0.93359375 0.2890625 0.93359375 0.296875 0.5690104171875 0.3095703125 0.5364583328125 0.306640625 0.7096354171875 0.3154296875 0.7135416671875
5 0.31640625 0.50390625 0.33203125 0.4440104171875 0.2841796875 0.4401041671875 0.2763671875 0.4479166671875 0.2431640625 0.4479166671875 0.2314453125 0.4375 0.1044921875 0.4322916671875 0.1083984375 0.5703125 0.2412109375 0.5729166671875 0.27734375 0.58203125 0.271484375 0.9283854171874999 0.28515625 0.93359375 0.296875 0.5638020828125 0.3115234375 0.5286458328125 0.318359375 0.5768229171875 0.31640625 0.50390625
21 0.0302734375 0.4401041671875 0.060546875 0.44140625 0.07421875 0.43359375 0.0556640625 0.4270833328125 0.0234375 0.4309895828125 0.0302734375 0.4401041671875
21 0.0009765625 0.5546875 0.07421875 0.5559895828125 0.07421875 0.5403645828125 0.0615234375 0.5338541671875 0 0.5325520828125 0.0009765625 0.5546875
21 0.072265625 0.4986979171875 0.0712890625 0.4765625 0 0.47265625 0.0009765625 0.4973958328125 0.072265625 0.4986979171875
5 0.439453125 0.5768229171875 0.333984375 0.5768229171875 0.333984375 0.78515625 0.345703125 0.7877604171875 0.3505859375 0.7447916671875 0.4150390625 0.7447916671875 0.4541015625 0.7473958328125 0.45703125 0.78515625 0.46875 0.7877604171875 0.4609375 0.5950520828125 0.482421875 0.4153645828125 0.4619140625 0.4036458328125 0.439453125 0.5768229171875
7 0.6708984375 0.1223958328125 0.658203125 0.1393229171875 0.64453125 0.48828125 0.634765625 0.5768229171875 0.638671875 0.62890625 0.6669921875 0.6536458328125 0.681640625 0.65234375 0.671875 0.6263020828125 0.69140625 0.24348958281250002 0.6923828125 0.1119791671875 0.6708984375 0.1223958328125
4 1 0.52734375 0.7314453125 0.453125 0.73046875 0.6861979171875 1 0.93359375 1 0.52734375
4 1 0.0013020828125 0.7060546875 0 0.6640625 0.04296875 0.66015625 0.1263020828125 0.693359375 0.1158854171875 0.6875 0.24088541718749998 0.7021484375 0.24739583281250002 0.7294921875 0.234375 0.740234375 0.23828125 0.732421875 0.39453125 0.8671875 0.3997395828125 0.875 0.3815104171875 0.87890625 0.2513020828125 0.8359375 0.24609375 0.9052734375 0.24479166718749998 1 0.22526041718749998 1 0.0013020828125
10 0.6884765625 0.3671875 0.73046875 0.3658854171875 0.7353515625 0.234375 0.69140625 0.24869791718749998 0.685546875 0.35546875 0.6884765625 0.3671875
13 0.677734375 0.5455729171875 0.71875 0.5716145828125 0.7265625 0.3919270828125 0.6884765625 0.3828125 0.681640625 0.41796875 0.677734375 0.5455729171875
18 0.98828125 0.4205729171875 0.9765625 0.4075520828125 0.9765625 0.35546875 0.9482421875 0.3359375 0.9306640625 0.3385416671875 0.92578125 0.3528645828125 0.9423828125 0.3411458328125 0.970703125 0.35546875 0.97265625 0.4049479171875 0.958984375 0.4153645828125 0.9677734375 0.4296875 0.796875 0.41796875 0.9072265625 0.4401041671875 0.9921875 0.44140625 1 0.43359375 0.9794921875 0.4348958328125 0.9765625 0.4283854171875 0.98828125 0.4205729171875
6 0.8662109375 0.4192708328125 0.873046875 0.4153645828125 0.8681640625 0.40625 0.734375 0.3997395828125 0.73046875 0.4283854171875 0.73828125 0.4361979171875 0.7412109375 0.4557291671875 1 0.5247395828125 0.9990234375 0.4427083328125 0.8623046875 0.4348958328125 0.80078125 0.4205729171875 0.8662109375 0.4192708328125
16 0.3544921875 0.4661458328125 0.3525390625 0.4635416671875 0.3427734375 0.4635416671875 0.3408203125 0.4661458328125 0.3310546875 0.4661458328125 0.328125 0.4700520828125 0.3291015625 0.4713541671875 0.3427734375 0.4713541671875 0.3447265625 0.4739583328125 0.3720703125 0.4739583328125 0.373046875 0.47265625 0.3720703125 0.4661458328125 0.3583984375 0.4661458328125 0.3564453125 0.4635416671875 0.3544921875 0.4661458328125
16 0.4228515625 0.46875 0.4189453125 0.46875 0.4169921875 0.4661458328125 0.3896484375 0.4661458328125 0.384765625 0.4700520828125 0.3896484375 0.4739583328125 0.3974609375 0.4739583328125 0.3994140625 0.4765625 0.4443359375 0.4765625 0.4453125 0.4752604171875 0.4404296875 0.46875 0.4267578125 0.46875 0.4248046875 0.4661458328125 0.4228515625 0.46875
16 0.3369140625 0.3984375 0.3349609375 0.3958333328125 0.3134765625 0.3958333328125 0.30859375 0.3997395828125 0.3134765625 0.40625 0.4296875 0.4127604171875 0.4521484375 0.4114583328125 0.455078125 0.4075520828125 0.4521484375 0.4036458328125 0.3369140625 0.3984375
16 0.3046875 0.33203125 0.3134765625 0.3385416671875 0.3447265625 0.3411458328125 0.49609375 0.34765625 0.498046875 0.3424479171875 0.4931640625 0.3385416671875 0.3193359375 0.328125 0.3046875 0.33203125
16 0.3095703125 0.2708333328125 0.3271484375 0.2734375 0.498046875 0.2825520828125 0.501953125 0.27734375 0.4892578125 0.2708333328125 0.3046875 0.26171875 0.3095703125 0.2708333328125
16 0.3046875 0.1940104171875 0.3095703125 0.203125 0.3388671875 0.20833333281250002 0.49609375 0.21744791718749998 0.501953125 0.20963541718749998 0.4873046875 0.203125 0.3212890625 0.1901041671875 0.3046875 0.1940104171875