21 0.5264361078124999 0.58591349375 0.497477684375 0.591061140625 0.463720003125 0.5861722125 0.4387829140625 0.5700551265625 0.41357034531250003 0.5395845125000001 0.4008427859375 0.4949510328125 0.3976323046875 0.50307425625 0.3723383 0.5052871953125 0.3566757375 0.48313046406250004 0.001343375 0.5338238734375 0.0035645453124999995 0.5480071734374999 0.053568673437500006 0.5593170640625 0.0697181 0.5422194874999999 0.1129772765625 0.5436630296875 0.1376215421875 0.6460715 0.5789351203125 0.7826072140625 0.5857285812499999 0.804232834375 0.593833575 0.98651173125 0.63471418125 0.98541855 0.636862015625 0.9852306390625 0.6310633984375 0.7845818671875 0.8772758546875 0.651941215625 0.88501949375 0.526439784375 0.884496215625 0.520458675 0.5814352984375 0.4974500328125 0.57379805625 0.533408746875 0.555751446875 0.56243581875 0.5264361078124999 0.58591349375
5 0.4556454296875 1 0.4551302890625 0.9731590828125001 0.44512634687499997 0.9596566859375001 0.2728363984375 0.8727796515625 0.1750163859375 0.9087859921874999 0.11908168906250001 0.5607742328125 0.1110514015625 0.545007871875 0.0925523640625 0.546626328125 0.0651861765625 0.54980479375 0.0738594734375 0.6601458296875 0.010413954687500001 0.640862509375 0.018212306249999997 0.696383696875 0.086230115625 0.7231093375000001 0.09026703124999999 0.75804669375 0.046683865625 0.73049035625 0.0187632625 0.72509075 0.022670229687499998 0.7809523890625 0.10309160937499999 0.8261987124999999 0.121898796875 0.9291178640625001 0.1197746453125 0.9384531031250001 0.0472486390625 0.9722465046875 0.049676754687500005 1 0.4556454296875 1
5 0.0635893515625 0.6197413468749999 0.0665765609375 0.6194799984375 0.066385259375 0.6172934109375 0.054935509375000004 0.5603738328125 0.0025248859374999997 0.5506900515625001 0.004376603125 0.571855271875 0.007752018750000001 0.603713565625 0.0635893515625 0.6197413468749999
5 1 0.4887047375 0.9989856406250001 0.4777801484375 0.93808528125 0.49879292499999994 0.9311133625 0.4863323171875 0.8911131765625001 0.48852482343750003 0.8699825046875 0.81844484375 0.7576191875 0.7890636484375 0.6424334703125 0.8618798328124999 0.634699209375 0.87432000625 0.6369688906250001 0.900262578125 0.6434868734375 0.9075346703125 0.649358525 0.9857058046875 0.6904971671875 0.9821066390625001 0.694317434375 0.961905140625 0.736707371875 0.9780637703125 0.9305632265625 0.9611035812500001 0.9651256453125001 0.9199136921875001 0.9746756515625 0.9282275765625 0.97813400625 0.9569416765625001 1 0.95502865 1 0.4887047375
14 0.968195303125 0.31408558750000004 0.9697199875000001 0.264284025 0.9515782703125 0.24404336875000002 0.93533921875 0.2454641015625 0.9206237328125001 0.26335116406250003 0.9196829328125 0.2974169578125 0.9277896906249999 0.3228488484375 0.9185636734375 0.34064776406249997 0.87911444375 0.3715473234375 0.872887521875 0.4348308484375 0.8838963546875 0.48222881093750003 0.9266707640625 0.4814927671875 0.9443765578125 0.4799437109375 0.9664748140625001 0.473697075 0.959357365625 0.425958659375 0.9950452421874999 0.42153638281249994 0.9889007765625 0.351304828125 0.961774340625 0.33033203437499997 0.968195303125 0.31408558750000004
3 0.059296884375000004 0.4354297234375 0.07961317343749999 0.432345221875 0.0883038171875 0.44204134375 0.18558845625 0.433530040625 0.2024187859375 0.4242152375 0.2100231 0.4326993453125 0.21764299375 0.49738554375 0.23106662031249997 0.49843312656250005 0.2406978328125 0.4975905046875 0.3544738828125 0.4814932203125 0.36048941874999996 0.47181753281249994 0.3577658015625 0.44068644843750004 0.3655000625 0.4282462734375 0.39839838125 0.4345174421875 0.40483492656250003 0.4744730875 0.4554229375 0.470047209375 0.4750583234375 0.4591799359375 0.45641577812499995 0.1340466796875 0.459075303125 0.0972164015625 0.46959215 0.06279829218750001 0.46951822187500003 0.06195330624999999 0.46408594687500004 0.05364514375 0.301945471875 0.015548314062499999 0.0230790109375 0.0438671390625 0.059296884375000004 0.4354297234375
5 0.144913803125 0.7204585875 0.1642407828125 0.7396806109375 0.17127679375 0.8201025765625 0.1641749265625 0.8285662531250001 0.16530976718749998 0.8415375375 0.17661384375 0.9047250609375 0.1868365140625 0.90383069375 0.19948845625 0.8960578015625 0.1973002140625 0.8374316796875 0.21435751249999999 0.83071113125 0.2325496515625 0.8369618671874999 0.2389706140625 0.820715421875 0.2560279125 0.8139948734375 0.29218522343750003 0.8239020890625 0.2995296390625 0.8742347609375001 0.3049612921875 0.8802948374999999 0.3192135359375 0.87512675625 0.3149092859375 0.82256751875 0.304160078125 0.6997035078125 0.16367424531250002 0.654771465625 0.136090484375 0.6610653390625 0.136485525 0.6655806875 0.144913803125 0.7204585875
5 0.069595178125 0.5150434546875 0.09128800625 0.515367575 0.0951793921875 0.5150271234375 0.09701333437500001 0.5034952781250001 0.1901796203125 0.49273016875 0.194978878125 0.5027667453125 0.2124901125 0.5012347109374999 0.20919266718750001 0.45682184843750007 0.20660707500000003 0.427268409375 0.087901684375 0.44416781875 0.0831024265625 0.4341312421875 0.0636454984375 0.435833503125 0.069595178125 0.5150434546875
15 0.738872771875 0.4728274671875 0.7387220375 0.46774313125000005 0.7376844703125001 0.455883671875 0.6906543390625 0.4561571265625 0.690799784375 0.45781956875 0.6947542328125 0.47276616718750003 0.738872771875 0.4728274671875
15 0.679135859375 0.41413867812499994 0.679278525 0.41576935312499996 0.6873042984375 0.4335527109375 0.7270953109375 0.4330776796875 0.7394666671875 0.4319953265625 0.744874284375 0.41256989375 0.7447179296875001 0.4107827390625 0.7349417265625 0.3954014921875 0.7166196390625 0.41007503749999996 0.68480765 0.405015884375 0.679135859375 0.41413867812499994
15 0.7658810046875 0.43530471562499995 0.7635298859375 0.44204569843749997 0.764534778125 0.47594126562500005 0.7697394625 0.4794070875 0.8763659984375 0.4811884578125 0.882537190625 0.4806485484375 0.8781958109374999 0.45292664218749995 0.8679649015625 0.4368299890625 0.7872836249999999 0.43343222968750006 0.7658810046875 0.43530471562499995