14 0.190625 0.8645833328125001 0.1953125 0.8166666671874999 0.165625 0.8041666671875 0.1515625 0.78125 0.1328125 0.8541666671874999 0.134375 0.86875 0.190625 0.8645833328125001
14 0.09375 0.23125 0.0890625 0.2666666671875 0.0921875 0.39791666718749996 0.0875 0.475 0.0953125 0.48541666718750004 0.10625 0.6104166671875 0.103125 0.8583333328125 0.115625 0.86875 0.1296875 0.8666666671875 0.159375 0.7083333328125 0.1375 0.65625 0.13125 0.575 0.1203125 0.5604166671875 0.1171875 0.5270833328125 0.1296875 0.5145833328125 0.1328125 0.48541666718750004 0.16875 0.4916666671875 0.190625 0.47291666718750003 0.1828125 0.325 0.1578125 0.21458333281250003 0.159375 0.19375 0.1828125 0.1854166671875 0.1828125 0.13125 0.1625 0.08333333281250001 0.146875 0.07291666718749999 0.1265625 0.07291666718749999 0.103125 0.0979166671875 0.1125 0.175 0.09375 0.23125
5 0.2015625 0.7291666671875 0.253125 0.7291666671875 0.334375 0.70625 0.296875 0.6770833328125 0.2640625 0.6645833328124999 0.2203125 0.66875 0.18125 0.6854166671875 0.18125 0.6645833328124999 0.19375 0.6229166671875 0.19375 0.5708333328124999 0.16875 0.5104166671875 0.1359375 0.48333333281249996 0.1359375 0.65625 0.140625 0.675 0.1640625 0.7083333328125 0.2015625 0.7291666671875
19 0.259375 0.6208333328125 0.3046875 0.6208333328125 0.303125 0.56875 0.2453125 0.5708333328124999 0.209375 0.5583333328125 0.209375 0.56875 0.2265625 0.5916666671875 0.259375 0.6208333328125
19 0.221875 0.5 0.2140625 0.4791666671875 0.1890625 0.4604166671875 0.1890625 0.4791666671875 0.1703125 0.4875 0.171875 0.5083333328124999 0.2015625 0.55 0.225 0.5604166671875 0.3015625 0.5645833328125 0.2515625 0.5416666671875 0.2484375 0.5270833328125 0.265625 0.5166666671875 0.321875 0.5125 0.334375 0.46458333281249997 0.35 0.45 0.36875 0.4458333328125 0.3703125 0.36875 0.3765625 0.34375 0.2578125 0.3333333328125 0.2515625 0.34375 0.234375 0.5 0.221875 0.5
15 0.234375 0.47291666718750003 0.234375 0.4479166671875 0.2390625 0.425 0.246875 0.41875 0.246875 0.40208333281249997 0.1875 0.4 0.190625 0.4583333328125 0.2078125 0.4770833328125 0.234375 0.47291666718750003
19 0.21875 0.4770833328125 0.2234375 0.50625 0.2328125 0.50625 0.2375 0.48541666718750004 0.234375 0.44375 0.2390625 0.4270833328125 0.24375 0.43125 0.246875 0.425 0.246875 0.39791666718749996 0.1890625 0.39791666718749996 0.1890625 0.45625 0.20625 0.4770833328125 0.21875 0.4770833328125
19 0 0.5833333328125 0.053125 0.5791666671875 0.059375 0.5375 0.0546875 0.5041666671875 0.0953125 0.5020833328125 0.0953125 0.48333333281249996 0.0859375 0.4791666671875 0.0921875 0.39791666718749996 0.01875 0.39375 0.0140625 0.375 0 0.38333333281250004 0 0.5833333328125
15 0 0.48333333281249996 0.0265625 0.48541666718750004 0.034375 0.475 0.034375 0.45 0.025 0.39791666718749996 0.0171875 0.375 0.009375 0.375 0.0078125 0.30416666718749996 0 0.3020833328125 0 0.48333333281249996
21 0.0640625 0.6 0.071875 0.5791666671875 0.090625 0.5791666671875 0.09375 0.6291666671875 0.1046875 0.63125 0.096875 0.5020833328125 0.053125 0.5020833328125 0.059375 0.53125 0.053125 0.6 0.0640625 0.6
21 0.659375 0.7604166671875 0.675 0.7583333328124999 0.7234375 0.68125 0.6890625 0.66875 0.6546875 0.725 0.653125 0.75 0.659375 0.7604166671875
21 0.74375 0.7541666671875 0.7625 0.8 0.7796875 0.80625 0.7828125 0.7645833328125 0.75 0.6791666671875001 0.7375 0.6770833328125 0.73125 0.7020833328125 0.7375 0.7083333328125 0.74375 0.7541666671875
5 0.746875 0.5895833328125 0.7546875 0.63125 0.675 0.6416666671875 0.6859375 0.5604166671875 0.678125 0.5166666671875 0.6609375 0.5020833328125 0.6296875 0.5 0.60625 0.5083333328124999 0.596875 0.49791666718750005 0.5703125 0.575 0.496875 0.5833333328125 0.50625 0.60625 0.575 0.6229166671875 0.584375 0.65625 0.496875 0.66875 0.4890625 0.6770833328125 0.5265625 0.7020833328125 0.5890625 0.7125 0.6421875 0.7 0.6640625 0.6583333328125 0.7375 0.6791666671875001 0.784375 0.6729166671875 0.7890625 0.6645833328124999 0.796875 0.5 0.796875 0.48125 0.7890625 0.4791666671875 0.7796875 0.4875 0.75 0.5520833328125 0.746875 0.5895833328125
21 0.6984375 0.6333333328124999 0.7515625 0.6333333328124999 0.7578125 0.6145833328125 0.7484375 0.5791666671875 0.7234375 0.6125 0.70625 0.5604166671875 0.746875 0.5583333328125 0.7640625 0.525 0.7484375 0.51875 0.725 0.5229166671875001 0.7078125 0.5104166671875 0.68125 0.5166666671875 0.684375 0.5916666671875 0.6984375 0.6333333328124999
21 0.2484375 0.5395833328124999 0.3359375 0.575 0.3671875 0.6895833328125 0.3125 0.83125 0.33125 0.8458333328125001 0.3421875 0.84375 0.375 0.76875 0.384375 0.7604166671875 0.4234375 0.9104166671874999 0.4453125 0.9291666671875 0.4578125 0.9291666671875 0.40625 0.70625 0.45 0.6083333328125 0.4875 0.6083333328125 0.49375 0.6 0.4625 0.6 0.4625 0.5916666671875 0.4796875 0.5833333328125 0.5765625 0.5729166671875 0.58125 0.5479166671875 0.5140625 0.5375 0.475 0.5145833328125 0.428125 0.51875 0.3796875 0.5083333328124999 0.2640625 0.5166666671875 0.2484375 0.5270833328125 0.2484375 0.5395833328124999
9 0.5515625 0.5104166671875 0.5171875 0.51875 0.50625 0.5270833328125 0.50625 0.5354166671875 0.5859375 0.5458333328125 0.6046875 0.5208333328125 0.64375 0.5020833328125 0.6609375 0.41875 0.6125 0.4166666671875 0.6015625 0.4291666671875 0.5828125 0.5145833328125 0.5515625 0.5104166671875
2 0.4796875 0.5145833328125 0.4296875 0.51875 0.39375 0.5083333328124999 0.3859375 0.5354166671875 0.49375 0.5270833328125 0.4796875 0.5145833328125
5 0.4828125 0.5041666671875 0.5578125 0.49791666718750005 0.553125 0.475 0.540625 0.45625 0.5046875 0.4458333328125 0.4859375 0.46458333281249997 0.4796875 0.49375 0.4828125 0.5041666671875
5 0.4171875 0.5083333328124999 0.4171875 0.4875 0.4015625 0.4604166671875 0.378125 0.4479166671875 0.353125 0.4479166671875 0.3296875 0.47083333281249995 0.3234375 0.5104166671875 0.4171875 0.5083333328124999