16 0.27253283281249996 0 0.25522447187499997 0.20051981406250002 0.20639706875 0.9831466828125001 0.2463662984375 0.9858453171875 0.25506119531250004 0.9327309921875001 0.2611896546875 0.925127740625 0.26123716875 0.8678028109374999 0.253611196875 0.8623249984375001 0.257791865625 0.7426063046875 0.2652143859375 0.7259281046875 0.2706157703125 0.7391454953125 0.2798993421875 0.7251380375 0.273294778125 0.718393015625 0.262422809375 0.7219219890625 0.26733055 0.5813826546875001 0.2892128890625 0.5143971984375 0.31047147812500003 0.12948796875 0.3129687171875 0.11394065 0.3220705203125 0.105138353125 0.7152708234375 0.150138259375 0.7386940453124999 0.150956215625 0.7409186328125 0.14321663906249998 0.7465017859375 0.15122886875 0.750678309375 0.14355745312499998 0.7622990359374999 0.14656901093750002 0.766657328125 0.13369243749999998 0.7726040171874999 0.1312943453125 0.7762352359375 0.1392384125 0.7804117578125 0.131566996875 0.7931447796875 0.13070876874999998 0.7769839921874999 0.1457789453125 0.771530946875 0.3019337625 0.7770449 0.339909746875 0.8108856718749999 0.35021163125 0.782321278125 0.6645103781249999 0.7806853640625 0.7113568234375001 0.793712721875 0.730052025 0.7875150640624999 0.7676190328125 0.778118925 0.7568678953125 0.769198890625 0.76046503125 0.7738515171875 0.7671418906249999 0.7651132515625 0.7655338671874999 0.766861734375 0.743446015625 0.77923121875 0.75299810625 0.781252353125 0.723102515625 0.7703803828125 0.7266314890625 0.7728993078124999 0.7384453453125001 0.7661129765625 0.7369054828125 0.7674979234375 0.725227953125 0.75969018125 0.7249553015625 0.75337995625 0.7377637140625 0.7480694546875 0.72194374375 0.709121634375 0.7179779015625 0.6954580875 0.717500759375 0.691281565625 0.7251721734375 0.65428568125 0.7212744953125 0.646114403125 0.7314121640625 0.6309533421875 0.717853959375 0.6129315046875 0.7302533921875 0.587738115625 0.7241621125 0.5796577218750001 0.7316971999999999 0.5702615828125001 0.7209460625 0.5487902953125 0.72019626875 0.547020128125 0.714922946875 0.5578012140624999 0.7139965515625 0.5452499609375 0.7096496218749999 0.53903061875 0.7198554546875 0.5159709328125001 0.7086271749999999 0.4944996453125 0.70787738125 0.49023223906249996 0.7181513765624999 0.4769322296875 0.7072639140625 0.47071288750000007 0.717469746875 0.46531150156249995 0.7042523562499999 0.4144703015625 0.7050826953125 0.4078874234375 0.72569885 0.40275869062499997 0.7046737171874999 0.3969028859375 0.704469228125 0.3945874140625 0.7148113859375 0.3833302234375 0.70138950625 0.36930314062499997 0.7113226859374999 0.367805625 0.698241621875 0.314830721875 0.704208959375 0.279968540625 0.6951742828125 0.2669628671875 0.703840253125 0.275519365625 0.7106534375 0.28555169375 0.7031865125000001 0.28686744062499997 0.7214727390625 0.2987608203125 0.7166765546875 0.31001801093750003 0.7300984359375 0.321911390625 0.725302253125 0.325451725 0.7358489015624999 0.3507359984375 0.7393376015625 0.6278199140625 0.7516193375 0.6919611234375 0.7616764609375 0.73880756875 0.763312375 0.7449360265625 0.7557091234375 0.7494977703125 0.7649885624999999 0.737959634375 0.9834689796875 0.7510453078125 1 0.815665375 1 0.860609859375 0.11273981875000001 0.8640826015625 0.013293490625000001 0.8144367000000001 0.0106756 0.792413146875 0.0099065203125 0.78184421875 0.06256453906250001 0.7854754374999999 0.07050860625000001 0.7512711296875 0.0706170421875 0.5236217828124999 0.0418213203125 0.5169263359375 0.0376788796875 0.5147709468749999 0.015454701562500001 0.5103217718749999 0.0309338578125 0.48680766562500005 0.03271848125 0.48067920781250006 0.0403217328125 0.42452750781250004 0.025332101562499997 0.354257840625 0.0228782296875 0.315582671875 0.0111046484375 0.3136056796875 0 0.27253283281249996 0
2 0.7207801046875 0.37572836875000004 0.6959378125 0.6953686015625 0.711938515625 0.7128647609375001 0.7427984046875 0.7195447828125 0.7649333453125 0.7203177515625 0.7722667390625 0.7201829765625 0.777464671875 0.7112443546875 0.806490521875 0.364143696875 0.8069869796875 0.34992701875 0.766016465625 0.339524625 0.6936130953124999 0.3422077515625 0.6926133703125 0.370836134375 0.7207801046875 0.37572836875000004
2 0.653282678125 0.716418825 0.6915769390625 0.7167137890624999 0.7193269359375 0.3977541515625 0.719986521875 0.3788661 0.6518927999999999 0.3700655796875 0.6261199828125 0.688370440625 0.64354156875 0.7160786578125 0.653282678125 0.716418825
2 0.5454379328125001 0.659495421875 0.5732719015625001 0.71831514375 0.603539921875 0.7193721265625 0.623467825 0.7195468734375 0.6512617765625001 0.371346421875 0.568531740625 0.361943040625 0.5454379328125001 0.659495421875
2 0.5047977125 0.6955990921875 0.539676821875 0.696817096875 0.5635448171874999 0.381628459375 0.5642173968749999 0.3623682890625 0.4978809828125 0.3536129140625 0.4769208765625 0.6460282984375 0.489879034375 0.69468725625 0.5047977125 0.6955990921875
2 0.4158095984375 0.7003088203125001 0.469533259375 0.700882015625 0.49174584374999997 0.3781967625 0.49255347031249996 0.355069353125 0.43393475937500003 0.349164971875 0.41306636093750004 0.6613399109375 0.41213042031249997 0.6881417562500001 0.4158095984375 0.7003088203125001
2 0.3576476625 0.6967143078125 0.3668434984375 0.6922147875 0.3744261015625 0.642970253125 0.3879399296875 0.395895534375 0.3896704515625 0.3463398453125 0.33133588125 0.337895165625 0.3102373765625 0.6902380578125 0.35340220312500004 0.696566053125 0.3576476625 0.6967143078125
2 0.7343640703125 1 0.69498319375 0.9157820578125 0.6809561109375 0.9257152359375 0.6372647796875001 0.9176751171875001 0.667214153125 1 0.7343640703125 1
2 0.6650363265625 1 0.660944534375 0.9783040859375 0.6329161984375 0.9134843421875001 0.61898 0.9208149406249999 0.5732458484375 0.9153092390625 0.5975062578125 1 0.6650363265625 1
2 0.5934660671875001 1 0.5708355703125 0.9115770140624999 0.5238073578125 0.9151462609375001 0.522128075 0.90727035625 0.509395053125 0.9081285859375001 0.5226020484375 1 0.5934660671875001 1
2 0.4591937578125 0.9130201906250001 0.44580286406249997 0.9047353093750001 0.4377875234375 0.9943539203125 0.497439490625 0.9986519046875 0.511200634375 0.9991324546874999 0.5187473921875 0.9984839796875 0.5201323390625 0.9868064499999999 0.509013546875 0.913457059375 0.4591937578125 0.9130201906250001