21 1 0.6541666671875 0.9953125 0.6541666671875 0.7203125 0.6895833328125 0.71875 0.725 0.75625 0.7479166671875 0.74375 1 0.8078125 1 0.8171875 0.8229166671874999 1 0.9229166671875 1 0.6541666671875
21 1 0.49375 0.8765625 0.4916666671875 0.7875 0.49583333281249997 0.790625 0.5104166671875 0.8 0.5125 0.79375 0.65625 0.8171875 0.6541666671875 0.821875 0.55625 0.825 0.5395833328124999 0.8296875 0.5395833328124999 0.971875 0.5729166671875 0.978125 0.6 0.975 0.6541666671875 0.9859375 0.65625 0.990625 0.5770833328125 1 0.5770833328125 1 0.49375
3 0.025 0 0.0328125 0.0625 0.0296875 0.11041666718750001 0 0.11041666718750001 0 0.1458333328125 0.0609375 0.1520833328125 0.08125 0.1354166671875 0.1640625 0.1458333328125 0.23125 0.14375 0.2328125 0 0.1140625 0 0.1125 0.12291666718750001 0.1 0.125 0.0609375 0.1125 0.059375 0 0.025 0
2 0 0 0 0.11041666718750001 0.03125 0.1125 0.0484375 0 0 0
3 0.0578125 0.33541666718749996 0.0796875 0.3458333328125 0.0859375 0.325 0.0875 0.1604166671875 0.19375 0.175 0.1921875 0.3479166671875 0.2 0.35208333281250004 0.23125 0.35 0.2359375 0.17916666718750002 0.340625 0.1895833328125 0.3390625 0.3604166671875 0.34375 0.36666666718749996 0.3671875 0.3625 0.3640625 0.23958333281250002 0.36875 0.22291666718749997 0.428125 0.22916666718749998 0.4328125 0.21458333281250003 0.4546875 0.1916666671875 0.50625 0.19583333281249998 0.5546875 0.23125 0.5640625 0.2125 0.6140625 0.20625 0.6125 0.1979166671875 0.4859375 0.1770833328125 0.303125 0.1541666671875 0.190625 0.15 0 0.1208333328125 0.0015625 0.14791666718750002 0.0578125 0.1583333328125 0.0578125 0.33541666718749996
2 0.3921875 0.36666666718749996 0.3953125 0.3541666671875 0.3859375 0.2833333328125 0.4015625 0.2625 0.425 0.25 0.4296875 0.23541666718749998 0.41875 0.225 0.3765625 0.2208333328125 0.3609375 0.23958333281250002 0.3625 0.35625 0.3921875 0.36666666718749996
3 0 0.7895833328124999 0.1640625 0.7729166671875001 0.2671875 0.7520833328125 0.25 0.7416666671875001 0.25 0.75 0.2015625 0.7583333328124999 0.1015625 0.7583333328124999 0.05 0.7729166671875001 0.015625 0.7708333328125 0.0078125 0.69375 0.00625 0.5645833328125 0.1234375 0.5583333328125 0.3453125 0.5625 0.3484375 0.6333333328124999 0.365625 0.6354166671875 0.3875 0.6520833328125 0.390625 0.7229166671875 0.3953125 0.7208333328125 0.4 0.5645833328125 0.4421875 0.55625 0.4359375 0.5291666671875 0.259375 0.53125 0.25625 0.36875 0.2234375 0.3625 0.215625 0.36875 0.215625 0.5270833328125 0.196875 0.5333333328125 0.1125 0.53125 0.1109375 0.3604166671875 0.0859375 0.35625 0.084375 0.53125 0 0.5354166671875 0 0.7895833328124999
2 0.2515625 0.7354166671875 0.28125 0.7541666671875 0.29375 0.7541666671875 0.325 0.75 0.328125 0.7395833328125 0.35 0.7291666671875 0.390625 0.73125 0.3890625 0.6520833328125 0.365625 0.6354166671875 0.3234375 0.6354166671875 0.321875 0.6895833328125 0.25 0.7 0.2515625 0.7354166671875
3 0.284375 0 0.284375 0.1520833328125 0.33125 0.15625 0.3328125 0.029166667187500002 0.3359375 0.0125 0.3421875 0.010416667187500001 0.38125 0.0208333328125 0.38125 0.16458333281249998 0.4296875 0.1708333328125 0.4328125 0.0354166671875 0.4453125 0.03125 0.515625 0.05 0.5125 0.18125 0.4953125 0.1895833328125 0.5328125 0.20833333281250002 0.5515625 0.2270833328125 0.5609375 0.21458333281250003 0.6171875 0.20625 0.6125 0.1979166671875 0.578125 0.1916666671875 0.5828125 0.05208333281250001 0.5875 0.04375 0.6203125 0.03125 0.615625 0.01875 0.5765625 0.010416667187500001 0.571875 0 0.284375 0
3 0.11875 0.74375 0.1265625 0.7375 0.1296875 0.5708333328124999 0.1625 0.5645833328125 0.16875 0.575 0.16875 0.7333333328125 0.2484375 0.7270833328124999 0.253125 0.7208333328125 0.2515625 0.7 0.29375 0.69375 0.2984375 0.6875 0.3046875 0.5583333328125 0.2546875 0.55625 0.0671875 0.5604166671875 0.0640625 0.74375 0.11875 0.74375
3 0.3875 0.7333333328125 0.4203125 0.7395833328125 0.4765625 0.7270833328124999 0.4828125 0.7208333328125 0.4796875 0.7041666671875 0.4640625 0.6833333328125 0.403125 0.6854166671875 0.3953125 0.6958333328124999 0.3875 0.7333333328125