16 0.6549061484375 1 0.6637091640625 0.913126490625 0.6851370828125 0.8591539359375 0.6893611203125001 0.7941575921874999 0.6779221609375 0.7859408734375 0.679558075 0.739094428125 0.6969045015625001 0.578143428125 0.70943406875 0.5551291843749999 0.7137489921875 0.48753026093749996 0.7080749546875 0.4821206125 0.709438215625 0.4430819078125 0.7275117140625 0.26131026562500004 0.7392708406249999 0.20439431406250003 0.7488989421875 0.043408304687499996 0.750120425 0.008429625 0.72357410625 0.007502607812500001 0.7203484546875 0.0187249953125 0.640515225 0.84977844375 0.630708034375 0.9067625578125 0.6281891093749999 0.894948703125 0.6140711421875 0.9074844625 0.54620783125 0.892085853125 0.5185172015624999 0.9015418921875 0.519902146875 0.8898643625 0.5075326625 0.8803122703125 0.47248871406250004 0.8764827546875 0.46345611093750005 0.8553212968749999 0.42795774062499997 0.8645046828125 0.4173367375 0.832864740625 0.40721352499999997 0.8429342468750001 0.400518078125 0.83879180625 0.4058977796875 0.824648021875 0.3946622734375 0.8385873171875 0.39504749375000003 0.8555381703125 0.37841060312499997 0.8562600734375 0.3788867078125 0.870608346875 0.6266440796875 0.9391925671875001 0.6254916749999999 0.9999966812500001 0.6255867109375 1 0.6549061484375 1
16 0.4541519625 0 0.4430399109375 0.0044811 0.34277434375000004 0.972925996875 0.34305690625 0.99169729375 0.36827591875 0.9925779609375001 0.38508072968749996 0.9926436484375 0.395117203125 0.8731294437500001 0.42031059375 0.8792207234375 0.41259373593750004 0.8763454921875 0.41677025937499995 0.868674078125 0.41016569531249997 0.8619290546875 0.3829294875 0.8583721921875 0.373827684375 0.8671744890624999 0.3743729890625 0.8515590078124999 0.41886059375 0.8088147296875 0.39385311875 0.6854710109375 0.39923281875 0.671327228125 0.4201371171875 0.6603313296875 0.4319437578125 0.5460904484375 0.428494309375 0.532941221875 0.43351047343750004 0.529207759375 0.4369599234375 0.5423569859375 0.45434557187499997 0.5481756156250001 0.46428701562499997 0.54331126875 0.49125057187500004 0.5546758734375 0.6603418624999999 0.581426703125 0.6677643828125001 0.5647485031249999 0.6650636890625 0.55813980625 0.6145860265625 0.5485598265625 0.5482202296875001 0.54624228125 0.426905909375 0.5224627374999999 0.43662636250000003 0.3560339265625 0.45278714999999997 0.3409637484375 0.464412021875 0.2319280296875 0.6995747734375 0.2414429703125 0.7055906625 0.20908112499999998 0.704344115625 0.16083114375000002 0.6972851328125 0.167099025 0.6963762906250001 0.193124828125 0.6891355390625 0.20459786875 0.4492292765625 0.1910086484375 0.457838390625 0 0.4541519625 0
2 0.5846040484375 0.897856459375 0.6195571140625 0.9042885546875 0.6383969078125 0.8684659 0.651862678125 0.71790663125 0.6528764265625 0.6888767078125 0.62049593125 0.6815293703124999 0.5991372125 0.705538171875 0.5967308578125 0.718482909375 0.5846040484375 0.897856459375
2 0.5562246656250001 0.8943899640625 0.5705388625000001 0.8948898265624999 0.5795359359375001 0.8946828609375 0.59583926875 0.7076378953125 0.61254218125 0.6798414484374999 0.612600240625 0.6781788578125 0.584287740625 0.6746625828124999 0.5591160359375 0.6959324765625 0.5447646390625 0.8830456046874999 0.5562246656250001 0.8943899640625
2 0.5145663421875 0.8831636453125 0.5218724703125 0.8838096453125001 0.539976665625 0.8844418578125 0.5449576640625 0.880316303125 0.5569027046875 0.7061479140625 0.57660101875 0.67931903125 0.5766504328125001 0.6779040000000001 0.5513887515625 0.6681719296875 0.520179471875 0.6944424953125 0.5083253156249999 0.866008303125 0.5145663421875 0.8831636453125
2 0.502770975 0.8767585078125 0.5087176640625 0.8743604171875001 0.51148755625 0.8510053578125 0.5209353578125 0.6923842859375 0.5457817609375 0.6664387328125 0.5458021828125 0.6658539171875 0.513196815625 0.6621478796875 0.48607317656250004 0.6833496109375 0.47376459843749996 0.8679283203124999 0.502770975 0.8767585078125
2 0.43427447187499996 0.8599046234375001 0.443103621875 0.858910065625 0.467911790625 0.84805049375 0.475827996875 0.8340242390625001 0.47917253281249994 0.7382492859374999 0.45716068125 0.6522435046874999 0.3947204390625 0.6774234609375 0.42980361250000004 0.8480226046875 0.43427447187499996 0.8599046234375001
2 0.657776928125 0.55554016875 0.6662013046874999 0.5558343546875 0.6861518453125 0.3627932328125 0.6863539046875 0.3570070296875 0.64500278125 0.34910923125000004 0.6298789874999999 0.5415516578124999 0.629564028125 0.55057089375 0.657776928125 0.55554016875
2 0.611837521875 0.5461186671875 0.6135617250000001 0.546178878125 0.6291850578125 0.5390374812500001 0.6401641125 0.38133846875 0.6405592734375001 0.370022534375 0.601069984375 0.364773040625 0.5959629359374999 0.37110908125000003 0.5841087796875 0.5426748906250001 0.611837521875 0.5461186671875
2 0.5146499421875 0.5253965375 0.5196309 0.43033016562500004 0.522169596875 0.357631425 0.485331690625 0.35760446562500003 0.47542946875 0.5292384375 0.4987618078125 0.5326589734375 0.5146499421875 0.5253965375
2 0.5421865265625 0.5358691390625 0.553827571875 0.39126544218750003 0.554732965625 0.3653383578125 0.5277317515625 0.360648559375 0.51494706875 0.5308789984375 0.5359846953125 0.535652565625 0.5421865265625 0.5358691390625
2 0.5765677515625 0.541760115625 0.5842723703125 0.5379902484375 0.5866787265625 0.5250455109375001 0.5942369671875001 0.398148653125 0.5953484140625 0.36632100156249997 0.55624818125 0.361123225 0.543190846875 0.5391614046875 0.5603178843750001 0.5411926578124999 0.5765677515625 0.541760115625
2 0.44583967031249994 0.52312391875 0.45561753437499997 0.5229442171875001 0.47234530937499997 0.5196197328125 0.47559130625 0.510612946875 0.4843940375 0.3648678328125 0.48466315625 0.357161303125 0.44116600781250004 0.3491569171875 0.426520275 0.5167166109375 0.43061458750000003 0.522592246875 0.44583967031249994 0.52312391875
2 0.5458228046875 0.1951634953125 0.6902660093749999 0.2002075625 0.6911748515625 0.17418176093749999 0.6751741484375 0.156685603125 0.5432821953125 0.155988465625 0.542100703125 0.1898220078125 0.5458228046875 0.1951634953125