19 0.3589989265625 1 0.3658030171875 0.8313221593750001 0.36481055156250003 0.8250559781250001 0.2766292796875 0.8039190015625 0.096062771875 0.7375993203125 0.05760690625 0.90056949375 0.0733551515625 1 0.3589989265625 1
5 0.6978384171875 0.4606237578125 0.5982332546875 0.4684897828125 0.5866048687500001 0.46373996718750005 0.58339973125 0.44974615937499995 0.5583217078125 0.45371812812499995 0.6018815359375 0.772442478125 0.7121085984375 0.787942075 0.8513941515625 0.7892155671875 0.8615161109375 0.78761240625 0.8580332453124999 0.732926684375 0.8569876328125 0.7263249468749999 0.8382356359375001 0.7165512703125 0.805812915625 0.4369307078125 0.781088359375 0.43689175 0.7781527921875 0.45581309531249997 0.710635034375 0.46650685625 0.6978384171875 0.4606237578125
21 0.4011879125 0.7014007359375001 0.4115641734375 0.7419433453125001 0.4170931984375 0.7425177781250001 0.4214950078125 0.7418205999999999 0.40820334375 0.6145991921875 0.562337921875 0.613916325 0.57837040625 0.605271153125 0.56812440625 0.5405804562500001 0.55495719375 0.467434153125 0.5163756171875 0.473544875 0.36120456875 0.536352659375 0.3636488578125 0.551785290625 0.3803036328125 0.5570573171875 0.4011879125 0.7014007359375001
5 0.3672715671875 0.557803078125 0.3993558296875 0.71685151875 0.39940655468749997 0.716843484375 0.382645671875 0.578087003125 0.37971357031249997 0.5595744421875 0.3672715671875 0.557803078125
5 0.3432078828125 0.44270247031250004 0.3580747125 0.530388640625 0.375928475 0.5275608828125 0.380207796875 0.5264876109375 0.37928520625 0.5081773390625 0.38974536249999997 0.51179386875 0.4174594 0.4994945140625 0.4229470828125 0.5091718609375 0.4374088859375 0.5043435828125 0.43042738593749996 0.4602641328125 0.42539742187499996 0.4310032421875 0.40838918125 0.429742140625 0.407682246875 0.43776399218749995 0.366057275 0.4496299953125 0.3624986703125 0.4396471109375 0.3432078828125 0.44270247031250004
5 0.412692915625 0.660424596875 0.42499825468749997 0.7006616703125 0.4274125609375 0.7596034109375001 0.43243894843749997 0.760125621875 0.42983291718750005 0.7249439 0.453035778125 0.7278604984375 0.45640265781249995 0.7616033984375 0.46803104375000004 0.7663532140625 0.4756934453125 0.7585480390625 0.4739021765625 0.7285105265625 0.523351290625 0.7285884406250001 0.5306302421875 0.7683033 0.5523114046875001 0.7740975390625 0.5480758484375 0.728627396875 0.5637541171875 0.7090061203125 0.5751068828125 0.77444203125 0.5984103859375 0.77549705 0.60092186875 0.7750992703125 0.580576684375 0.640425990625 0.46736014218750005 0.6372647046875 0.422500053125 0.678646009375 0.41389112812500006 0.6180487718750001 0.40769651093750003 0.616393275 0.412692915625 0.660424596875
21 0.60426845625 0.5615296875 0.6075275078125 0.5821065265625001 0.61489035625 0.5848953078125 0.788745440625 0.5792433796875 0.7924674359375 0.5786538734375 0.7892528265625 0.5583576265625 0.778047290625 0.5537805328125 0.7232183203125 0.5571913312500001 0.70808524375 0.549041665625 0.701183690625 0.55540801875 0.60426845625 0.5615296875
21 0.6078774124999999 0.528132065625 0.7782904937499999 0.517620209375 0.7842335453125 0.5166789234375 0.7809133859374999 0.49571626718750006 0.779864978125 0.4903454 0.5972015984375 0.4981834125 0.59421211875 0.510521725 0.5985854859375 0.5256488203125 0.6078774124999999 0.528132065625
21 1 0.48422776562500003 0.9835660984375 0.48049364843750003 0.9747654499999999 0.44365642968749996 0.8156583968750001 0.45040011562500004 0.8103324562499999 0.460471859375 0.8261364359375 0.5977100359375 0.8336071109375001 0.613664878125 1 0.61150046875 1 0.48422776562500003
7 0.42454192187500006 0.42560182187500006 0.44056760781250004 0.49557086874999995 0.447695615625 0.49562838593749997 0.46170072656250005 0.4934101953125 0.5045267609375 0.4748942234375 0.47984307656249997 0.26286390625 0.454341 0.1018501296875 0.3513928890625 0.12606539218749999 0.342208790625 0.136748209375 0.3832704171875 0.433456896875 0.4026151203125 0.43698456874999997 0.40718021249999997 0.42835164531250003 0.42454192187500006 0.42560182187500006
4 0.4606491484375 0 0.450043771875 0.0016797265624999998 0.330391153125 0.033418484375 0.3314754875 0.0714778484375 0.33840097187499996 0.11520363281249998 0.344649503125 0.1234421625 0.45922600156250004 0.1039767125 0.4796489859375 0.2391649953125 0.604278259375 0.2207439734375 0.6228260796875 0.36282082187500003 0.6477681093750001 0.3611115265625 0.6521289953125 0.36042083125 0.6387560375 0.23242131093750001 0.955532340625 0.1848855015625 0.9269632124999999 0 0.4606491484375 0
10 0.5892972203125 0.3608805453125 0.619695225 0.3555386484375 0.6016087 0.22261693437500002 0.477386809375 0.2436100625 0.4942511890625 0.3688154625 0.5387553921875 0.36888558437499996 0.5892972203125 0.3608805453125
16 0.020677834375000002 0.58250874375 0.1124049390625 0.5561157718749999 0.11235102500000001 0.549532740625 0.0393994984375 0.557132184375 0.0047299953125000006 0.569214865625 0.0083425140625 0.5857807796875 0.020677834375000002 0.58250874375
16 0.030306965624999998 0.6851304421875 0.09142020468749999 0.6754510546875 0.119849196875 0.6655432593749999 0.12903329531250002 0.6548604421875 0.076486871875 0.6539547812500001 0.0218196453125 0.6771146734375 0.0242100203125 0.685964271875 0.030306965624999998 0.6851304421875
16 0 0.4890195453125 0.025210645312500002 0.4850265703125 0.0463490234375 0.48115125625 0.10090725 0.467291378125 0.1008580828125 0.46698095000000006 0.085991 0.46300775781250003 0 0.47781711250000003 0 0.4890195453125
16 0 0.392792496875 0.07869288906250001 0.3832191875 0.083669921875 0.3824309015625 0 0.3856613 0 0.392792496875
16 0 0.30282525 0.063871403125 0.2985579578125 0.07197353437500001 0.29727470624999996 0.066260590625 0.2897423375 0 0.2895091640625 0 0.30282525
16 0 0.2148830484375 0.0077646187500000005 0.215689746875 0.024547659375 0.21303157499999997 0.0596130203125 0.20656987187500003 0.0589996421875 0.20269715625 0.0582064453125 0.200186159375 0 0.193879784375 0 0.2148830484375