20 0.1770601265625 0.3484931640625 0.25169324375 0.3591734921875 0.25175813125 0.358913240625 0.1656767390625 0.32552579375 0.0469174328125 0.29725771875 0.06650616718749999 0.31153535312499997 0.1770601265625 0.3484931640625
13 0 0.4732747375 0.1093049671875 0.5233638218750001 0.115382853125 0.524879209375 0.14835415000000002 0.3990395890625 0.156305109375 0.3671500296875 0.0404268546875 0.32086800000000004 0.0340394875 0.3279175734375 0.026681029687500003 0.3574307359375 0 0.4707751421875 0 0.4732747375
6 0.7001184828125 0.5918980140625 0.6615990359375 0.6051071 0.49860439375 0.5403129640625 0.37923800625 0.5508099265624999 0.36724498906249997 0.562581125 0.3615749453125 0.58532243125 0.3678979171875 0.5962925390625 0.6850518515624999 0.7370973578125 0.765344778125 0.76261860625 0.7836515281249999 0.7671829921875 0.8511175609375 0.6644368796875 0.8556556343749999 0.649465009375 0.8615956812500001 0.625640784375 0.8472891375 0.6030948281249999 0.8074816640625 0.5770663734375 0.7114662125 0.5584948109375001 0.7001184828125 0.5918980140625
13 0.7028331062500001 0.5898909578125 0.67947453125 0.606880071875 0.6523130015625 0.60279183125 0.62451128125 0.585124525 0.49879390468749996 0.540360215625 0.3813226265625 0.55132968125 0.37058961875 0.5580472546874999 0.3636595640625 0.5858421859375 0.368087428125 0.5963397890625 0.692821796875 0.739034621875 0.765344778125 0.76261860625 0.781987278125 0.7667680484375 0.8342714687499999 0.6924433515625 0.8537761187499999 0.6570033328125 0.8616132890625 0.6255701578124999 0.8455835390625 0.602669575 0.805776065625 0.57664111875 0.7116557234374999 0.5585420609375 0.7028331062500001 0.5898909578125
6 0.56899370625 1 0.6840828953125 0.852799803125 0.6854061609375 0.8478961453125 0.6965048515625 0.8033817265625001 0.1514477890625 0.546888071875 0.001083809375 0.4798753359375 0 0.4799889265625 0 0.8048089218750001 0.2186460234375 0.9393870265625001 0.44725987500000003 0.9973262234375 0.45798380781250003 1 0.56899370625 1
13 0.5650185140625 1 0.6877732640625001 0.8456682453125 0.6957148921874999 0.8194674750000001 0.698684915625 0.8075553624999999 0.694060578125 0.80026778125 0.3844870796875 0.6613529765624999 0.342784496875 0.6348520171875001 0.1406123859375 0.5415026140625 0.0938646703125 0.527163209375 0.004779271874999999 0.48079671875 0 0.48087441875000003 0 0.8071857124999999 0.216656159375 0.9388908984375 0.44792316249999997 0.9974916 0.45798380468750005 1 0.5650185140625 1
4 0.3130217875 0.41272016718750004 0.217631246875 0.38356885625000003 0.158255415625 0.375474521875 0.122352775 0.5315822015625 0.344969346875 0.630431565625 0.3499929578125 0.6316840921875 0.367428896875 0.5537701421875 0.3781619046875 0.5470525671875001 0.49310806874999996 0.538137409375 0.5106596390625 0.508916090625 0.51173179375 0.504615915625 0.5101334828125 0.494072309375 0.45453513437500004 0.46679063593750003 0.3566194796875 0.43969363125000005 0.3130217875 0.41272016718750004
6 0.31963633125 0.38538335 0.256462640625 0.3642646 0.1560295125 0.3513013125 0.1655126984375 0.3657432390625 0.51613075625 0.48939465000000004 0.5571855046875 0.49023713437499994 0.5650601921875 0.478029578125 0.5652274296875001 0.47735882187499995 0.5565402171875 0.4686051296875 0.411881940625 0.43522165937499996 0.347443146875 0.41110359374999994 0.31963633125 0.38538335
4 0.4158022484375 0.1425815734375 0.40885691093750004 0.1462176859375 0.3414311015625 0.3924277296875 0.40713754687500003 0.42357158124999994 0.497157325 0.44937089375 0.51674013125 0.4542534359375 0.5277919609375 0.452312159375 0.5410271578125 0.40730205 0.52396863125 0.399023046875 0.527111015625 0.37430958125 0.5504797796875 0.37342634375 0.5561574640625 0.36276444531249996 0.6206720484375 0.13226737500000002 0.6291298656250001 0.098344928125 0.603339065625 0.06453888437500001 0.43973479375 0.0344833171875 0.4107469265625 0.1386372515625 0.4158022484375 0.1425815734375
16 0.2746465296875 0 0.321973903125 0.036926321875 0.3265221484375 0.0380603265625 0.342693078125 0.0410186359375 0.4279704296875 0.058254832812500004 0.4405858109375 0.031877415625 0.460166903125 0.034075640625 0.6054551859374999 0.06493229843750001 0.6282117734375 0.094761159375 0.6345245578125 0.0896253890625 0.605444996875 0.04882641875 0.3465981828125 0 0.2746465296875 0
10 0.587666784375 0.5003866671874999 0.617355975 0.50644706875 0.6173406921875 0.48228825156250005 0.6330959093749999 0.427170896875 0.6229878140625 0.42330871875 0.6166801234375 0.43649742812500003 0.6053120171875 0.4376888765625 0.604036725 0.41858368125 0.5933139062499999 0.4414071359375 0.585103465625 0.44204393125 0.5718682687500001 0.487054040625 0.587666784375 0.5003866671874999
10 0.707419640625 0.551715525 0.7875827765625 0.5717024390625001 0.7905516859375 0.572308478125 0.795599365625 0.5641733921875 0.8344219328125 0.431070015625 0.8368233640625 0.42143840312499997 0.7582278609374999 0.39516419375 0.6983188109375 0.5426025140624999 0.7014815703124999 0.550100803125 0.707419640625 0.551715525