21 0.1328125 1 0.1359375 0.9604166671875 0.1265625 0.8520833328125 0.1328125 0.7958333328125 0.165625 0.7708333328125 0.178125 0.775 0.184375 0.7583333328124999 0.2140625 0.73125 0.309375 0.6666666671875 0.3203125 0.6479166671875001 0.3296875 0.5666666671875 0.315625 0.5541666671875001 0.06875 0.5354166671875 0.0546875 0.54375 0.05 0.5895833328125 0.040625 0.5333333328125 0.01875 0.53125 0.0046875 0.54375 0 0.6083333328125 0.021875 0.6104166671875 0.0375 0.5916666671875 0.0421875 0.5958333328125 0.0390625 0.6083333328125 0.0296875 0.6083333328125 0.0265625 0.61875 0 0.6333333328124999 0 0.7916666671875 0.0734375 0.8041666671875 0.084375 0.8125 0.0859375 1 0.1328125 1
6 1 0.5645833328125 0.965625 0.5541666671875001 0.95625 0.54375 0.953125 0.525 0.9 0.525 0.8421875 0.5125 0.7953125 0.5020833328125 0.7828125 0.4875 0.6359375 0.48333333281249996 0.56875 0.4770833328125 0.5390625 0.46666666718750005 0.075 0.43541666718750005 0.0265625 0.4375 0.0140625 0.44166666718750003 0.0125 0.45 0.034375 0.4583333328125 0.190625 0.46666666718750005 0.28125 0.48333333281249996 0.503125 0.5020833328125 0.628125 0.5041666671875 0.8265625 0.525 0.8375 0.5333333328125 0.8140625 0.5354166671875 0.8203125 0.5520833328125 0.8453125 0.5395833328124999 0.871875 0.5395833328124999 0.9375 0.5791666671875 0.94375 0.59375 0.928125 0.6104166671875 0.9359375 0.625 0.96875 0.6104166671875 1 0.61875 1 0.5645833328125
5 0.0640625 0.5208333328125 0.071875 0.5291666671875 0.1421875 0.5333333328125 0.1625 0.5145833328125 0.171875 0.5145833328125 0.184375 0.5208333328125 0.1875 0.5416666671875 0.19375 0.5458333328125 0.2671875 0.55 0.2765625 0.54375 0.271875 0.4791666671875 0.2609375 0.47291666718750003 0.184375 0.47083333281249995 0.1625 0.4875 0.1578125 0.475 0.140625 0.46458333281249997 0.09375 0.46458333281249997 0.078125 0.47291666718750003 0.065625 0.5020833328125 0.0640625 0.5208333328125
18 0.2140625 0.46875 0.23125 0.45625 0.2671875 0.45208333281249996 0.2640625 0.4458333328125 0.203125 0.43958333281249995 0.0453125 0.43541666718750005 0.0171875 0.43958333281249995 0.015625 0.45208333281249996 0.2140625 0.46875
5 0.390625 1 0.3796875 0.8 0.3953125 0.6708333328125 0.3953125 0.5916666671875 0.38125 0.5854166671875001 0.3546875 0.6020833328124999 0.35625 0.5895833328125 0.396875 0.5645833328125 0.3984375 0.5375 0.3859375 0.5354166671875 0.3625 0.55 0.3265625 0.5541666671875001 0.3171875 0.6416666671875 0.309375 0.65625 0.1234375 0.7979166671875 0.1234375 0.91875 0.115625 1 0.1390625 1 0.140625 0.9416666671874999 0.146875 0.9375 0.19375 0.9458333328125 0.196875 1 0.390625 1
13 0.2875 0.55625 0.359375 0.5541666671875001 0.4046875 0.525 0.4 0.49375 0.39375 0.4895833328125 0.275 0.48333333281249996 0.2703125 0.4895833328125 0.271875 0.5458333328125 0.2875 0.55625
20 0.43125 0.4625 0.428125 0.45625 0.303125 0.45 0.278125 0.4625 0.40625 0.47291666718750003 0.43125 0.4625
5 0.228125 0.2979166671875 0.2609375 0.29375 0.2640625 0.0875 0.259375 0.07291666718749999 0.0734375 0.0666666671875 0.06875 0.07291666718749999 0.071875 0.2854166671875 0.228125 0.2979166671875
5 0.5671875 0.4791666671875 0.6921875 0.4875 0.7 0.45 0.7109375 0.1729166671875 0.5671875 0.1708333328125 0.5609375 0.20833333281250002 0.5515625 0.46875 0.5671875 0.4791666671875
4 0.39375 0.70625 0.428125 0.7166666671875 0.553125 0.7270833328124999 0.56875 0.7354166671875 0.5609375 0.975 0.9953125 0.975 0.9953125 0.75625 0.5625 0.70625 0.55 0.68125 0.5578125 0.6333333328124999 0.59375 0.6083333328125 0.9875 0.65 0.9953125 0.65 0.99375 0.61875 0.9640625 0.60625 0.9359375 0.575 0.9 0.55 0.8625 0.5354166671875 0.75625 0.5145833328125 0.4109375 0.48541666718750004 0.4 0.5020833328125 0.409375 0.5354166671875 0.39375 0.70625
10 0.7984375 0.5020833328125 0.8625 0.5104166671875 0.9046875 0.525 0.9640625 0.5208333328125 0.996875 0.50625 1 0.44166666718750003 0.978125 0.43541666718750005 0.9640625 0.40833333281249995 0.796875 0.39791666718749996 0.790625 0.40416666718750005 0.7890625 0.4895833328125 0.7984375 0.5020833328125
6 1 0.6479166671875001 0.95 0.6375 0.5796875 0.6083333328125 0.5515625 0.63125 0.546875 0.65 0.546875 0.69375 0.5609375 0.7104166671875001 0.74375 0.7333333328125 0.7671875 0.7604166671875 0.7796875 0.7520833328125 0.821875 0.7541666671875 0.8375 0.74375 1 0.7583333328124999 1 0.6479166671875001