14 0.2359375 0.773177084375 0.240625 0.7065104171875001 0.2328125 0.7002604171875 0.207946428125 0.8453125 0.221875003125 0.8453125 0.2453125 0.8440104171874999 0.2515625 0.83359375 0.2546875 0.798177084375 0.2359375 0.773177084375
14 0.196875 0.535677084375 0.2 0.4877604171875 0.209375 0.48151041718750004 0.221875 0.491927084375 0.2515625 0.548177084375 0.25625 0.48567708437499996 0.26875 0.46901041718750003 0.2640625 0.33151041718749996 0.240625 0.22526041718749998 0.2421875 0.2065104171875 0.259375 0.20234375 0.265625 0.16484375 0.2578125 0.123177084375 0.24375 0.1002604171875 0.2109375 0.0940104171875 0.1921875 0.1127604171875 0.1984375 0.191927084375 0.178125 0.24817708437500002 0.175 0.27734375 0.178125 0.398177084375 0.1734375 0.47109375 0.18125 0.48567708437499996 0.1890625 0.6065104171875 0.184375 0.83359375 0.1931640625 0.8453125 0.194140625 0.8453125 0.203125 0.82734375 0.228125 0.7002604171875 0.20625 0.6377604171875 0.196875 0.535677084375
19 0 0.58359375 0.17431638437500002 0.5875 0.18592623125000002 0.5875 0.18125 0.479427084375 0.171875 0.4752604171875 0.178125 0.40026041718750005 0.1484375 0.398177084375 0.1484375 0.38359375 0.140625 0.38359375 0.109375 0.398177084375 0.0796875 0.3877604171875 0.06875 0.39401041718749996 0 0.391927084375 0.0015625 0.40026041718750005 0.0203125 0.4127604171875 0.0328125 0.4877604171875 0.015625 0.49401041718750005 0 0.48567708437499996 0 0.58359375
15 0 0.48567708437499996 0.013623045312500002 0.49375 0.0162109421875 0.49375 0.03125 0.491927084375 0.021875 0.41484375 0 0.39609375 0 0.48567708437499996
19 0.325 0.5895833328125 0.3546875 0.6166666671875001 0.4015625 0.61875 0.4046875 0.6291666671875 0.4078125 0.5791666671875 0.33125 0.54375 0.321875 0.5375 0.3203125 0.5270833328125 0.328125 0.5166666671875 0.3984375 0.5125 0.41875 0.4604166671875 0.4390625 0.45 0.4609375 0.45208333281249996 0.4609375 0.43541666718750005 0.4671875 0.43125 0.46875 0.35208333281250004 0.4609375 0.3458333328125 0.3515625 0.3395833328125 0.34375 0.43125 0.3359375 0.4479166671875 0.334375 0.5041666671875 0.325 0.50625 0.2984375 0.4625 0.278125 0.4458333328125 0.26875 0.4458333328125 0.2671875 0.4895833328125 0.325 0.5895833328125
19 0.2875 0.4497395828125 0.316532628125 0.484375 0.31753906249999997 0.484375 0.321875 0.47473958281249995 0.334375 0.47057291562500003 0.3453125 0.42890625 0.3453125 0.40182291562500005 0.3015625 0.40182291562500005 0.26875 0.38723958281250004 0.271875 0.44348958281249995 0.2875 0.4497395828125
15 0.2703125 0.44322916718750005 0.290625 0.45364583437499995 0.313671875 0.484375 0.3152343765625 0.484375 0.3328125 0.4765625 0.3453125 0.4244791671875 0.2703125 0.384895834375 0.2703125 0.44322916718750005
15 0.14375 0.38125 0.1125 0.39791666718749996 0.0703125 0.3875 0.078125 0.42083333281249996 0.071875 0.4791666671875 0.15625 0.48125 0.1578125 0.4604166671875 0.1484375 0.4375 0.1484375 0.38333333281250004 0.14375 0.38125
5 0.3390625 0.6565104171875 0.2890625 0.65859375 0.24375 0.679427084375 0.25 0.554427084375 0.2265625 0.5002604171875 0.2109375 0.4877604171875 0.2046875 0.49609375 0.2015625 0.55234375 0.2140625 0.660677084375 0.225 0.6815104171875 0.234375 0.68359375 0.25 0.70859375 0.2677734375 0.7140625 0.29609375625 0.7140625 0.3390625 0.7127604171875 0.3921875 0.69609375 0.3640625 0.6690104171875 0.3390625 0.6565104171875
19 0.253125 0.5166666671875 0.253125 0.56875 0.30625 0.5645833328125 0.28125 0.5145833328125 0.2703125 0.50625 0.253125 0.5166666671875
11 0.8234375 0.425 0.8296875 0.44166666718750003 0.8375 0.44166666718750003 0.8453125 0.4291666671875 0.8609375 0.25625 0.840625 0.25 0.684375 0.2645833328125 0.6703125 0.4145833328125 0.6828125 0.42291666718750004 0.7265625 0.42291666718750004 0.7359375 0.4479166671875 0.75625 0.45625 0.8 0.4479166671875 0.8109375 0.425 0.8234375 0.425
5 0.61875 0.7125 0.6859375 0.7083333328125 0.70625 0.6979166671875 0.734375 0.6333333328124999 0.74375 0.5625 0.740625 0.5354166671875 0.7296875 0.5145833328125 0.6921875 0.50625 0.659375 0.5229166671875001 0.6296875 0.5583333328125 0.6234375 0.6104166671875 0.634375 0.6479166671875001 0.63125 0.6604166671875 0.5515625 0.6708333328125 0.5484375 0.68125 0.5703125 0.6979166671875 0.61875 0.7125
9 0.6671875 0.42109375 0.659375 0.43359375 0.640625 0.51484375 0.571875 0.52109375 0.56875 0.53984375 0.632734371875 0.55 0.63461626875 0.55 0.6671875 0.51484375 0.7109375 0.504427084375 0.7265625 0.42317708437499996 0.6671875 0.42109375
21 0.4 0.7875 0.3921875 0.7958333328125 0.3890625 0.8229166671874999 0.4125 0.8354166671875 0.4234375 0.8 0.4375 0.7791666671875 0.440625 0.75625 0.4484375 0.7583333328124999 0.478125 0.8958333328125001 0.5078125 0.9229166671875 0.5125 0.9104166671874999 0.465625 0.7104166671875001 0.4671875 0.6958333328124999 0.5046875 0.6083333328125 0.5375 0.6083333328125 0.5484375 0.6291666671875 0.5671875 0.6354166671875 0.5765625 0.60625 0.5875 0.5979166671875 0.55625 0.58125 0.6203125 0.5770833328125 0.628125 0.5708333328124999 0.63125 0.5520833328125 0.565625 0.5375 0.5390625 0.5145833328125 0.45 0.5083333328124999 0.3375 0.5145833328125 0.3265625 0.51875 0.321875 0.5333333328125 0.4078125 0.575 0.4203125 0.6104166671875 0.41875 0.6458333328125 0.428125 0.65625 0.4328125 0.6916666671875 0.4 0.7875
5 0.50625 0.6059895828124999 0.4921875 0.633072915625 0.49501953125 0.640625 0.5064453062500001 0.640625 0.525 0.639322915625 0.5453125 0.620572915625 0.5390625 0.608072915625 0.50625 0.6059895828124999
21 0.7484374984375 0.7703125 0.759375 0.7666666671875 0.803125 0.69375 0.790625 0.68125 0.775390621875 0.6796875 0.7699829109375 0.6796875 0.728125 0.7458333328125 0.728125 0.7625 0.7457031265625 0.7703125 0.7484374984375 0.7703125
5 0.7453125 0.65234375 0.7421875 0.6627604171875 0.80558268125 0.6875 0.806328125 0.6875 0.8125 0.6669270843749999 0.8109375 0.641927084375 0.7984375 0.63984375 0.7453125 0.65234375
5 0.5703125 0.4604166671875 0.5609375 0.48541666718750004 0.5609375 0.50625 0.640625 0.50625 0.6328125 0.46875 0.6109375 0.45208333281249996 0.590625 0.45 0.5703125 0.4604166671875
5 0.440625 0.44739583437499997 0.409375 0.472395834375 0.4016710078125 0.509375 0.41406252343750005 0.509375 0.5015625 0.5057291671875 0.5 0.491145834375 0.48125 0.46197916718750004 0.440625 0.44739583437499997
2 0.4515625 0.5354166671875 0.553125 0.53125 0.5515625 0.5229166671875001 0.528125 0.5125 0.4921875 0.51875 0.45625 0.5083333328124999 0.446875 0.5270833328125 0.4515625 0.5354166671875
21 0.8140625 0.5622395828125 0.815625 0.5309895828125 0.790625 0.5184895828125 0.7703125 0.52265625 0.7578125 0.5059895828125 0.7296875 0.5059895828125 0.7453125 0.564322915625 0.7609375 0.5747395828124999 0.7810119624999999 0.640625 0.80634765625 0.640625 0.809375 0.61640625 0.79375 0.589322915625 0.7890625 0.56640625 0.8140625 0.5622395828125