14 0.47270923906249995 0.85628630625 0.4484856296875 0.903305103125 0.45185485312500007 0.926581259375 0.4599801109375 0.9313870640624999 0.5079936843749999 0.8962482546875 0.49357668125 0.9249670171875 0.49709154062499994 0.94019155 0.5247596390625 0.9384810343750001 0.5297002953125001 0.9373403937499999 0.5800917578125 0.891630103125 0.5639262031250001 0.8046786265625 0.55843276875 0.7808839515625 0.5254060265625 0.80670295625 0.5173568515625 0.8326152578125001 0.5093044124999999 0.8237836421875 0.47270923906249995 0.85628630625
14 0.5311504421875 0.32322763593750004 0.5307070031250001 0.27789467343749996 0.5163562890625 0.233099790625 0.5007644015625 0.2219997953125 0.47865905 0.22175788281250003 0.46643638593750003 0.23393404218749997 0.46380513749999996 0.2746315171875 0.478596025 0.33001544374999997 0.492212028125 0.34558061093750003 0.4548125890625 0.3876232890625 0.45122817656249997 0.411168484375 0.47597783437499996 0.5096885875 0.4775928921875 0.5600963937500001 0.42570036875 0.6001397296875 0.41816418437499997 0.6326152640625 0.42577971562499994 0.6656017515625 0.43507659375 0.6754823984375 0.52788994375 0.6781087515625 0.5374052765624999 0.6759119640625 0.5401854265625 0.66190678125 0.5835157828125 0.6412125125 0.6018150015625 0.6423331375 0.5999880171875 0.6734905999999999 0.610893425 0.664291221875 0.6182144187499999 0.6786370390625 0.6352691984375001 0.6787086328124999 0.645574921875 0.519310184375 0.6405467203125 0.49753064687500004 0.6143093515625 0.40559023281249995 0.5998130015625 0.36884697499999997 0.5578694546875 0.34779473437499997 0.5311504421875 0.32322763593750004
15 0.344437015625 0.43742676718749995 0.33455759218750003 0.4597526140625 0.3140738265625 0.57940634375 0.397004490625 0.569614625 0.404107028125 0.596037878125 0.42511439375000004 0.5958651125000001 0.42860335000000005 0.5950596234375001 0.43397028281249994 0.5864707359375 0.4506446515625 0.4329518046875 0.3734231875 0.44142545 0.344437015625 0.43742676718749995
19 1 0.6688312671875 0.9775791421875001 0.672376696875 0.97135695 0.6671315359375 0.9657901234375 0.6256540671875 0.9769107203124999 0.5696333359375 0.9266962796874999 0.5518269171875 0.9297677015625 0.5217184859375 0.96430764375 0.4282189703125 0.901724903125 0.43064033281249997 0.8699585828125 0.440646834375 0.8649112750000001 0.4752204328125 0.8797054265625001 0.5653482765625 0.8750950296875001 0.57576700625 0.8579674296875 0.5797212234375 0.7961889531249999 0.572602571875 0.6994238328125 0.578906559375 0.7062220421875 0.48245739375 0.7010953890625 0.451568971875 0.6310460171875001 0.447696140625 0.6473758796875 0.52276976875 0.639925571875 0.690195159375 0.6069908953125001 0.7298707328125 0.6273486109374999 0.8267321265625001 0.6479910703125 0.838002440625 0.633061075 0.8601579718749999 0.6288180328124999 0.8851915578125 0.6468325078125 0.9719032656250001 1 0.8924581890625 1 0.6688312671875
15 0.7005948 0.5770326203125 0.700847978125 0.578129253125 0.874216640625 0.5754352640625 0.878314046875 0.5584533015625001 0.8633742578125 0.47637708125 0.8727367734374999 0.40579530156250004 0.872456603125 0.4045817515625 0.8483616515625 0.3983266734375 0.704605678125 0.41815201875 0.7070315296875 0.5285076453124999 0.7005948 0.5770326203125
15 1 0.4464146578125 0.987434409375 0.392945865625 0.9539900046875 0.460802121875 0.927207965625 0.544492584375 0.93957953125 0.55900871875 0.9843032265625 0.5660557749999999 0.96703325625 0.6128055328124999 0.9742118765625 0.669946890625 1 0.6656167374999999 1 0.4464146578125
16 0.3158372703125 0.4173028703125 0.319716221875 0.41239834374999995 0.31722408125 0.3755563609375 0.300530128125 0.3206117921875 0.3069707734375 0.3137795171875 0.2976010765625 0.30792468125 0.2858848765625 0.257176240625 0.29100826562500004 0.25332074531250004 0.280831040625 0.22226200624999998 0.31633720468750004 0.2848904375 0.3223409421875 0.3022130328125 0.3088738390625 0.313340159375 0.3258558015625 0.31743756562500003 0.3425530203125 0.407126053125 0.350899996875 0.43459833750000004 0.355621253125 0.43551285 0.357072953125 0.43517769843750004 0.33815454843750004 0.3359795125 0.3541137921875 0.36169436718750003 0.350162021875 0.37062470625 0.3589459078125 0.37394211875 0.3586579 0.42478928437499996 0.366270165625 0.423031853125 0.3705860265625 0.39397245625 0.3884483359375 0.419247953125 0.37036430781249996 0.3713059734375 0.3771657796875 0.3096007234375 0.4005155703125 0.31089166874999996 0.4079854640625 0.35192977812500004 0.3945183625 0.36305690468749996 0.41208613437499997 0.36969173125 0.41735842500000003 0.39252852968749996 0.42365343437499997 0.39374787968749997 0.419112590625 0.36539688125 0.4229915421875 0.36049235468749996 0.438801884375 0.35951491406249997 0.4478074890625 0.385498809375 0.4535166890625 0.38418073750000004 0.42291458125 0.24251187500000002 0.40887974375 0.18172031718749998 0.30761634375 0.1733154609375 0.2656760625 0.1870071375 0.3115181453125 0.4116183515625 0.3158372703125 0.4173028703125
19 0.4464499671875 0.427372190625 0.45089045937499994 0.426347021875 0.4512424140625 0.40688893281249994 0.4497193078125 0.4002916359375 0.44333560937499994 0.39000569218750003 0.4064459 0.4038676875 0.3800246875 0.4326851734375 0.4464499671875 0.427372190625
19 0.4391512015625 0.581399259375 0.4503816734375 0.5788065 0.4692786328125 0.5692320921875 0.47286304687499997 0.5456868984375001 0.4735038484375 0.5102597531249999 0.46670845156249996 0.48082565625000007 0.456384284375 0.443920975 0.44489633125 0.48532684843749996 0.43655914687499997 0.5620863140625 0.4391512015625 0.581399259375
19 0.1986479484375 0.6786174140625 0.20770654375 0.6765260734375 0.21132965312500002 0.6752887125 0.22977450781250003 0.6683577140625 0.2127132 0.5987982875 0.310355403125 0.5789284765625 0.3291271953125 0.47530198125 0.328924875 0.474425634375 0.1655669171875 0.516139521875 0.16564299843750002 0.546857625 0.1949335015625 0.6737287281250001 0.1986479484375 0.6786174140625
21 0.080835384375 0.835040034375 0.10996719218749999 0.8309870937499999 0.11362768906250001 0.838160003125 0.1445897453125 0.8376935171875 0.1369046609375 0.8434767578125 0.159741459375 0.8382044687500001 0.1677939 0.8470360828124999 0.1849214984375 0.8430818656250001 0.1929739375 0.8519134812500001 0.2101015375 0.8479592640625 0.20622258593749998 0.852863790625 0.22196010937500002 0.8559121640624999 0.2447969078125 0.8506398734375 0.2477987765625 0.8593011718750001 0.26719679687500003 0.8695224546875 0.300866184375 0.859076596875 0.3084056328125 0.8613449781250001 0.30511249218750003 0.868786928125 0.3254604125 0.861416571875 0.3455170625 0.8701494640625 0.43154068749999996 0.875011515625 0.43484601562499997 0.8742484203125 0.47111945312500003 0.8411518671874999 0.4863439859375 0.8376370078125 0.486489621875 0.8295853843750001 0.51796140625 0.8009382140625 0.5331859375 0.7974233546875 0.5327457640625 0.7868343078125 0.5530936859375 0.7794639546875 0.5532393234375 0.77141233125 0.58471110625 0.7427651609375 0.5921777359375 0.7490593546875 0.599495465625 0.72866125625 0.632870315625 0.699574728125 0.634822115625 0.688059278125 0.63456965 0.6869657296875 0.60227235 0.67991215625 0.43933681093750004 0.6774387843749999 0.42791841093749994 0.6800749296874999 0.428431403125 0.6866381625 0.453684259375 0.68748975 0.4591750046875 0.6982491125 0.4393433390625 0.74692661875 0.27406782343749997 0.769047475 0.2621364328125 0.7651203859375 0.23592388125000002 0.6776286875 0.229701690625 0.6723835265625 0.18973729374999998 0.681610034375 0.14816436718749998 0.7099165703125 0.0459834796875 0.756144140625 0.06241159843750001 0.8273021343750001 0.076589078125 0.8253297046875 0.080835384375 0.835040034375
9 0.45757639687499996 0.6982707328125 0.4568031265625 0.6949213359375 0.42721658125 0.68919039375 0.39463293906249997 0.569761240625 0.2180728109375 0.5987636234375 0.21413697968749998 0.5996722812499999 0.2659721828125 0.7678429343750001 0.43742544062500005 0.7453649 0.44021373906249994 0.7447211703125001 0.45757639687499996 0.6982707328125
2 0.12387212031249999 0.727551878125 0.1318517421875 0.74040930625 0.1665471125 0.7430899156249999 0.189422078125 0.7545129828125 0.1937324453125 0.7535178546875 0.2513624421875 0.7288720390625001 0.2509386765625 0.7270365109375 0.2360041453125 0.674937490625 0.19420949999999998 0.68057754375 0.13360590781249998 0.7132776546875 0.12387212031249999 0.727551878125
21 0.26655828125 0.9292703390625 0.2721139125 0.9294576890625 0.2770809140625 0.9283109656249999 0.28134264062500003 0.9151664343749999 0.2743129203125 0.8847173703125 0.261209909375 0.8757154375 0.26655828125 0.9292703390625
4 0.6743146656250001 0.15974942187500002 0.69298776875 0.24497274062500002 0.7729165640625 0.226519725 0.793347096875 0.3193553078125 0.817651821875 0.3176194875 0.8380622015625001 0.31290737968750004 0.8472187703125 0.30959071875 0.8307497984375001 0.31205654531250004 0.8176467875 0.3030546125 0.8215985578125 0.294124275 0.8129603078125 0.2827552375 0.8098823562499999 0.24337583437500002 0.8035873468749999 0.242156484375 0.7933373031250001 0.2151235578125 0.7801549453125001 0.140659603125 0.9191516203125 0.1045606921875 0.9095658546875001 0.058264834375 0.9008811781249999 0.020647367187499998 0.580912240625 0.11984173281249999 0.5969475671875 0.1762746921875 0.6642863421875 0.1553829765625 0.6743146656250001 0.15974942187500002
7 0.6876811453125 0.3909227859375 0.7097703109375 0.3858231015625 0.7097670468749999 0.35107918437499996 0.675259734375 0.1686183046875 0.6730615 0.15909670625 0.596076459375 0.1755403703125 0.631009871875 0.37460704375 0.6742674109375 0.35793858749999996 0.6876811453125 0.3909227859375
6 0.85188389375 0.3363094265625 0.8670412765625001 0.3414962375 0.8682828 0.3412096078125 0.8704743859375 0.32132680625 0.88291876875 0.331817128125 0.9564069171874999 0.3201963859375 0.96934776875 0.3172087546875 0.9660984765625 0.3031345203125 0.8654966328125001 0.3171306765625 0.8121379515625 0.33345849843750003 0.8264125828125 0.3475352765625 0.85188389375 0.3363094265625
18 0.932292309375 0.2808628765625 0.926877646875 0.30082161875 0.9372644140625 0.3028335453125 0.9403727546875 0.302115928125 0.946449778125 0.29443216875 0.9461275828125 0.29303658593750004 0.9384416828125 0.29013385 0.931997771875 0.2622222078125 0.924458325 0.2599538265625 0.932292309375 0.2808628765625
10 0.72836726875 0.36175192031250003 0.763939721875 0.3508667046875 0.772429071875 0.33554344999999997 0.791972728125 0.3377131078125 0.7780772890625001 0.252780384375 0.77366668125 0.2336759421875 0.693734921875 0.250813746875 0.717902034375 0.38154034375 0.7293204328125 0.3789041984375 0.72836726875 0.36175192031250003