4 0.3234375 0.3145833328125 0.3609375 0.3104166671875 0.34375 0.2958333328125 0.3484375 0.2541666671875 0.34375 0.1395833328125 0.209375 0.1375 0.2046875 0.1416666671875 0.20625 0.30416666718749996 0.3234375 0.3145833328125
6 0.7640625 0.5145833328125 0.7671875 0.525 0.8546875 0.53125 0.8828125 0.5375 0.8875 0.5458333328125 0.75 0.5395833328124999 0.7078125 0.5479166671875 0.484375 0.5291666671875 0.434375 0.5479166671875 0.43125 0.5708333328124999 0.9265625 0.6395833328125 0.9421875 0.6354166671875 0.959375 0.5375 0.9421875 0.5020833328125 0.8796875 0.4875 0.875 0.5125 0.8 0.50625 0.784375 0.49791666718750005 0.7875 0.4770833328125 0.78125 0.4770833328125 0.759375 0.48333333281249996 0.7765625 0.49583333281249997 0.7640625 0.5145833328125
4 0.44375 0.54375 0.4734375 0.5333333328125 0.515625 0.53125 0.8234375 0.5729166671875 0.8859375 0.5708333328124999 0.884375 0.5541666671875001 0.7640625 0.5395833328124999 0.7578125 0.5270833328125 0.771875 0.5020833328125 0.740625 0.4895833328125 0.4421875 0.4604166671875 0.4375 0.46458333281249997 0.4375 0.5395833328124999 0.44375 0.54375
4 0.578125 0.4583333328125 0.6765625 0.4625 0.684375 0.43541666718750005 0.6921875 0.225 0.68125 0.2104166671875 0.6296875 0.2104166671875 0.5640625 0.2166666671875 0.5609375 0.4479166671875 0.578125 0.4583333328125
4 0.440625 0.8333333328125001 0.475 0.8395833328125001 0.8859375 0.8395833328125001 0.8859375 0.63125 0.8203125 0.6166666671875001 0.725 0.6125 0.6578125 0.6 0.65625 0.5916666671875 0.5984375 0.5916666671875 0.5828125 0.5791666671875 0.51875 0.5833333328125 0.4390625 0.575 0.434375 0.58125 0.4296875 0.8166666671874999 0.440625 0.8333333328125001
21 0 0.5708333328124999 0.11875 0.5895833328125 0.11875 0.875 0.1265625 0.8833333328125 0.1390625 0.88125 0.14375 0.5875 0.259375 0.55625 0.2625 0.48125 0.1328125 0.46666666718750005 0.125 0.45 0 0.4479166671875 0 0.5708333328124999
7 0 0.45208333281249996 0.1234375 0.4458333328125 0.128125 0.4375 0.1328125 0.3166666671875 0.1296875 0.20416666718749998 0.059375 0.1854166671875 0.0125 0.1854166671875 0 0.1875 0 0.45208333281249996
13 0.4296875 0.6020833328124999 0.4390625 0.46666666718750005 0.41875 0.45625 0.3390625 0.45416666718750004 0.3390625 0.5916666671875 0.3875 0.60625 0.4296875 0.6020833328124999
6 0.346875 0.45208333281249996 0.7140625 0.48333333281249996 0.7328125 0.48333333281249996 0.7390625 0.47083333281249995 0.703125 0.4604166671875 0.51875 0.44375 0.428125 0.44375 0.3296875 0.4291666671875 0.325 0.43125 0.325 0.4479166671875 0.346875 0.45208333281249996
5 0.321875 0.4916666671875 0.3015625 0.5 0.28125 0.5 0.2828125 0.4625 0.2625 0.46458333281249997 0.246875 0.6229166671875 0.2125 0.6208333328125 0.14375 0.6479166671875001 0.1484375 0.8395833328125001 0.1578125 0.84375 0.1671875 0.8354166671875 0.1671875 0.8020833328125001 0.1890625 0.8041666671875 0.253125 0.8208333328125 0.25625 0.8666666671875 0.2734375 0.86875 0.2734375 0.7729166671875001 0.3140625 0.7791666671875 0.3171875 0.8208333328125 0.3359375 0.8166666671874999 0.3265625 0.6208333328125 0.340625 0.4583333328125 0.328125 0.45416666718750004 0.3328125 0.47083333281249995 0.321875 0.4791666671875 0.321875 0.4916666671875
18 0.3203125 0.44166666718750003 0.35 0.43125 0.2625 0.42083333281249996 0.2484375 0.425 0.2484375 0.4375 0.3203125 0.44166666718750003