5 1 0.1041666671875 0.903125 0.0770833328125 0.8578125 0.10833333281249999 0.8140625 0.19375 0.61875 0.7833333328125 0.3640625 0.85 0.3640625 0.8604166671875 0.471875 0.925 0.4703125 0.9604166671875 0.453125 1 0.521875 1 0.50625 0.9791666671874999 0.5078125 0.9583333328125001 0.5203125 0.9541666671875 0.596875 1 0.7765625 1 0.8609375 0.9625 0.915625 0.9270833328125001 0.953125 0.8854166671874999 0.9734375 0.85 1 0.7875 1 0.1041666671875
3 0.340625 0.2791666671875 0.4125 0.2875 0.4140625 0.2645833328125 0.4359375 0.2520833328125 0.44375 0.2520833328125 0.4515625 0.2708333328125 0.4796875 0.2645833328125 0.484375 0.2854166671875 0.4796875 0.41041666718750003 0.559375 0.4145833328125 0.5671875 0.40416666718750005 0.5765625 0.09375 0.4875 0.08125 0.3375 0.1895833328125 0.34375 0.24375 0.340625 0.2791666671875
5 0.4609375 0.28958333281250004 0.3390625 0.28125 0.3234375 0.40625 0.4625 0.4125 0.4609375 0.28958333281250004
5 0.30625 0.6333333328124999 0.30625 0.6416666671875 0.2609375 0.8458333328125001 0.25 0.93125 0.2625 0.9208333328125 0.325 0.6354166671875 0.4203125 0.6416666671875 0.4203125 0.68125 0.4453125 0.8291666671875 0.459375 0.8270833328125 0.4296875 0.6375 0.46875 0.6291666671875 0.4796875 0.5979166671875 0.478125 0.5125 0.2796875 0.5104166671875 0.2625 0.6145833328125 0.2828125 0.6291666671875 0.30625 0.6333333328124999
5 0.0125 0.8354166671875 0.0078125 0.7854166671875 0.015625 0.7854166671875 0.053125 0.9333333328125001 0.0578125 0.94375 0.06875 0.94375 0.0015625 0.6479166671875001 0.003125 0.6375 0.0515625 0.625 0.0578125 0.6083333328125 0.0265625 0.5458333328125 0.0203125 0.5083333328124999 0.0015625 0.5083333328124999 0 0.8270833328125 0.003125 0.8354166671875 0.0125 0.8354166671875
9 0.1125 0.3854166671875 0.1109375 0.4 0.159375 0.41041666718750003 0.321875 0.4145833328125 0.34375 0.2416666671875 0.1859375 0.2166666671875 0.175 0.27291666718749996 0.165625 0.3854166671875 0.1125 0.3854166671875
11 0.7375 0 0.578125 0.0895833328125 0.5671875 0.40208333281249997 0.646875 0.4125 0.653125 0.42083333281249996 0.6828125 0.41875 0.6953125 0.43333333281249997 0.715625 0.4375 0.734375 0.43958333281249995 0.7390625 0.43333333281249997 0.784375 0.28125 0.7984375 0.2520833328125 0.8125 0 0.7375 0
21 0 0.5104166671875 0.546875 0.5166666671875 0.5453125 0.8041666671875 0.5671875 0.7979166671875 0.5703125 0.5854166671875001 0.565625 0.5166666671875 0.7078125 0.5145833328125 0.7140625 0.5104166671875 0.7328125 0.4479166671875 0.7265625 0.43541666718750005 0.5796875 0.4145833328125 0.359375 0.40625 0.2078125 0.4125 0.0671875 0.3958333328125 0.0453125 0.40208333281249997 0 0.39791666718749996 0 0.5104166671875
2 0.4703125 0.3604166671875 0.4640625 0.3604166671875 0.4609375 0.40625 0.4703125 0.41041666718750003 0.4703125 0.3604166671875
3 0.471875 0.6458333328125 0.54375 0.7104166671875001 0.5421875 0.51875 0.4890625 0.5145833328125 0.48125 0.51875 0.4796875 0.6041666671875 0.471875 0.6458333328125
3 0.625 0.76875 0.6390625 0.7416666671875001 0.7 0.5520833328125 0.7 0.5166666671875 0.5671875 0.5166666671875 0.565625 0.73125 0.5921875 0.7541666671875 0.625 0.76875
2 0 0.4 0.0390625 0.40416666718750005 0.0609375 0.39791666718749996 0.0609375 0.38125 0.0359375 0.375 0.0453125 0.36666666718749996 0.0109375 0.3625 0 0.3645833328125 0 0.4