19 0.9581655874999999 1 0.9691362218749999 0.87460506875 0.9478947124999999 0.7812526828124999 0.9575902484375 0.7376609890625 0.980987071875 0.7279444328125 0.9832082421875 0.7137611328125 0.8493920312500001 0.5961821078125 0.7715313921875 0.54493024375 0.6976920875 0.5149431140625 0.554261778125 0.4736393328125 0.517293615625 0.47040503749999996 0.4181932328125 0.482647790625 0.2561827046875 0.5416689031249999 0 0.6743659265625 0 0.9542334703125 0.06004552656249999 0.957145015625 0.05877897343750001 0.7923450140625 0.06412918749999999 0.7536013859375 0.083050740625 0.7278086078125 0.11966198750000001 0.7127128796875 0.1974896984375 0.719521921875 0.492457075 0.77669759375 0.7655990593750001 0.7247851078124999 0.8042859468750001 0.7307838875 0.8348175640625 0.7739738265625 0.8639717921875001 0.8889314 0.8750309015625 0.9866211703125 0.8805561125000001 1 0.9581655874999999 1
15 0.878635984375 1 0.8747812359375 0.9894748515625 0.863495159375 0.8943793390625 0.836286625 0.7795919921875 0.8130838406249999 0.7422714703125 0.794761753125 0.7275979234375 0.759512315625 0.7271281125 0.4902617171875 0.779381046875 0.21280557656250002 0.7237374109375 0.11746662968749999 0.715396334375 0.0786827234375 0.7329160953125 0.0634255875 0.76164358125 0.059600057812499996 0.8501887734375 0.0645000546875 0.9606716734375 0.51402488125 1 0.878635984375 1
5 0.1964733890625 0.5659845031249999 0.20523008437499998 0.566750615625 0.25510851562500003 0.5382602249999999 0.2560832296875 0.5271191890625 0.25871554531249996 0.415236665625 0.2550996375 0.40054268750000005 0.2161857828125 0.39713816562500004 0.21709365468750003 0.3867611375 0.2015281125 0.385399328125 0.1964733890625 0.5659845031249999
21 0.58811198125 0.477777190625 0.6875184671875 0.5069949296875 0.6891601453125 0.5071385578125 0.6910539499999999 0.48549227031250003 0.58811198125 0.477777190625
5 0.68977469375 0.5101985531250001 0.7133014656250001 0.5214062796875 0.8244329203125 0.5285149078125 0.820444515625 0.5516929953124999 0.7843357156249999 0.549840940625 0.8438742671874999 0.5864192593750001 0.8588315578125 0.5039745390625 0.8598536906250001 0.49229151406250005 0.8358471812499999 0.48768769843750004 0.8308209546875001 0.5003185328125 0.7257535453124999 0.4911263265625 0.72494269375 0.4779848140625 0.694670971875 0.4766434390625 0.68977469375 0.5101985531250001
21 0.720041653125 0.52055820625 0.779401746875 0.5479715125 0.8194019328125 0.55016401875 0.8234417390625 0.5320008140625 0.8237627468750001 0.528331678125 0.720041653125 0.52055820625
21 0.9253504609375 0.6209957015625001 0.929874240625 0.6253126515625 0.9254318984375001 0.6536792546875 0.9420352609375 0.665588315625 0.9568540421874999 0.5858472531250001 0.9627396312500001 0.5745986609375 0.976990140625 0.5697022515625 0.977739134375 0.561141203125 0.9777212890625 0.5602247015625 0.8686325453125001 0.529767759375 0.8536993984375 0.53238245 0.8476197703125001 0.59066811875 0.8823182515625 0.6198449859374999 0.9253504609375 0.6209957015625001
21 0.2640149265625 0.4700738765625 0.2620244671875 0.5372131734375001 0.26272518906250003 0.537274478125 0.2778461625 0.5248732921875 0.2914660109375 0.526064875 0.40084581406249997 0.4859662 0.49659766406249994 0.4671781734375 0.49662429531249996 0.4668737671875 0.4442020125 0.46100411875 0.4119360875 0.47125178749999996 0.37999415000000003 0.45538665937499995 0.2593611984375 0.44483264375 0.257140028125 0.45901594375 0.2640149265625 0.4700738765625
13 0 0.4938989125 0.06342590625 0.49944795937500003 0.12022404687499999 0.5023611890625 0.1362283640625 0.3194310109375 0.0149304375 0.3075138515625 0 0.4781695328125 0 0.4938989125
4 0.0419534453125 0 0.030252698437499996 0.1424639171875 0.1536421953125 0.166329671875 0.1602901265625 0.1799818609375 0.2216444234375 0.195806121875 0.26467663125 0.1969568390625 0.3160754953125 0.21452422656249998 0.3262578953125 0.21018684375 0.4379732359375 0.2330312390625 0.44363185625 0.22437690625 0.45814223125 0.1145465484375 0.5175508359375 0.1302005828125 0.57420289375 0.13254288281249998 0.6017995093749999 0.153256071875 0.653652309375 0.165634946875 0.6913013765625 0.1610864703125 0.6743272796875 0.343896478125 0.74320974375 0.35658890312499997 0.7555973203125 0.3576726765625 0.76927638125 0.2894647078125 0.7799975953125 0.1859688328125 0.7869549578124999 0.10644581875 0.4384469828125 0 0.0419534453125 0
10 0.1338254125 0.3173908984375 0.1414863203125 0.29518764375 0.1504350953125 0.1704930796875 0.030304590625 0.1429912796875 0.0151462390625 0.30504723125 0.1039914390625 0.3147807640625 0.1338254125 0.3173908984375
18 0.2991441765625 0.3083273890625 0.296647528125 0.336864215625 0.2944748671875 0.339288246875 0.2942478984375 0.341882503125 0.284690684375 0.34355590468749997 0.2841822765625 0.349367040625 0.2864166171875 0.35296086875 0.29225369687499997 0.353471546875 0.2935216890625 0.358026478125 0.29673208125 0.35830734999999997 0.29872316875 0.3579587234375 0.3000364671875 0.35415245156249997 0.3058735453125 0.35466312968749997 0.30913253749999997 0.3510270828125 0.3087271109375 0.34445632812500004 0.3009443390625 0.34377542499999997 0.3000849765625 0.34239318124999996 0.3025816265625 0.3138563546875 0.3047542875 0.3114323234375 0.3052082234375 0.306243809375 0.30824024687499996 0.305202021875 0.3116776953125 0.3107309875 0.3145021546875 0.3075797453125 0.31468372968749997 0.305504340625 0.3136718984375 0.29914194375 0.3110938109375 0.29499521875 0.3072024265625 0.2946547671875 0.30177077343750003 0.30071484375 0.3013168375 0.3059033578125 0.2991441765625 0.3083273890625
6 0.6624624640625 0.40219883125000006 0.6036377453124999 0.40228056562500003 0.23771755625000002 0.3493537828125 0.14043291875 0.3408424796875 0.136946959375 0.3470727828125 0.13376940625 0.38339238125 0.14996734218750002 0.3887306875 0.21508307499999998 0.38397112187500004 0.22390366718750002 0.395199278125 0.29372163906250004 0.40392167343749996 0.2966237140625 0.38195560156249997 0.3135025546875 0.3795111375 0.31820479218750003 0.3929931015625 0.4142246421875 0.39355140781250003 0.4189268796875 0.4070333703125 0.46276994218749995 0.42132559843750006 0.6481377203124999 0.44081082031249996 0.685476521875 0.4440775421875 0.6889242390625 0.43588330624999994 0.776026478125 0.44873199531249996 0.780420309375 0.4321246625 0.77028641875 0.4247027765625 0.6732287484375 0.41359721718750003 0.6624624640625 0.40219883125000006
20 0.520760846875 0.38483473125 0.47881496874999996 0.3824719984375 0.4889488578125 0.389893884375 0.50646009375 0.39142591875 0.50809288125 0.39405217812500004 0.6119928765625 0.40314225 0.612230625 0.40042476562499996 0.5752402453125 0.3896010609375 0.5575020421875 0.39066328281249996 0.5557833171875 0.3878988 0.5229335078124999 0.38241069843750003 0.520760846875 0.38483473125
5 0.4156532484375 0.40635484843749997 0.41582347343750004 0.40440915468750005 0.4144873015625 0.392790153125 0.4047588390625 0.3919390234375 0.39910021875 0.4005933578125 0.41317249062499994 0.406137809375 0.4156532484375 0.40635484843749997
5 0.3635850046875 0.41212521874999997 0.37032995468749996 0.40225886875 0.398655984375 0.40343001875000006 0.31458576875 0.3895395421875 0.3133209796875 0.38158654531249997 0.29970113125000003 0.3803949625 0.293287571875 0.44270329375 0.30936058125 0.4441095 0.3122190671875 0.4390006515625 0.3697304890625 0.44272519062500004 0.36439585625 0.4252667296875 0.31380784375 0.4208408515625 0.315169653125 0.405275309375 0.3635850046875 0.41212521874999997
5 0.9432476875000001 0.4870196875 0.895286271875 0.47498126406249996 0.8927081859375001 0.470834540625 0.89321063125 0.45388675625 0.888232915625 0.45475832031249996 0.8842930203125 0.4661771375 0.869586840625 0.4661975703125 0.8598913046875 0.5097892609375 0.8593888578125 0.5267370453125 0.8730087078125001 0.527928628125 0.8773540296875 0.523080565625 0.9177596421875001 0.5318438265625 0.9445454046874999 0.53941550625 0.9488714625 0.5518189125 0.9625691328125001 0.5530173031250001 0.9658995140625001 0.5530472625 0.9789025515625 0.4940602546875 0.97872409375 0.4848952421875 0.9614398265625 0.48076895156250005 0.9568675375 0.4882112703125 0.9432476875000001 0.4870196875