19 0.48656833906249997 0.4469466921875 0.493249203125 0.43577046093750005 0.5525167078125001 0.4316360046875 0.46825708906249996 0.392311440625 0.39745869843750004 0.39137341718749996 0.3599167921875 0.407888084375 0.331015659375 0.43187380312499996 0.35696754531249997 0.43962019531249996 0.44952110312500004 0.43827165937499996 0.452817184375 0.4546837 0.44411727812499996 0.4765461859375 0.4384661171875 0.5274155609375 0.4403077578125 0.6047299265625 0.4325084890625 0.620213325 0.2718288859375 0.61615334375 0.2926430484375 0.5301733296875 0.29854154374999997 0.4667091046875 0.2945625921875 0.4587480734375 0.11803711562500001 0.4982497375 0.091155025 0.5115492046875 0.11902928125000001 0.7767550437499999 0.1332325140625 0.7773570328125 0.2063564171875 0.7256804140625001 0.5195103859375 0.7304731656250001 0.5177278796875 0.623825259375 0.4966555828125 0.6176608124999999 0.48656833906249997 0.4469466921875
15 0.28950794687500003 0.5302409890625001 0.2673576109375 0.61845625 0.42535243593749994 0.61939435 0.437180415625 0.6181511796875 0.44048750625000005 0.5018035453125 0.4523839953125 0.4356140984375 0.35672255625 0.437289284375 0.30724379687500003 0.429920859375 0.2987912234375 0.43918849531250004 0.28950794687500003 0.5302409890625001
15 0.48187929687500003 0.447177678125 0.48947159687499997 0.5343616703125 0.48755205312500005 0.6057869265625 0.49261984375 0.6241075609375 0.5602979328125001 0.617779859375 0.6749010234374999 0.605734590625 0.68176504375 0.6000379812500001 0.6670563453125 0.5198863796875 0.664343634375 0.43428433125000004 0.6543666875 0.4290485234375 0.4885601609375 0.4360014484375 0.48187929687500003 0.447177678125
19 1 0.47858897499999997 0.9458945578125 0.4822000671875 0.9369768828125 0.5019906328125 0.93959009375 0.5268536796875 0.9638402046874999 0.608097246875 0.9604849890624999 0.6210187484375 0.94538111875 0.626795846875 0.8766017703125 0.6151715671875 0.7687265765625 0.62022528125 0.7593142328125 0.6652055453125 0.7624920453125 0.7402846640625 0.8330431015625 0.7538175375 0.8666572203125 0.9241536921875 0.9653969734375 0.9368186250000001 0.9740673125000001 0.929622909375 0.9761159218750001 0.9042698843749999 0.9818961484375001 0.8994727390625 0.9962947874999999 0.9490203484374999 1 0.948630915625 1 0.607182465625 0.9966907218750001 0.6067393265625001 0.9920584671875 0.5925625343750001 1 0.5758053234375 1 0.47858897499999997
15 0.763903775 0.6042355578125 0.7689715640625 0.622556190625 0.8735211109375 0.615757209375 0.9625016859375 0.6252582546875 0.959017403125 0.5921075234375001 0.9396173156250001 0.5271126703125 0.934014490625 0.44390919375 0.762675071875 0.44306441249999995 0.7542225 0.45233205 0.7703964390625 0.5763206359375 0.763903775 0.6042355578125
15 1 0.5600872625 0.9842887656249999 0.5933791625 0.9906927281250001 0.6094645515625 1 0.6109272609375 1 0.5600872625
21 0.5262038890625 1 0.8692563124999999 0.9639437375 0.83841266875 0.7600613046875 0.8275646515625 0.7465378140625 0.7596563749999999 0.7432012171875 0.7510559671875 0.8258027046875 0.5290602484375 0.851230203125 0.494368090625 0.7752737578125 0.52125018125 0.761974290625 0.5199731421875 0.7348759984375001 0.5148757859375 0.7312221328125 0.316466075 0.7269381265625 0.361253446875 0.7494633 0.3950046015625 0.74172629375 0.429161725 0.752799896875 0.4211446890625 0.7662113749999999 0.43466505 0.7752643734375 0.4361894234375 0.7897678171875 0.37018192031249997 0.8344120453125001 0.3222866671875 0.812213525 0.2885355125 0.8199505296874999 0.23218768750000002 0.8070196453125 0.241352696875 0.7746342296875001 0.2795774734375 0.74966855625 0.3004911359375 0.7244275421874999 0.20905598281249999 0.7214689109375 0.034372146874999995 0.8382849421874999 0.045230960937499995 0.9565477421875 0.2345052296875 0.9785503921875 0.2396025859375 0.98220425625 0.2403075703125 1 0.264799965625 1 0.260239346875 0.9842248640625 0.27400704375 0.9806830109375 0.4357480984375 1 0.5262038890625 1
9 0.519396809375 0.7592887265625 0.4909607796875 0.7727515171875 0.49270292031249996 0.7893268828125 0.525827646875 0.852355515625 0.5549762265625 0.8492918765624999 0.757190065625 0.8243724312499999 0.76338423125 0.61424050625 0.7596526140625001 0.5936846250000001 0.5199102484375 0.614692946875 0.51456555625 0.62363393125 0.519396809375 0.7592887265625
2 0.3950318234375 0.7419852828125 0.3646063171875 0.751467559375 0.30051835625 0.7246865312499999 0.236718096875 0.775383196875 0.2324326765625 0.8093505562500001 0.29655020312499997 0.8214648125 0.3174343 0.81089056875 0.3701626328125 0.835723328125 0.37371215625 0.8353502578124999 0.43777058437500005 0.7898634796875 0.4346922703125 0.7755233625 0.41961796875 0.766633690625 0.428070540625 0.7573660546875 0.4209837078125 0.7497316734374999 0.3950318234375 0.7419852828125
19 0.681411171875 0.596671109375 0.6897252953125 0.6010342828125 0.7285737765625 0.5969511421875 0.7657594921875 0.5919953625 0.771192884375 0.5390540671874999 0.7608691046875 0.48567410781250003 0.6674444765625 0.478734959375 0.668197278125 0.5456897234375 0.681411171875 0.596671109375
14 0.883406528125 0.33610862343750003 0.8831995578124999 0.43877601562499996 0.9355684312499999 0.44374586875000005 0.937528340625 0.462393153125 0.9441796374999999 0.46588369218750003 0.9406066546874999 0.47673327343749994 0.9532250296875 0.47907294375 0.9550703328125 0.47887899375 0.9577591328124999 0.44560315 0.9635393593750001 0.4408060046875 0.9578074687499999 0.3115303 0.9536698843750001 0.27216380625 0.9324685203125 0.219927128125 0.9393967203125 0.196156046875 0.9379019140624999 0.16698583281249998 0.9223920765625 0.1539523203125 0.9082432828125 0.1538683109375 0.902933990625 0.154426340625 0.8892942234375001 0.16790508906249998 0.8807825171875001 0.20650626718749998 0.8869391453125001 0.235186503125 0.8995884359374999 0.23595181875 0.90378515625 0.24598476875 0.883406528125 0.33610862343750003