21 1 0.49127247656249995 0.9976596093750001 0.4242524546875 0.8879877015625001 0.4176592640625 0.871683159375 0.4432438703125 0.67812389375 0.4520877109375 0.5871905640625 0.44484015781249997 0.5663087796874999 0.428892540625 0.350597009375 0.43017155156250003 0.0338208546875 0.447487428125 0.02474239375 0.4561428671875 0.0320064890625 0.4850736453125 0.0497651765625 0.501130325 0.21576353906249998 0.5537024234375 0.184085128125 1 0.22677894375 1 0.25775186250000004 0.771119496875 0.27252623593749997 0.6121737203125 0.2821483421875 0.5743148515625001 0.572672325 0.6558920703125 0.7435007453125 0.7124647078125 0.7531641812500001 0.8101036046875001 0.7563666171875 0.9913522531250001 0.8594287968750001 0.9877532421874999 0.8565171890625001 0.8148328499999999 0.8611291265625001 0.8125871953124999 0.8647611734374999 0.8270525828125 0.8667242703125 0.8832683171875001 0.8762389734375 0.8871052625000001 0.8882917984375001 0.7845388125 0.9512973703125001 0.7531541640625 1 0.7443891109375 1 0.49127247656249995
11 0.873080921875 0 0.5309524734375 0.0879917078125 0.536370825 0.287924403125 0.6524343406249999 0.29846359843750003 0.682543315625 0.3995577265625 0.8310630874999999 0.399322234375 0.8703787390625 0.3979493015625 0.8975593906249999 0.244042371875 0.9031054375 0 0.873080921875 0
9 0.77079888125 0.41966698593749996 0.7694554546875 0.42596770937499995 0.7855798875 0.439996853125 0.8523906203125 0.4392272234375 0.8747884703125001 0.4384450734375 0.9170341296875 0.26446890624999997 0.9115927703125 0.24016483437499997 0.9112349156249999 0.24017733125000001 0.8998571 0.2650687421875 0.8660533203125 0.41634062812500006 0.8287942859375 0.42389555156250003 0.77079888125 0.41966698593749996
2 0.7410749359375 0.41914151562499996 0.7297078546875 0.40703084218749996 0.6607816140625 0.403183990625 0.6516304468749999 0.409757365625 0.592218909375 0.409747459375 0.5754781234374999 0.42283967968749997 0.5745709406249999 0.44163278906250003 0.6982943125000001 0.4508621953125 0.709336678125 0.4504765875 0.7200130421875001 0.4428076484375 0.7809134203125 0.44068096093750003 0.7774994953125 0.43246176406250003 0.7410749359375 0.41914151562499996
5 0.1380978203125 1 0.16147706875 0.9243123421874999 0.1733150875 0.9051375203124999 0.1966622859375 0.812599678125 0.202361515625 0.7519471625 0.19836593281249998 0.727071453125 0.11851225000000001 1 0.1380978203125 1
5 0.12495001562500001 0.5946571359374999 0.14750406875 0.6584922296875 0.175431825 0.6971244328124999 0.1953347765625 0.7123245046875 0.199214246875 0.71218903125 0.20404864374999998 0.7107173343750001 0.21577262656250001 0.5539626828124999 0.11296326406249999 0.5200300062500001 0.12495001562500001 0.5946571359374999
3 0.5281268406249999 0.2757046703125 0.516759759375 0.26359399843750003 0.49631421875 0.260138765625 0.494787365625 0.216415415625 0.49685454843750004 0.1412975140625 0.5293562296875 0.1318241171875 0.5296817546875 0.0963744953125 0.4270905140625 0.06868801249999999 0.0918667109375 0.16920675624999998 0.0924168890625 0.2450587265625 0.23056020156249998 0.2610806875 0.243343415625 0.2689727 0.27145459843749997 0.357628975 0.286090190625 0.37379471406250003 0.289033178125 0.413299403125 0.299202246875 0.43587492812499995 0.3847241875 0.4336701609375 0.527703528125 0.42867721249999996 0.5315093875 0.41733956718750004 0.506701409375 0.28896048125 0.5252945734375001 0.2841419875 0.5281268406249999 0.2757046703125
5 0.05810992968749999 0.292378596875 0.0930869765625 0.44333320625 0.29608823906250004 0.436244246875 0.2584243390625 0.2978910828125 0.24008399218749998 0.265177890625 0.0436544484375 0.23659910625 0.037699084375000004 0.24514548593750002 0.05810992968749999 0.292378596875
5 0.3602000265625 1 0.3642346015625 0.9550153265624999 0.40305186718749997 0.8577680515624999 0.4621378796875 0.8932275796875 0.5002000109375 0.9982131843750001 0.519011296875 0.9996408828125001 0.443285265625 0.7563021156249999 0.449167921875 0.745673671875 0.5103211171875001 0.706015296875 0.5142786890625 0.6850310640624999 0.380782009375 0.6229855671875 0.340434575 0.5868716734375 0.28044137812500003 0.5702052531249999 0.2670798234375 0.635294546875 0.25186920625 0.7817479406250001 0.25295981562500003 0.8129789031250001 0.257789875 0.8169794390625 0.2569900953125 0.794076734375 0.2790318796875 0.75369955625 0.285278071875 0.753481434375 0.2873865828125 0.813861296875 0.26701375 0.8124881296875 0.2642541890625 0.8230075109375001 0.27086391875000004 0.8331997109374999 0.2539050109375 0.8400457375 0.24729528125 0.8298535375 0.2448992578125 0.8507832421874999 0.24519008750000001 0.8591114984375 0.2578278875 0.8628393843750001 0.2827052546875 0.9036627109375001 0.283324925 0.9661791671875 0.2972334453125 0.961524265625 0.3025344421875 0.9342393078125 0.323488934375 0.9522689906249999 0.3016619546875 0.9092545375000001 0.30416538125 0.8466290187500001 0.3174922421875 0.825317603125 0.3243200921875 0.8417559953125 0.33046220000000004 0.9728715109375001 0.3365359078125 1 0.3602000265625 1
5 0.621845403125 0.7208822125000001 0.6642286421875 0.8152939046875 0.6653605812500001 0.982022634375 0.6765095390625 0.9878871140625 0.6813329640625 0.81261200625 0.72578006875 0.742267971875 0.7462256109375 0.7457232046875 0.7464784265625 0.70819151875 0.6421075171874999 0.6743133734375 0.6250759015625 0.6790773359375 0.6153430765625 0.6689941984375001 0.5790639328125 0.6598380781250001 0.5186791390625001 0.8558148609374999 0.5191880890625 0.870389309375 0.5299735125 0.86584346875 0.563815303125 0.7604315265625 0.58800029375 0.7366563312500001 0.621845403125 0.7208822125000001
5 0.5968853765625 0.409063353125 0.6501234296875 0.411373446875 0.677867759375 0.3999815765625 0.660905534375 0.31718978125 0.6508091734375 0.296696321875 0.51409820625 0.2853147 0.50931596875 0.28548169843750004 0.503732815625 0.293493928125 0.53192185 0.43165681093749997 0.5717116125 0.430267321875 0.5968853765625 0.409063353125
3 0.35036734531249997 0.6026804890624999 0.38090924843749996 0.62662918125 0.554395859375 0.70134926875 0.5572536984375 0.7012494703125001 0.56942365 0.6971764312500001 0.5806800109375 0.6613450953125 0.348369553125 0.590242634375 0.35036734531249997 0.6026804890624999
19 0.064480971875 0.9673069828124999 0.10515393125000001 0.9679712546875001 0.12912079999999998 0.9379498671875 0.1330056640625 0.9148835703125 0.12566222968750002 0.704595084375 0.112515478125 0.68629275 0.0041489843749999995 0.6275388937499999 0.0166091953125 0.9843526499999999 0.020391068749999998 0.9842205843749999 0.064480971875 0.9673069828124999