19 0.37588714687499997 0.4845610609375 0.3744972640625 0.5033246453125 0.380411528125 0.5359009078125 0.4574980984375 0.7084172 0.516036684375 0.76831205625 0.5274050734375 0.776440540625 0.5450327781250001 0.7750138890625 0.561510240625 0.8008259890625 0.5680954609375 0.7892131703125 0.5676161750000001 0.7722628406250001 0.588177025 0.7523170343750001 0.5915223390625 0.7212073453125 0.6095622109375001 0.7071901609375 0.652294290625 0.6970838374999999 0.6619660359374999 0.685959878125 0.678395528125 0.6421574031249999 0.681980484375 0.619522878125 0.6777628625000001 0.6061990578125 0.7071614421875 0.4505483578125 0.7291984375 0.4013061171875 0.6928981984375 0.38079160624999997 0.5682197984374999 0.35893518593749996 0.5499211374999999 0.40455091718749997 0.518298659375 0.45438426875 0.49852385468750005 0.529296434375 0.4828324359375 0.55845069375 0.46829125781250003 0.5603662015624999 0.4569228703125 0.5522377171875 0.44174902656250004 0.5181948828125 0.398230903125 0.473334846875 0.37588714687499997 0.4845610609375
11 1 0.311838146875 0.9954136296874999 0.3111117375 0.9685479062500001 0.30843860312500004 0.9535945609375001 0.3229446453125 0.9031367015624999 0.5216645328125 0.909549396875 0.531117415625 0.9930351453125 0.55435944375 0.9975106031250001 0.5550682874999999 1 0.5393508546875 1 0.311838146875
21 0.9270403421875001 1 0.9462620203125001 0.878639103125 0.9379801578125001 0.870999478125 0.939370040625 0.8522358921875 0.92532729375 0.83102801875 0.94880214375 0.8326367671874999 0.9396288281249999 0.8206373453125 0.9471055015625 0.8133843234375 0.9447570484375 0.79824725 0.9579946046875 0.804562478125 0.97233443125 0.7140243796875 0.9661613796875 0.7130466640625001 0.6262984609375 0.7014037140625 0.5974557484374999 0.71370989375 0.5888288359375 0.748201665625 0.592394646875 0.7656408546875 0.62008711875 0.780573421875 0.627391265625 0.7943860984375 0.7318155765625 0.8742043546874999 0.7510193609375 1 0.82341885625 1 0.8176344671875 0.9616223140625 0.8437836765625001 0.9763104546875001 0.856781590625 0.9741505171875 0.8891980187499999 1 0.9270403421875001 1
19 0 0.5896622625 0.2253496 0.6059964531250001 0.2484505734375 0.5400483109375 0.2452106671875 0.5205514390625 0.3415447859375 0.531590659375 0.37347402500000004 0.5197733343750001 0.3724291921875 0.496405525 0.3545618453125 0.48935700937500004 0.36229730625 0.4505054421875 0.35264470625 0.42155568906249996 0.3554915890625 0.41356938281250005 0.3700327671875 0.41165387343750004 0.370444934375 0.39906334062500004 0.230659809375 0.3727049484375 0.223509040625 0.377900284375 0.21894636875 0.4067078609375 0.21747022343750003 0.4360042953125 0.22347075 0.4580477078125 0.215581909375 0.4778912625 0.121116959375 0.4650387859375 0.1140524546875 0.4597012734375 0.1334150921875 0.3973796421875 0.129130353125 0.354514959375 0.03564311875 0.33548943124999997 0.0643804234375 0.3737898109375 0.062060796875000004 0.46834102343749995 0.033304346875 0.47011435625000003 0.0219359578125 0.46198587343749997 0.02147581875 0.40496183124999996 0.01141105 0.3886026125 0 0.4606491453125 0 0.4908790984375 0.008353349999999999 0.49780204218749996 0.0044424890625 0.52249425 0 0.5263348609375 0 0.5896622625
15 0.02335700625 0.4630019328125 0.0343695359375 0.47212870625000003 0.0469085390625 0.4741146890625 0.057874340625 0.47479685 0.0664149921875 0.4508379265625 0.0636926609375 0.3681439609375 0.0213918953125 0.32558603750000004 0.0112888359375 0.38937424374999996 0.024114225 0.40828000312499996 0.02335700625 0.4630019328125
15 0.22307528125 0.350674315625 0.18773361093750002 0.364060465625 0.129175878125 0.344239321875 0.13370025937500002 0.39557916875 0.1136858109375 0.46201617031250003 0.2201709609375 0.4788817609375 0.22497327500000003 0.4585493484375 0.21808129531249998 0.4321461375 0.22892242812500002 0.35370971562500003 0.22307528125 0.350674315625
15 0.45698753906249995 0.5018883671875 0.4688735046875 0.44681975625000003 0.3763831296875 0.3815474640625 0.371494553125 0.412412725 0.3535409453125 0.41589705937500004 0.3622158296875 0.4510198640625 0.35448036875 0.4898714328125 0.3751083359375 0.4994664875 0.3758272640625 0.5248919828124999 0.41421716875000003 0.592142115625 0.42500086406250004 0.6339268296875 0.4521277890625 0.6424419171875 0.475104209375 0.667174046875 0.4762117390625 0.6797416140625 0.491708671875 0.6821960875 0.4981860375 0.6412996171875001 0.490469721875 0.640077471875 0.49144743750000003 0.6339044203124999 0.5011191828125 0.622780459375 0.5069854765625 0.585742146875 0.49253056093750003 0.57712480625 0.472707784375 0.582422396875 0.44503445781249995 0.5274161171875 0.45698753906249995 0.5018883671875
19 0.4655018109375 0.448131371875 0.4480083421875 0.5086397500000001 0.4454011015625 0.5251012203125 0.45027053281249996 0.5343096734375 0.498677234375 0.5483044484375 0.5134100828125 0.4852495296875 0.5342297203124999 0.43370517656249996 0.4151588234375 0.4064089875 0.4655018109375 0.448131371875
5 0.94294286875 0.5999491546875 0.9226216624999999 0.6283701265625 0.9026934765625001 0.684274278125 0.9000776703125 0.7104899171875 0.9089959500000001 0.7119024328125 0.9719677875 0.7163392734375 0.9885889499999999 0.6113973875000001 0.955940784375 0.5977892171875 0.94294286875 0.5999491546875
5 0.7909650187499999 0.5906433437499999 0.7462966546875001 0.5730220578125 0.7267997828125 0.5762619640625 0.7021746906249999 0.6018919656249999 0.6801376953125 0.65113420625 0.6696128640625 0.697717528125 0.72209459375 0.7060298171875 0.810730359375 0.7055668921875 0.8190313687499999 0.673132803125 0.8138551765625 0.6259083249999999 0.7909650187499999 0.5906433437499999
5 0.5850444046875001 1 0.5839044140625 0.939104565625 0.5523585171875001 0.8286430687499999 0.49927405468749997 0.74430043125 0.45973390937499997 0.7042890484375001 0.4434098265625 0.6974849640625 0.43382434375 0.698076075 0.4235007875 0.713315403125 0.40983191718749995 0.7596644203125 0.3831939578125 0.9178616625 0.3802129515625 0.98567818125 0.470637353125 1 0.5850444046875001 1
21 0.4059305203125 0.594520915625 0.3846698875 0.5489675171874999 0.3562393421875 0.5486831640625 0.35576005781250003 0.5317328359375 0.3295245859375 0.5275775453125 0.24764538281249998 0.5251556640625 0.246821046875 0.5503367296875 0.22485116875000002 0.629119834375 0.226634075 0.6378394296875001 0.23808872656250002 0.6354350625 0.25312833437500004 0.6103961734375 0.2589083640625 0.5838907078125 0.2746668984375 0.5842773140624999 0.2788845203125 0.5976011328124999 0.2670401 0.7019812671875 0.27127650625 0.7026522484375 0.28793328281249997 0.700280828125 0.3201404546875 0.6167912453125 0.408192709375 0.6201908406250001 0.4059305203125 0.594520915625