16 0.1669921875 0 0.1328125 0.9934895828125001 0.1689453125 0.9973958328125001 0.1953125 0.9466145828125001 0.203125 0.7330729171875 0.2255859375 0.7291666671875 0.6904296875 0.7447916671875 0.6923828125 0.75 0.681640625 0.75390625 0.6875 0.7747395828125 0.6845703125 0.7786458328125 0.6796875 0.76953125 0.673828125 0.8190104171874999 0.673828125 0.98828125 0.7265625 0.99609375 0.734375 0.9934895828125001 0.73828125 0.9049479171874999 0.751953125 0.0013020828125 0.6826171875 0 0.6796875 0.03515625 0.685546875 0.0377604171875 0.6689453125 0.05729166718749999 0.6572265625 0.05989583281250001 0.4248046875 0.0416666671875 0.4189453125 0 0.3896484375 0 0.3798828125 0.0364583328125 0.2431640625 0.0260416671875 0.2275390625 0.0208333328125 0.2158203125 0 0.1669921875 0
2 0.2265625 0.6861979171875 0.279296875 0.6888020828125 0.302734375 0.6341145828125 0.30859375 0.34765625 0.2333984375 0.3385416671875 0.2265625 0.6861979171875
2 0.328125 0.6888020828125 0.380859375 0.69140625 0.390625 0.61328125 0.396484375 0.3528645828125 0.3388671875 0.34375 0.328125 0.6888020828125
2 0.455078125 0.6861979171875 0.46875 0.35546875 0.4150390625 0.3515625 0.404296875 0.6809895828125 0.455078125 0.6861979171875
2 0.4833984375 0.703125 0.53515625 0.7044270828125 0.548828125 0.3606770828125 0.4833984375 0.3541666671875 0.47265625 0.6575520828125 0.4833984375 0.703125
2 0.5595703125 0.6979166671875 0.607421875 0.6966145828125 0.619140625 0.3658854171875 0.5498046875 0.359375 0.537109375 0.65234375 0.5595703125 0.6979166671875
2 0.6103515625 0.3307291671875 0.607421875 0.3528645828125 0.62109375 0.3658854171875 0.62109375 0.38671875 0.609375 0.6653645828125 0.6337890625 0.6979166671875 0.6875 0.69921875 0.693359375 0.6705729171875 0.708984375 0.3346354171875 0.6923828125 0.328125 0.6103515625 0.3307291671875
2 0.17578125 0.99609375 0.294921875 0.9986979171874999 0.2626953125 0.8958333328125001 0.2314453125 0.921875 0.2060546875 0.9270833328125001 0.17578125 0.99609375
2 0.375 0.99609375 0.443359375 0.9986979171874999 0.443359375 0.8971354171874999 0.3955078125 0.9010416671874999 0.3818359375 0.8932291671874999 0.375 0.99609375
2 0.4462890625 0.8932291671874999 0.4453125 0.99609375 0.517578125 0.9986979171874999 0.51953125 0.9778645828125001 0.505859375 0.8971354171874999 0.4599609375 0.9010416671874999 0.4462890625 0.8932291671874999
2 0.5576171875 0.9036458328125001 0.509765625 0.8971354171874999 0.5224609375 1 0.591796875 0.9986979171874999 0.59375 0.9830729171874999 0.5673828125 0.8958333328125001 0.5595703125 0.8958333328125001 0.5576171875 0.9036458328125001
2 0.6220703125 0.8984375 0.6201171875 0.90625 0.572265625 0.8997395828125001 0.5966796875 1 0.658203125 0.9986979171874999 0.666015625 0.9934895828125001 0.666015625 0.9830729171874999 0.6318359375 0.8984375 0.6220703125 0.8984375