3 0.2727665015625 0.6248181234375 0.30463490625 0.6249905124999999 0.59952058125 0.5697928703125 0.6017368453125 0.5566281125 0.5837323953125 0.504947334375 0.5323997375 0.1753531625 0.52297539375 0.08592503124999999 0.526102803125 0.0365036171875 0.4435629625 0.0376914515625 0.06255978125 0.0756714171875 0.0634673828125 0.0967182609375 0.0770991265625 0.12590341562500001 0.102371478125 0.23135194375 0.1592166578125 0.5237950421875001 0.167339421875 0.53282776875 0.2199421671875 0.5332144640625 0.22766387031250002 0.5975056359375001 0.2568622109375 0.600319359375 0.2727665015625 0.6248181234375
4 0.65248553125 0 0.6738432890625 0.1332683265625 0.787763696875 0.1209402015625 0.7994851015625 0.11866179218749999 0.9228875765625 0.05514645 0.9121681921875 0 0.65248553125 0
4 1 0.5173660171875001 0.998071359375 0.507444021875 0.861226134375 0.48310820468750004 0.8465179421875 0.407441109375 0.7164868171875 0.4263496203125 0.7490798125 0.651347765625 0.774186859375 0.6740576953125 0.7812859140625 0.7023903484375 0.82002824375 0.6969819296875001 0.9148348828125 0.7507124843749999 0.9574398359374999 0.7487979 0.9652776453125 0.7727423015625 1 0.79193885 1 0.5554043453124999 0.8866708765625001 0.5566883265625 0.8892846593750001 0.5455686265625 0.90882644375 0.5396477625 0.927288234375 0.544548459375 0.996308896875 0.5311322015625 1 0.5256599140625 1 0.5173660171875001
11 1 0.456531465625 0.9353232234375 0.1354999375 0.81699253125 0.1818466859375 0.8577610312499999 0.48165942656249994 0.9942087374999999 0.5039501875 0.9997177171875 0.5241026140625 0.9932413109375 0.5317284796874999 0.8873533484375 0.543821709375 0.8866708765625001 0.5566883265625 1 0.557104953125 1 0.456531465625
9 0.17302738281250002 0.529334525 0.16921396093750002 0.648926059375 0.1243927421875 0.6640054 0.0825828265625 0.6700100984375 0.083831665625 0.6846236328125 0.110813740625 0.700602115625 0.154100734375 0.6929838484374999 0.2261978875 0.67896958125 0.2229565203125 0.58966605625 0.2256864109375 0.538199584375 0.218358684375 0.5332569703125001 0.17302738281250002 0.529334525
21 0.0983041046875 0.898287775 0.116709615625 0.89471010625 0.11858464375 0.887978659375 0.111995671875 0.8786477921875001 0.105976609375 0.8394935765625 0.1385274875 0.8267993468749999 0.2834990171875 0.8028643890625 0.30377247343749997 0.9071622781249999 0.3223808921875 0.9388288453125 0.32726663437500003 0.937879153125 0.3122400140625 0.8524581937500001 0.3302480046875 0.8468354687499999 0.323261515625 0.8354595453125 0.3128697453125 0.7738097078124999 0.3274126328125 0.7667382046875 0.3080503203125 0.6261836578125 0.3007225953125 0.62124104375 0.2251692453125 0.6338048015625 0.2247119015625 0.6805848812499999 0.1906835140625 0.7020556140624999 0.1918760703125 0.7081907843749999 0.2080090328125 0.7092995078125 0.19153483437500002 0.71462409375 0.1889773328125 0.734222159375 0.17068438749999998 0.754756559375 0.1354071609375 0.7616137578125 0.0774642828125 0.7665097328125 0.07542040625 0.747806084375 0.0825792859375 0.7273136015625 0.10212106875 0.7213927375 0.1096774671875 0.7029453109375 0.083831665625 0.6846236328125 0.081446553125 0.67235329375 0.156204865625 0.6556994234375 0.17148650781250002 0.6442396687499999 0.049521865625 0.663702540625 0.0270250609375 0.6871764140625001 0.05882656093750001 0.8507809453125 0.090638684375 0.8424749671875 0.0983041046875 0.898287775
2 0.20681647656250002 0.7031643375 0.1941486171875 0.7035043937500001 0.194489853125 0.697071084375 0.2002275046875 0.6938334703125 0.19943246718750002 0.689743359375 0.19443357187500002 0.68859271875 0.110813740625 0.700602115625 0.1005872765625 0.7216908765625 0.08678314375 0.724374128125 0.0761591625 0.74341783125 0.0770667640625 0.7644646765625 0.0809293875 0.7679585109375 0.142635965625 0.7588821671875 0.17223335 0.7531290187499999 0.190511125 0.7339240203124999 0.190796078125 0.7190123453124999 0.20994034374999998 0.7110464249999999 0.20681647656250002 0.7031643375
19 0.33974305 1 0.3247750390625 0.93332294375 0.2952952875 0.88811739375 0.2416160921875 0.8412487593750001 0.19196836718750002 0.8233090546874999 0.1386268671875 0.8273106125 0.1287416390625 0.8419660640625001 0.1186840234375 0.888489921875 0.083969621875 0.9801307765624999 0.0878318078125 1 0.33974305 1
19 1 0.7884108453125 0.8379931375 0.6993263046875 0.8110673453125001 0.6918261890624999 0.7819252890625 0.69749083125 0.732671540625 0.7388996875 0.7042646968749999 0.797479578125 0.694090975 0.8843502093750001 0.7056095609375 0.967800153125 1 0.9105764484375 1 0.7884108453125
19 0.04700086875 0.6671107703125 0.171238059375 0.64296150625 0.17021789062499998 0.60495793125 0.1192052203125 0.6127514640625 0.10523578281249998 0.5326961156250001 0.0990443296875 0.5254103078125001 0.0372951125 0.5352908125 0.0455831828125 0.6270621390625 0.017633681249999998 0.63886195 0.027372890625 0.6889658390625 0.02865105 0.6887173890625 0.04700086875 0.6671107703125
15 0 0.548144525 0.017832440625 0.6398844796875001 0.045785809375 0.6344508953125 0.048203559374999996 0.6241651734375 0.0326475859375 0.4786260953125 0.01691214375 0.4795624296875 0 0.4867024546875 0 0.548144525
19 0.2678513296875 0.6247123718750001 0.257551275 0.595675475 0.2260803890625 0.5975481421875 0.223689384375 0.633296584375 0.2678513296875 0.6247123718750001