6 1 0.642481653125 0.9430401171874999 0.6045227015625 0.1186988703125 0.624130571875 0.01474349375 0.66647885625 0.0278095515625 0.7907940921875001 1 0.77785488125 1 0.642481653125
4 0.9399322359375001 0.6048493515625 0.9801553125 0.63178201875 0.98066034375 0.6317289374999999 0.9858380140625 0.623067359375 0.9826306328125 0.562655009375 0.9746431624999999 0.5613997187499999 0.6283913421875 0.570559734375 0.631410521875 0.6142333921875001 0.9399322359375001 0.6048493515625
6 0.63923090625 0.464418153125 0.6032725078125 0.46610272343750003 0.6110126421875 0.47995286562499995 0.6212772890625 0.5626663640625 0.6268101796875001 0.57046406875 0.9917092875 0.55934414375 0.9864532968749999 0.52428481875 0.8239024859375 0.45757724218750007 0.7906164328124999 0.45479132031249997 0.7958724234375001 0.48985064375 0.6600263 0.4978442203125 0.642279653125 0.49342504062500003 0.63923090625 0.464418153125
4 0.0727611796875 0.63550509375 0.0778585375 0.6391589578125 0.1358194359375 0.6225929781249999 0.6140138734375 0.6089918734374999 0.6275535484375 0.607568796875 0.6141453984374999 0.49481096406249997 0.576444859375 0.4799201703125 0.387576559375 0.4767281296875 0.063950975 0.49188926874999994 0.05705234375 0.50099358125 0.0727611796875 0.63550509375
6 0.39327747031250004 0.45622825625 0.26498328125000004 0.4613332828125 0.24680109843750003 0.45277026249999996 0.106510921875 0.46332573750000006 0.07142359375 0.473297990625 0.0665144375 0.48638281718750004 0.49444223281250005 0.47701754375 0.574999803125 0.48111945624999997 0.6109339109375 0.4914825890625 0.612709846875 0.49129593125 0.624725896875 0.47589303281250006 0.6109877671875 0.464768115625 0.5222249609375 0.4573389921875 0.5129308859374999 0.443652175 0.49384806406250004 0.44146824375 0.39327747031250004 0.45622825625
13 0 0.5262038890625 0.014934039062500001 0.6682917859375 0.07202386875 0.6434381234375001 0.058334075 0.49824035312500004 0 0.5043715109375 0 0.5262038890625
6 0 0.4930877609375 0.001276159375 0.4935014875 0.0252496625 0.4917673234375 0.06863049375 0.48720781406249997 0.081645528125 0.4808647078125 0.07788434375 0.47497559687499996 0 0.47532050468750003 0 0.4930877609375
20 0 0.47747212968749997 0.0590465125 0.47512257656249995 0.1063475953125 0.4617717953125 0.101032471875 0.45604601093749997 0.0431011390625 0.45794522187500003 0.0213755390625 0.4455650109375 0.0195742640625 0.4583231875 0 0.460380525 0 0.47747212968749997
10 0.6958129203125 0.3749406375 0.6056843734374999 0.38441352968750003 0.6063968109375 0.361295753125 0.6665353859375001 0.365448978125 0.664575478125 0.3468016921875 0.6461755265625 0.33616675156250003 0.6384353921875 0.3223166109375 0.5043609765625 0.33221878125000004 0.514536921875 0.458932590625 0.6241035078125 0.468102915625 0.62759988125 0.46773543125000006 0.6423660078125 0.4643504921875 0.6592711515625 0.44581521874999996 0.7183208890625 0.43960884062499994 0.7118469953125001 0.34811768125000003 0.700998978125 0.33459419218750003 0.6958129203125 0.3749406375
4 0.0158693859375 0.094215834375 0.010089159375 0.099012978125 0.0160575875 0.110954525 0.0650712453125 0.12884588125000002 0.21645677343749997 0.119219046875 0.2484094796875 0.45312491718750003 0.254160140625 0.46299454375 0.3966575609375 0.45849150625 0.4284192390625 0.44677398281249997 0.405136871875 0.105672396875 0.38567765 0.0700110828125 0.0158693859375 0.094215834375
4 1 0.773510890625 0.0275645625 0.78846318125 0.049797978124999996 1 0.526203890625 1 1 0.9502020218749999 1 0.773510890625