14 0.2900390625 0.7578125 0.2998046875 0.7760416671875 0.3046875 0.7721354171875 0.2978515625 0.7265625 0.3271484375 0.7317708328125 0.3544921875 0.7473958328125 0.359375 0.75390625 0.359375 0.80078125 0.3720703125 0.8046875 0.4189453125 0.796875 0.4267578125 0.7395833328125 0.447265625 0.7486979171875 0.4501953125 0.7890625 0.4951171875 0.78125 0.513671875 0.7044270828125 0.5078125 0.6731770828125 0.48828125 0.6549479171875 0.474609375 0.5611979171875 0.482421875 0.47265625 0.48046875 0.3997395828125 0.4716796875 0.3802083328125 0.408203125 0.3346354171875 0.40625 0.3190104171875 0.4140625 0.3033854171875 0.421875 0.24869791718749998 0.419921875 0.20963541718749998 0.412109375 0.19140625 0.3955078125 0.1770833328125 0.3701171875 0.1770833328125 0.3544921875 0.1901041671875 0.345703125 0.20963541718749998 0.33984375 0.26171875 0.3515625 0.28515625 0.3515625 0.31640625 0.3291015625 0.3411458328125 0.2685546875 0.375 0.255859375 0.41796875 0.244140625 0.5455729171875 0.24609375 0.6184895828125 0.26171875 0.7825520828125 0.267578125 0.80078125 0.283203125 0.8138020828125001 0.291015625 0.8059895828125001 0.283203125 0.7825520828125 0.28515625 0.7643229171875 0.2900390625 0.7578125
15 0.6357421875 0.4348958328125 0.5146484375 0.4244791671875 0.478515625 0.5638020828125 0.482421875 0.60546875 0.623046875 0.6315104171875 0.62890625 0.62109375 0.6328125 0.5559895828125 0.662109375 0.4440104171875 0.6357421875 0.4348958328125
19 0.482421875 0.5403645828125 0.494140625 0.4986979171875 0.4912109375 0.4921875 0.482421875 0.4934895828125 0.482421875 0.5403645828125
19 1 0.76953125 0.96875 0.75390625 0.978515625 0.61328125 0.9736328125 0.5807291671875 0.8447265625 0.5494791671875 0.791015625 0.6809895828125 0.7744140625 0.7005208328125 0.7509765625 0.6979166671875 0.7119140625 0.6744791671875 0.662109375 0.6705729171875 0.626953125 0.8138020828125001 0.6337890625 0.8229166671874999 0.8916015625 0.9947916671874999 1 0.99609375 1 0.76953125
15 0.8583984375 0.46875 0.7587890625 0.4765625 0.7294921875 0.4713541671875 0.7080078125 0.4557291671875 0.662109375 0.58984375 0.62890625 0.63671875 0.6650390625 0.6276041671875 0.6669921875 0.6640625 0.7099609375 0.671875 0.7431640625 0.6927083328125 0.771484375 0.69921875 0.791015625 0.67578125 0.8203125 0.6106770828125 0.857421875 0.4986979171875 0.8583984375 0.46875
19 0.646484375 0.5091145828125 0.634765625 0.5533854171875 0.630859375 0.61328125 0.63671875 0.6184895828125 0.662109375 0.5846354171875 0.6796875 0.54296875 0.6845703125 0.5130208328125 0.646484375 0.5091145828125
9 0.6630859375 0.6302083328125 0.5205078125 0.6848958328125 0.4892578125 0.8072916671874999 0.4677734375 0.8020833328125001 0.3125 0.88671875 0.310546875 0.9049479171874999 0.3173828125 0.9114583328125001 0.4599609375 0.9791666671874999 0.470703125 0.9778645828125001 0.6171875 0.8684895828125001 0.619140625 0.8372395828125001 0.6640625 0.6549479171875 0.6630859375 0.6302083328125
19 0.4873046875 0.6145833328125 0.4921875 0.6549479171875 0.517578125 0.68359375 0.6025390625 0.6510416671875 0.619140625 0.63671875 0.5576171875 0.6197916671875 0.4873046875 0.6145833328125
19 0 0.8658854171874999 0.017578125 0.8658854171874999 0.275390625 0.81640625 0.263671875 0.7981770828125 0.25390625 0.7356770828125 0.2421875 0.5846354171875 0.2451171875 0.4973958328125 0.16796875 0.4934895828125 0.17578125 0.5533854171875 0.205078125 0.62890625 0.2041015625 0.65625 0.0771484375 0.6614583328125 0 0.6783854171875 0 0.8658854171874999
15 0 0.6731770828125 0.009765625 0.6731770828125 0.0810546875 0.6588541671875 0.1943359375 0.6588541671875 0.205078125 0.65234375 0.205078125 0.63671875 0.173828125 0.5533854171875 0.1533203125 0.4322916671875 0.1025390625 0.4375 0 0.4309895828125 0 0.6731770828125
21 0.4677734375 0.9817708328125001 0.30859375 0.9049479171874999 0.310546875 0.8841145828125001 0.3232421875 0.875 0.4697265625 0.7994791671875 0.4873046875 0.8046875 0.4912109375 0.7864583328125 0 0.87109375 0.0048828125 0.8880208328125001 0.0400390625 0.8984375 0.1025390625 0.9010416671874999 0.1181640625 0.9114583328125001 0.1572265625 0.8854166671874999 0.2197265625 0.8854166671874999 0.2294921875 0.9036458328125001 0.2314453125 0.8880208328125001 0.2509765625 0.9973958328125001 0.884765625 0.99609375 0.6298828125 0.8229166671874999 0.62109375 0.8372395828125001 0.6181640625 0.875 0.4677734375 0.9817708328125001
2 0.1337890625 0.8984375 0.1220703125 0.9140625 0.1005859375 0.9010416671874999 0.0380859375 0.8984375 0.0068359375 0.8880208328125001 0 0.8971354171874999 0.0009765625 1 0.24609375 0.9986979171874999 0.244140625 0.9388020828125001 0.2314453125 0.8854166671874999 0.1728515625 0.8828125 0.1337890625 0.8984375
3 1 0.0013020828125 0.8291015625 0 0.841796875 0.06119791718749999 0.841796875 0.1393229171875 0.822265625 0.4596354171875 0.8251953125 0.4661458328125 0.8583984375 0.4635416671875 0.865234375 0.47265625 0.84765625 0.53515625 0.8505859375 0.546875 0.9638671875 0.5729166671875 0.978515625 0.5846354171875 0.974609375 0.7018229171875 1 0.7122395828125 1 0.0013020828125
4 0.2431640625 0.1640625 0.3349609375 0.1848958328125 0.3310546875 0.3307291671875 0.34765625 0.3138020828125 0.34765625 0.28515625 0.337890625 0.26171875 0.345703125 0.20182291718749998 0.3583984375 0.1822916671875 0.3759765625 0.171875 0.4052734375 0.1796875 0.423828125 0.21744791718749998 0.421875 0.2721354171875 0.412109375 0.32421875 0.4248046875 0.3463541671875 0.4453125 0.35546875 0.4501953125 0.125 0 0.05078125 0.0009765625 0.1354166671875 0.2431640625 0.1640625