5 0.2453125 0.6333333328124999 0.2515625 0.6333333328124999 0.2578125 0.6125 0.271875 0.6020833328124999 0.2765625 0.5583333328125 0.2953125 0.49375 0.303125 0.48541666718750004 0.3171875 0.48541666718750004 0.3109375 0.60625 0.3203125 0.60625 0.3296875 0.5583333328125 0.340625 0.65 0.3484375 0.64375 0.346875 0.4875 0.365625 0.49583333281249997 0.3703125 0.5479166671875 0.3828125 0.5625 0.3984375 0.6208333328125 0.4046875 0.6208333328125 0.4046875 0.6104166671875 0.3875 0.5395833328124999 0.3921875 0.48541666718750004 0.403125 0.48333333281249996 0.434375 0.5145833328125 0.4421875 0.5583333328125 0.45 0.5791666671875 0.45625 0.5770833328125 0.4421875 0.4895833328125 0.4421875 0.46458333281249997 0.4546875 0.4583333328125 0.45 0.3958333328125 0.371875 0.39375 0.371875 0.45208333281249996 0.3875 0.4625 0.425 0.46458333281249997 0.4296875 0.49375 0.425 0.49791666718750005 0.4 0.47291666718750003 0.3671875 0.4625 0.3375 0.30416666718749996 0.2421875 0.3 0.265625 0.4458333328125 0.2859375 0.48541666718750004 0.2453125 0.6333333328124999
21 0.35 0.3791666671875 0.353125 0.3916666671875 0.3671875 0.39375 0.503125 0.4 0.50625 0.36875 0.49375 0.36875 0.48125 0.3791666671875 0.3515625 0.3729166671875 0.35 0.3791666671875
5 0.40625 0.375 0.40625 0.325 0.3796875 0.32083333281250004 0.3734375 0.3270833328125 0.3734375 0.375 0.40625 0.375
5 0.490625 0.48125 0.4921875 0.4895833328125 0.5109375 0.5020833328125 0.490625 0.59375 0.5125 0.5583333328125 0.5359375 0.5416666671875 0.61875 0.5395833328124999 0.609375 0.48333333281249996 0.609375 0.47083333281249995 0.6234375 0.45208333281249996 0.6171875 0.3958333328125 0.6359375 0.3854166671875 0.640625 0.3458333328125 0.640625 0.3375 0.628125 0.33125 0.6265625 0.31875 0.5140625 0.3125 0.5078125 0.33541666718749996 0.4984375 0.47083333281249995 0.490625 0.48125
19 1 0.44166666718750003 0.940625 0.43333333281249997 0.9140625 0.45 0.878125 0.49791666718750005 0.8640625 0.4875 0.69375 0.4770833328125 0.6765625 0.4916666671875 0.671875 0.55 0.5375 0.5395833328124999 0.4953125 0.5791666671875 0.4671875 0.625 0.4640625 0.6416666671875 0.4609375 0.8125 0.484375 0.8270833328125 0.5171875 0.8229166671874999 0.5453125 0.8291666671875 0.5328125 1 1 1 1 0.44166666718750003
9 0.4609375 0.3729166671875 0.4609375 0.32083333281250004 0.4046875 0.3145833328125 0.403125 0.375 0.471875 0.38125 0.4609375 0.3729166671875
21 0.25625 0.38333333281250004 0.2546875 0.3708333328125 0.246875 0.36666666718749996 0.2390625 0.3708333328125 0.240625 0.3791666671875 0.25625 0.38333333281250004
21 0.340625 0.59375 0.3375 0.4875 0.3234375 0.48541666718750004 0.3203125 0.5541666671875001 0.3375 0.5583333328125 0.340625 0.59375
21 0.253125 0.6291666671875 0.271875 0.5875 0.275 0.54375 0.2890625 0.4875 0.284375 0.475 0.2765625 0.47291666718750003 0.2734375 0.5375 0.246875 0.63125 0.253125 0.6291666671875
21 0.628125 0.5416666671875 0.6421875 0.5458333328125 0.64375 0.4125 0.6703125 0.41041666718750003 0.6765625 0.39375 0.621875 0.3875 0.615625 0.40416666718750005 0.621875 0.41041666718750003 0.628125 0.5416666671875
11 0 0.36875 0.078125 0.3708333328125 0.0796875 0.075 0.0625 0.075 0 0.0458333328125 0 0.36875
4 0 0.7145833328125 0.01875 0.7166666671875 0.021875 0.68125 0.1484375 0.6208333328125 0.15 0.4125 0 0.40416666718750005 0 0.7145833328125