19 0.1890625 1 0.4265625 0.8895833328125 0.44375 0.8729166671874999 0.4578125 0.75 0.45625 0.6708333328125 0.4453125 0.65625 0.275 0.6 0.2546875 0.5895833328125 0.2328125 0.5583333328125 0.2046875 0.5416666671875 0.10625 0.5375 0 0.5458333328125 0 1 0.1890625 1
21 1 0.45208333281249996 0.9671875 0.45 0.9640625 0.43125 0.9515625 0.4291666671875 0.7359375 0.4375 0.6046875 0.43333333281249997 0.5515625 0.4458333328125 0.553125 0.46666666718750005 0.575 0.48541666718750004 0.6828125 0.50625 0.6796875 0.6375 0.6296875 1 0.6578125 0.9979166671874999 0.7484375 0.51875 0.7640625 0.5145833328125 1 0.5520833328125 1 0.45208333281249996
11 0.715625 0.40208333281249997 0.715625 0.3770833328125 0.7 0.3083333328125 0.7171875 0.3083333328125 0.8015625 0.32083333281250004 0.8296875 0.4166666671875 0.940625 0.4270833328125 0.9453125 0.41875 0.9640625 0.0666666671875 0.953125 0.058333332812500006 0.59375 0.10833333281249999 0.5796875 0.39791666718749996 0.715625 0.40208333281249997
5 0.4453125 0.9770833328125 0.446875 0.99375 0.4640625 0.9770833328125 0.50625 0.8520833328125 0.5234375 0.83125 0.5234375 0.8083333328125001 0.5578125 0.7520833328125 0.5578125 0.7125 0.5671875 0.6833333328125 0.55 0.68125 0.5375 0.7 0.46875 0.9041666671874999 0.4453125 0.9770833328125
5 0.8140625 0.3375 0.803125 0.3166666671875 0.6984375 0.30416666718749996 0.725 0.4375 0.8359375 0.4291666671875 0.8140625 0.3375
5 0.7328125 1 0.7171875 0.8583333328125 0.7265625 0.7666666671875 0.73125 0.8 0.746875 0.8291666671875 0.7765625 0.95 0.7859375 0.9645833328125001 0.7921875 0.9604166671875 0.7421875 0.7229166671875 0.7953125 0.6895833328125 0.8109375 0.6895833328125 0.8203125 0.7145833328125 0.8296875 0.7104166671875001 0.8265625 0.6791666671875001 0.846875 0.6625 0.85625 0.675 0.8546875 0.7479166671875 0.8640625 0.9 0.86875 0.9083333328125001 0.8765625 0.90625 0.8734375 0.6375 0.8796875 0.63125 0.9078125 0.6416666671875 0.96875 0.8520833328125 0.9734375 0.8625 0.984375 0.8625 0.978125 0.81875 0.93125 0.6395833328125 0.9359375 0.63125 0.98125 0.6208333328125 0.9859375 0.6083333328125 0.8796875 0.5541666671875001 0.85625 0.5270833328125 0.753125 0.5125 0.746875 0.5166666671875 0.74375 0.5541666671875001 0.7578125 0.58125 0.7796875 0.6 0.765625 0.6125 0.7609375 0.6291666671875 0.7265625 0.6270833328125 0.690625 0.8270833328125 0.69375 0.8875 0.7140625 1 0.7328125 1
5 0.5375 0.65625 0.58125 0.675 0.56875 0.7208333328125 0.5609375 0.7958333328125 0.5515625 0.8083333328125001 0.5515625 0.8333333328125001 0.5390625 0.8791666671874999 0.5390625 0.8916666671875 0.5484375 0.89375 0.56875 0.8125 0.5859375 0.775 0.5984375 0.7 0.6078125 0.6833333328125 0.6265625 0.6833333328125 0.66875 0.7020833328125 0.684375 0.60625 0.6328125 0.58125 0.6140625 0.5520833328125 0.596875 0.49583333281249997 0.565625 0.4791666671875 0.553125 0.4625 0.55625 0.44375 0.578125 0.43958333281249995 0.578125 0.425 0.534375 0.28958333281250004 0.5109375 0.2770833328125 0.4296875 0.2625 0.45625 0.35 0.503125 0.60625 0.5375 0.65625
3 0.109375 0.15625 0.1109375 0.50625 0.1046875 0.5208333328125 0.1421875 0.5354166671875 0.19375 0.5375 0.2828125 0.56875 0.459375 0.6125 0.4671875 0.48125 0.475 0.4625 0.4515625 0.3270833328125 0.4390625 0.2833333328125 0.4265625 0.2625 0.5265625 0.2833333328125 0.5421875 0.30625 0.571875 0.40625 0.5796875 0.41041666718750003 0.584375 0.4 0.584375 0.2833333328125 0.53125 0.26875 0.53125 0.20833333281250002 0.5359375 0.1541666671875 0.5859375 0.1458333328125 0.5890625 0.11875 0.5171875 0.0916666671875 0.496875 0.0916666671875 0.334375 0.11875 0.3125 0.1291666671875 0.109375 0.15625
2 0.41875 0.425 0.4234375 0.42083333281249996 0.425 0.3604166671875 0.4078125 0.35625 0.4015625 0.3708333328125 0.409375 0.41875 0.41875 0.425
2 0.44375 0.4291666671875 0.4515625 0.42083333281249996 0.4515625 0.3625 0.434375 0.3583333328125 0.428125 0.41875 0.43125 0.4270833328125 0.44375 0.4291666671875
2 0.321875 0.3583333328125 0.253125 0.35 0.253125 0.40625 0.3203125 0.41041666718750003 0.321875 0.3583333328125