11 0.102898525 0 0.049164481249999996 0.2300774328125 0.032146698437499996 0.3037895453125 0.1037279515625 0.3203153796875 0.100570528125 0.3060894625 0.064488346875 0.2670235640625 0.1736217671875 0.29355533437500003 0.1836500921875 0.2891888875 0.215063746875 0.15746261875 0.24562219375 0.025099445312500003 0.211919778125 0 0.102898525 0
4 0 0.575394325 0.002198421875 0.5759018703125001 0.02756050625 0.5810890015625 0.034150053125 0.5612289828125 0.1910123015625 0.53730848125 0.223560515625 0.4054432453125 0.236665 0.3486814875 0.10985865624999999 0.3114409953125 0.1050265390625 0.32368874999999997 0.031465571875 0.3080421953125 0 0.4443345609375 0 0.575394325
5 0.45509785 0.45876421875 0.42515524843749997 0.5146590984375 0.41981666874999995 0.4639822515625 0.440091771875 0.46732679375 0.44499670625 0.45910485312500005 0.42325870937500004 0.4447319078125 0.41791686562499997 0.42879897656250004 0.4242249328125 0.2886039609375 0.3429060640625 0.26314835312499996 0.33286468281250003 0.406490465625 0.335059021875 0.42303307031250004 0.34998901718750003 0.4451886 0.3313952609375 0.464949896875 0.27517055468749996 0.5695667453125 0.31352968593749997 0.5249693109375 0.3158729265625 0.514819621875 0.3490325875 0.497084796875 0.3581805640625 0.5138964421875001 0.34961186718750004 0.564035209375 0.360374903125 0.530439046875 0.36681555 0.537271321875 0.3574584890625 0.6033977140625 0.357557303125 0.6034205265625 0.3713531296875 0.5436642375 0.38540930625 0.517510025 0.3985123171875 0.5085080921875 0.4158583703125 0.5245397453125 0.4240499171875 0.5932475875 0.42727676875 0.5271758906249999 0.44074713593750003 0.5035591 0.4626340328125 0.4912397546875 0.47463824218750006 0.49133847656249996 0.492861378125 0.52093595625 0.4891976171875 0.5628527796875 0.493735196875 0.5692456984375001 0.5038461328125 0.4646733125 0.5208649125 0.458245821875 0.53266185 0.40714767343749997 0.46008213124999997 0.3850802578125 0.44529124375 0.44046418281250005 0.45619665156250006 0.44966356249999995 0.45509785 0.45876421875
5 0.48231339687499997 0.36909867812499997 0.49102674999999996 0.3374347109375 0.494238053125 0.3235250234375 0.4851728921875 0.3176418390625 0.4795365109375 0.320349578125 0.4676746734375 0.363046396875 0.48231339687499997 0.36909867812499997
5 0.5476488921875 0.4433821390625 0.5359326906249999 0.49413057968749996 0.5501312390625 0.5107719078125 0.5306571359375 0.5517112953125001 0.534243509375 0.5544101421875001 0.5369078015625 0.5550252421875 0.5526896703124999 0.5474435718749999 0.5654253265625 0.553056496875 0.5638896140625 0.5380022828125 0.570184625 0.5367829328125 0.5768469890625 0.520948725 0.58702095 0.524633903125 0.5749406578125 0.555253284375 0.609854484375 0.5646501109375001 0.6174700140625 0.5316636234375001 0.6220804125 0.5420823515625 0.632767365625 0.5392042953125 0.637086490625 0.5335197765624999 0.6281569671875 0.5287855671874999 0.6638783218750001 0.5129784890625 0.6739827296875001 0.47789393750000003 0.6723741999999999 0.45881391093749996 0.6836469625 0.45339843281250003 0.6683496124999999 0.4458577609375 0.6712058437499999 0.4291448375 0.7086085468750001 0.43644359843749997 0.722360878125 0.3981476921875 0.7244184078125 0.38923555312499997 0.6898756828125 0.3786654375 0.6914874765625 0.3630015484375 0.587331809375 0.33227365 0.5476488921875 0.4433821390625
9 0.48712947968750003 0.371680528125 0.4986795640625 0.374614340625 0.5439725890625 0.385071059375 0.540342525 0.3799567265625 0.5508142874999999 0.3302573171875 0.49877286249999997 0.3169062734375 0.48712947968750003 0.371680528125
21 0.33354058593749997 0.4578280828125 0.3338040375 0.45842343906250005 0.33608771718749997 0.4589506671875 0.33734671875 0.45870679843750006 0.3385183390625 0.4536319546875 0.3452383046875 0.44796717968750005 0.3461756015625 0.44390730468750006 0.34459489374999996 0.44033516875 0.339544321875 0.44050548593750005 0.3360294625 0.4557300171875 0.33354058593749997 0.4578280828125
21 0.30792775625 0.5505363062499999 0.3096851859375 0.5429240390625 0.3121740625 0.540825975 0.3151031125 0.5281388640625 0.31759198906249997 0.5260408 0.3175191703125 0.5220149875 0.3137130375 0.5211362734375 0.3093939125 0.5268207921875 0.30412162187499997 0.5496575906250001 0.3047802515625 0.5511459796875 0.30792775625 0.5505363062499999
21 0.3911876328125 0.48423301875 0.39133326875 0.49228464375 0.39199189687499997 0.49377303437500003 0.3932363359375 0.49272400000000005 0.39382214531250004 0.49018657968749996 0.396311021875 0.4880885140625 0.39865426249999997 0.477938825 0.399400925 0.47730940625 0.403150109375 0.46106990468750003 0.4020963046875 0.45868848125 0.393971046875 0.46349428593750003 0.389870375 0.48125624062499994 0.3911876328125 0.48423301875
21 0.4251485828125 0.351892140625 0.42038928281250004 0.36816570625 0.4186285890625 0.4105218875 0.42243472187500003 0.411400603125 0.435686634375 0.37570637812499996 0.557628528125 0.4118768828125 0.56111295625 0.40893959375 0.56415916875 0.39574499687500003 0.562315009375 0.39157750625 0.49761074687500007 0.37663935 0.477848634375 0.36673157343749996 0.4251485828125 0.351892140625
19 0.7444512375000001 1 0.865582696875 0.583516671875 0.8671533484375 0.5767134359375 0.7205293015625001 0.5300663984375 0.71384808125 0.5285239171875 0.6963236484374999 0.541315884375 0.6835086453125 0.6011649828125 0.6464732984375 0.5792513625 0.5524915921875 0.55220864375 0.4377880796875 0.601898259375 0.4096724625 0.6889506 0.3928296078125 0.7705874640625 0.366769221875 0.796642953125 0.3481722015625 0.8511481640625 0.3201017546875 0.968412071875 0.456924103125 1 0.7444512375000001 1
21 0.6677422828124999 0.443713046875 0.6760131765625 0.44695886875 0.6793063187499999 0.454400815625 0.6563108265625 0.5800525703125 0.667729225 0.5826887140625 0.6765163765625 0.544627384375 0.6808355015625 0.5389428640625 0.68105395625 0.5510203 0.67437639375 0.5883659671875 0.6820289609375 0.5901327015625 0.7097553828125001 0.46143053749999996 0.7134886984375 0.458283440625 0.7268101640625 0.4613589421875 0.7394001828125 0.45892024375 0.7446268234375 0.45451430937500004 0.7460633328124999 0.4482921078125 0.72578744375 0.43974149375 0.6744046484374999 0.42787884062500003 0.6706713328125 0.4310259375 0.6677422828124999 0.443713046875
19 0.8977179578125 1 0.9997278765625 0.5581465015625 0.9585572015625001 0.5419895328125001 0.889967459375 0.5916346828125 0.8565795515625 0.7015238234375001 0.8593597015625001 0.7155290046875 0.8494041953125 0.7239212640625 0.7676413578125 1 0.8977179578125 1