14 0.7171875 0.3 0.7078125 0.36666666718749996 0.7046875 0.4604166671875 0.7140625 0.6125 0.709375 0.7104166671875001 0.6875 0.73125 0.715625 0.7479166671875 0.7359375 0.7479166671875 0.753125 0.7333333328125 0.75 0.7041666671875 0.7578125 0.6854166671875 0.7609375 0.5895833328125 0.7671875 0.5708333328124999 0.765625 0.51875 0.78125 0.47291666718750003 0.7890625 0.41041666718750003 0.790625 0.3125 0.7734375 0.2708333328125 0.7796875 0.20208333281250002 0.7671875 0.1875 0.746875 0.1854166671875 0.7296875 0.20416666718749998 0.728125 0.2833333328125 0.7171875 0.3
19 0 0.6666666671875 0.021875 0.6791666671875001 0.040625 0.6645833328124999 0.0578125 0.6333333328124999 0.0546875 0.6083333328125 0.0453125 0.60625 0.0453125 0.5958333328125 0.071875 0.5708333328124999 0.08125 0.5708333328124999 0.0765625 0.6083333328125 0.0625 0.63125 0.0640625 0.6458333328125 0.0375 0.6791666671875001 0.04375 0.69375 0.0734375 0.7166666671875 0.15 0.74375 0.33125 0.7541666671875 0.3625 0.7416666671875001 0.4109375 0.66875 0.428125 0.6625 0.4234375 0.6375 0.4453125 0.6104166671875 0.4390625 0.5520833328125 0.409375 0.5458333328125 0.4203125 0.4 0.43125 0.34375 0.2984375 0.3333333328125 0.284375 0.3625 0.278125 0.40833333281249995 0.2671875 0.43125 0.26875 0.4479166671875 0.25 0.4770833328125 0.2328125 0.5916666671875 0.2265625 0.5875 0.20625 0.5229166671875001 0.1890625 0.5104166671875 0.053125 0.5020833328125 0.025 0.5104166671875 0 0.5270833328125 0 0.6666666671875
21 0.2921875 1 0.28125 0.8479166671874999 0.2953125 0.8270833328125 0.296875 0.8083333328125001 0 0.7458333328125 0 1 0.1359375 1 0.175 0.98125 0.190625 0.9604166671875 0.225 0.9395833328125001 0.228125 0.9770833328125 0.21875 0.9875 0.2296875 0.99375 0.2390625 0.9833333328125 0.240625 1 0.2921875 1
5 0.475 0.525 0.4921875 0.5770833328125 0.5359375 0.5791666671875 0.5453125 0.5479166671875 0.5671875 0.51875 0.565625 0.4916666671875 0.546875 0.45416666718750004 0.509375 0.44375 0.4890625 0.45 0.4734375 0.46666666718750005 0.475 0.525
9 0.5796875 0.45208333281249996 0.578125 0.3895833328125 0.509375 0.3854166671875 0.50625 0.43125 0.5140625 0.4458333328125 0.5796875 0.45208333281249996
21 0.4703125 0.48541666718750004 0.48125 0.4604166671875 0.48125 0.45416666718750004 0.41875 0.45 0.4140625 0.475 0.421875 0.48125 0.4703125 0.48541666718750004
5 0.4796875 0.45416666718750004 0.490625 0.44375 0.48125 0.42291666718750004 0.4609375 0.42083333281249996 0.45 0.4270833328125 0.440625 0.45208333281249996 0.4796875 0.45416666718750004
5 0.2734375 0.4479166671875 0.2734375 0.4145833328125 0.2546875 0.41041666718750003 0.2453125 0.42291666718750004 0.246875 0.4791666671875 0.2734375 0.4479166671875
5 0.4109375 0.525 0.434375 0.5375 0.475 0.53125 0.4703125 0.4875 0.446875 0.48333333281249996 0.446875 0.51875 0.4125 0.5166666671875 0.4109375 0.525
5 0.7671875 0.5541666671875001 0.76875 0.5729166671875 0.7890625 0.55625 0.7984375 0.5291666671875 0.8046875 0.4604166671875 0.796875 0.4583333328125 0.7859375 0.4791666671875 0.78125 0.5270833328125 0.7671875 0.5541666671875001
21 0.6234375 0.5916666671875 0.6125 0.69375 0.6125 0.7083333328125 0.6171875 0.7083333328125 0.625 0.6979166671875 0.628125 0.6645833328124999 0.63125 0.675 0.6421875 0.6666666671875 0.6375 0.5979166671875 0.646875 0.5833333328125 0.64375 0.5625 0.6515625 0.5166666671875 0.696875 0.5 0.70625 0.48333333281249996 0.6734375 0.46666666718750005 0.6515625 0.47291666718750003 0.55625 0.46458333281249997 0.5671875 0.49375 0.6140625 0.5 0.6234375 0.5916666671875
5 0.5515625 0.5354166671875 0.5515625 0.5479166671875 0.59375 0.55 0.6078125 0.5416666671875 0.6046875 0.5291666671875 0.6125 0.49791666718750005 0.5703125 0.49375 0.565625 0.49583333281249997 0.5671875 0.5291666671875 0.5515625 0.5354166671875
2 0.6625 0.475 0.671875 0.46875 0.66875 0.4604166671875 0.6546875 0.45625 0.6203125 0.45416666718750004 0.6140625 0.4625 0.628125 0.47291666718750003 0.6625 0.475