14 0.4830522046875 0.8324652640625001 0.5335870828125 0.8220126171875 0.5366355578124999 0.7954872046875 0.532095446875 0.7837365109375 0.5032979421875 0.778033865625 0.48764121875 0.76690774375 0.4785813734375 0.7111946 0.4518080359375 0.7006930484375 0.45181618593749995 0.6878083453125 0.47810997187500004 0.657634340625 0.44434985625 0.509312525 0.45194659374999996 0.48165310625 0.41918226093750005 0.35670124531249997 0.37426885625 0.26698516250000004 0.3707408296875 0.2528350171875 0.380853509375 0.2417251953125 0.3808657359375 0.22239814062500002 0.366745475 0.17868225937499999 0.3430124609375 0.15454 0.3212832390625 0.1578105921875 0.30711815 0.18496057500000002 0.32527859375 0.23196335 0.3216812859375 0.3273331734375 0.363001459375 0.50597673125 0.42300645625 0.701432753125 0.4436624671875 0.7971968828125 0.45211773749999995 0.8758738265625 0.4522523890625 0.8758402546875 0.45475462968749997 0.8352264203124999 0.47041950468750005 0.8334678390624999 0.47748778593749996 0.842441078125 0.4830522046875 0.8324652640625001
9 0.7905602625 0.46405609062500003 0.7607465999999999 0.46719524687499997 0.7309288625 0.47677675468749997 0.7319327953125 0.48726200625000005 0.77892334375 0.488428615625 0.7905602625 0.46405609062500003
5 0.7936005875000001 0.45041538125 0.7966368359375 0.44321702500000004 0.79262518125 0.39483367187499996 0.7673597796875 0.3968388203125 0.7516786046874999 0.42436680625 0.75367831875 0.4582220078125 0.7936005875000001 0.45041538125
21 0.69342253125 0.7590797140625 0.6651860843749999 0.6652055984375 0.6641943765625 0.63539329375 0.6722910421875 0.6161976765625 0.66927516875 0.5911842765624999 0.677379984375 0.5591039546875 0.6930367078125 0.5702300765625 0.7364992296875 0.5572465421875 0.7526640328124999 0.5639517625 0.7627563375 0.585053696875 0.7794332953125 0.5808956640625 0.7678452796874999 0.5279599765625 0.7708937546875 0.501434565625 0.75523295625 0.49675079375 0.7284473921875 0.5055762984375 0.7011782015625 0.4801685953125 0.68602140625 0.4775062734375 0.64053879375 0.4888463625 0.5940563234375 0.48325885 0.58394364375 0.4943686703125 0.5071272062500001 0.515668271875 0.503578803125 0.53372988125 0.55055305 0.560665896875 0.5869309890625 0.564478528125 0.602083709375 0.5735832015625 0.6308526875 0.62438230625 0.6404124609374999 0.6885592515625001 0.6358234484375 0.7541167718749999 0.6408634875 0.774331265625 0.6509680171875 0.776106146875 0.65250855625 0.7370740375 0.6626253125 0.7195218640625 0.67121375625 0.7216747484375 0.7241830734375 0.8566187234375 0.74187078125 0.8664332968749999 0.7426829703125 0.8662307953124999 0.7363199203125 0.840709996875 0.7201632671875 0.8211200734374999 0.70755909375 0.7770261890625 0.69342253125 0.7590797140625
5 0.6743518859375001 0.5534176093750001 0.6677590828125 0.5915622796875 0.6702791015625 0.6016695265625 0.6824037234375 0.6050878546875 0.7221974421875 0.6008023328125 0.7286408125 0.5991958203125 0.7521559546875001 0.5683726640625 0.7425595031250001 0.56217688125 0.6925327046875001 0.5682086281250001 0.6743518859375001 0.5534176093750001
2 0.6097171234375 0.4879426203125 0.6086928140625 0.5096691265625 0.686517259375 0.49241242500000004 0.6945935484375 0.5054285609375 0.7111732015625 0.5053206234375 0.7121681359375 0.5050725593750001 0.7016822046875 0.48219004375 0.6905696671875 0.4763722640625 0.6506433234375 0.4906212421875 0.6097171234375 0.4879426203125
5 0.5904489953125001 0.49462542656249997 0.6874785671875 0.4704332375 0.6809224406250001 0.4505967453125 0.659713521875 0.43011938125000004 0.63091601875 0.4244167359375 0.6112068859375 0.42933077343750004 0.590473446875 0.4559713203125 0.5904489953125001 0.49462542656249997
5 0.42307760781250003 0.6888007328125 0.4518669609375 0.70738808125 0.4671504390625 0.709482040625 0.48319568124999995 0.7054815125 0.5857866265625 0.6761452703125 0.5549812578125 0.6494721234374999 0.530732015625 0.64263546875 0.45290349531249996 0.666334521875 0.45190363749999996 0.6494069203125 0.4312027984375 0.62450865625 0.4221470296875 0.5623531609375 0.4170947640625 0.56146571875 0.4080186171875 0.5315219812499999 0.40298265312500003 0.5048651359375 0.41107116718750003 0.49855421875 0.4024868 0.489958984375 0.4125994796875 0.4788491625 0.383725390625 0.469408165625 0.382246153125 0.46977698125 0.3630726109375 0.49334470937499997 0.3615483734375 0.506607415625 0.38927266562499996 0.6113447828125 0.42307760781250003 0.6888007328125
5 0.81068374375 0.602895228125 0.7358873984375001 0.625838275 0.7399194296875 0.6420098703125 0.812949521875 0.6554713203125 0.8242948984374999 0.6526426015625 0.8950480140625 0.6312444234375 0.9107577156250001 0.5586199781250001 0.8896058515625 0.447949696875 0.8724371156249999 0.430759228125 0.8418664250000001 0.4324767984375 0.8372549984375001 0.43362655625 0.7951125984375 0.45647972968749995 0.7713347578125 0.5032033328125001 0.7748424093749999 0.5495652359375 0.81068374375 0.602895228125
21 0.5079380625 0.531837828125 0.49986584843750004 0.512379340625 0.4826889625 0.5080735734374999 0.45438731250000003 0.517277078125 0.446294721875 0.5300303468750001 0.4679628171875 0.6233950234375001 0.47611796562500003 0.6315604953125 0.49034524687500003 0.6280132359375 0.5018411125 0.58488865 0.5453077093750001 0.5654627640625 0.53874750625 0.552068625 0.5079380625 0.531837828125
11 0.8751242187500001 0.176730071875 0.8927154546875 0.3247890171875 0.902807759375 0.34589095312499996 0.9740597765624999 0.334567165625 0.9281954171875 0.150615265625 0.9221310687500001 0.152127278125 0.8751242187500001 0.176730071875
9 0.7925866312500001 0.3559268828125 0.7895300062499999 0.395336996875 0.7964747062499999 0.4550665625 0.8000152937499999 0.45418379375000006 0.8425604515625 0.433645703125 0.8789424671875 0.43101598281250003 0.8739472546875 0.33993562499999996 0.7925866312500001 0.3559268828125
19 0.5452786546875 0.5660067859375 0.5263078828125 0.547386890625 0.48688961875 0.5572149671875 0.48937294375 0.5799456453125 0.5452786546875 0.5660067859375
15 0.5252817015625 0.472225446875 0.54700685 0.47539720625 0.5455233640625 0.42423639843750005 0.5389672375 0.4043999078125 0.5000652031249999 0.3969223796875 0.5101534328125 0.4244666671875 0.521778125 0.41942119218749996 0.5252817015625 0.472225446875
19 0.5222821296875 0.42144264218750005 0.5258060812500001 0.4420351390625 0.520737515625 0.46691710468750003 0.531341975 0.4771557859375 0.5439746750000001 0.47615321093749996 0.5394712421875 0.40642135625 0.5000652031249999 0.3969223796875 0.5091413499999999 0.42686611875 0.5222821296875 0.42144264218750005
19 0.47118839843749993 0.4167364578125 0.4342983046875 0.42378707968749996 0.45194251718749995 0.48809545625000006 0.4408218296875 0.49516237968750004 0.4448497859375 0.5177763265624999 0.46209477187500003 0.5142818359375 0.49042664374999995 0.5072179078125 0.4777241484375 0.46878470468750005 0.4848087296875 0.4519885375 0.4681480734375 0.43037716562500006 0.47118839843749993 0.4167364578125
19 0.34185554218749997 0.4857520484375 0.3272272015625 0.44645706875 0.2625435375 0.45829029375 0.287292709375 0.47359074999999995 0.3094851828125 0.5367651203125 0.2968484078125 0.5442100453125 0.2827036953125 0.539148271875 0.2690833625 0.503896190625 0.2594869109375 0.49770040781249997 0.2468705125 0.47293357656249996 0.28567881562499997 0.628585184375 0.390288825 0.6025029796875 0.367604571875 0.51798010625 0.3443592609375 0.5216287000000001 0.34185554218749997 0.4857520484375
15 0.3442332609375 0.5211233390625 0.35939310468749996 0.5189538984375 0.36436137031250004 0.5177151703125 0.3518625984375 0.4419251078125 0.3250851859375 0.437865909375 0.3417336171875 0.4788043359375 0.3442332609375 0.5211233390625
15 0.254375721875 0.490117934375 0.27154445781250003 0.5073084046874999 0.2846607859375 0.5405390359375 0.303957103125 0.53921698125 0.30834743750000004 0.5381223484375 0.3069062375 0.519962840625 0.28672570468749997 0.47131661874999997 0.24530365 0.4537318453125 0.254375721875 0.490117934375