21 0.5057037249999999 0.8712139140625 0.5368551109374999 0.8821475124999999 0.5414365640625001 0.8832052234375001 0.5696572062499999 0.77479579375 0.5746932140625 0.7738203140625 0.7425125968749999 0.8318076734375 0.7623097109375 0.780786725 0.58828400625 0.714952121875 0.5956632546875 0.7038269546875 0.6058570015625 0.6527270281249999 0.5845135234375001 0.646195896875 0.577019071875 0.6444656671875 0.5135646781250001 0.7190831421875 0.5132125390625 0.727554378125 0.539210753125 0.739970940625 0.5057037249999999 0.8712139140625
9 0.6297001234375 0.5425051671875 0.5985337234375 0.6913935859375 0.6018116484375 0.7049791562500001 0.6331953984375 0.735744134375 0.75495559375 0.773743559375 0.7651669046875 0.7761010265625 0.7774789265625001 0.7498114109375 0.7373125968750001 0.7084662796875 0.7612162578125 0.5771443265625 0.6297001234375 0.5425051671875
4 0.793420140625 0.604356915625 0.76039481875 0.5945942843750001 0.7421175453125 0.6737618515625 0.74258358125 0.6995270484375 0.948208396875 0.7702514796875 0.9506304859375 0.7708106625 0.97400430625 0.6695675234375 0.8225797703125 0.6239177484375 0.793420140625 0.604356915625
4 0.45068067031250003 0.6511118859375 0.535527009375 0.682994475 0.539614459375 0.6839381375 0.5758765859375 0.6436673703125 0.6087854 0.6469887015625 0.6244864140625 0.565088225 0.601416596875 0.5469333359374999 0.61571166875 0.4711226703125 0.4892143203125 0.43176232187499997 0.48114532499999996 0.4298994484375 0.45433162656250003 0.4338651515625 0.40852323906250004 0.61144520625 0.4102787109375 0.6246792906249999 0.45068067031250003 0.6511118859375
15 0 0.5369079203125 0.1353483796875 0.56815555625 0.1388719703125 0.5638909734374999 0.10727087187499999 0.353472596875 0.1020018453125 0.3415654796875 0.0882997671875 0.3384021046875 0.0728396046875 0.3497997796875 0.0189659734375 0.360881540625 0 0.44303219687500006 0 0.5369079203125
15 0 0.711229653125 0.40414223906249996 0.8723551328125 0.40745984999999996 0.8731210640624999 0.44704342500000005 0.7224341703125 0.44048757656250004 0.69526303125 0.42655247812499997 0.6792170578125 0.283327978125 0.6119409390625 0.16937961562499998 0.570666953125 0 0.5296394515625 0 0.711229653125
4 1 0.14377176875 0.8232731265625001 0.0999678328125 0.5563751640625 0.040487715625 0.54852726875 0.053642821875 0.5207605265625 0.1669678421875 0.5409019453125 0.1908610578125 0.9958798296875001 0.31086791406250003 0.9785398531249999 0.38597560625 1 0.3898822984375 1 0.14377176875
19 0.419789471875 0.6755175609374999 0.43393107343750004 0.6750406734375 0.43592478593750006 0.6455670875 0.417890978125 0.6264367203125001 0.3165908890625 0.585944684375 0.2621340453125 0.5717687312499999 0.2425959109375 0.567257996875 0.2107208296875 0.5721933234375001 0.20076532343750003 0.5805855796875 0.4151858671875 0.674454734375 0.419789471875 0.6755175609374999
19 0.8977179578125 1 0.9008952140625001 0.98623779375 0.71398299375 0.9623289109375 0.6348154265625 0.9440516375 0.6014405765624999 0.9149651109375 0.4195695875 0.8344904796874999 0.409142821875 0.872707809375 0.39040473593749997 0.8705199140625 0 0.7101834078125 0 0.8977179578125 0.44303219687500006 1 0.8977179578125 1
15 0.7867887359375 0.758107884375 0.767346371875 0.7728624625 0.7341967046875 0.8400439343749999 0.6937816875 0.9525870046874999 0.7245912890625 0.965579828125 0.7334904078125 0.9676343515625 0.898142559375 0.9912148937499999 0.9469984640625 0.7865426796875 0.8326979624999999 0.7537399296875 0.7867887359375 0.758107884375
21 0.737956334375 0.7126239 0.7764837015625 0.7471762453124999 0.7767070125 0.7595220671875 0.7784650859375 0.7599279515624999 0.825670853125 0.7563938593749999 0.8390234046874999 0.7402333375000001 0.9474671125 0.7845127421875 0.9512162953125 0.7682732421875 0.7407682234374999 0.7004442734375 0.737956334375 0.7126239