14 0.7505910734375 0.3390731328125 0.75163416875 0.312979165625 0.76075765625 0.2944202890625 0.759212625 0.2501764234375 0.74352794375 0.220757975 0.7160190828124999 0.21650709687499997 0.6945261109375 0.24461806406250003 0.6945736265625 0.3019429953125 0.701883578125 0.343379790625 0.635201759375 0.39261194375 0.626422828125 0.5833339843750001 0.6265072953125 0.5857528296875001 0.7818086453124999 0.589438253125 0.785599946875 0.614060521875 0.7802460765625 0.6846028421875 0.786556303125 0.6974112546875 0.77893033125 0.702889065625 0.7814275703125 0.718436384375 0.7937970546875001 0.70888429375 0.8039302859375 0.7239043828125 0.80624008125 0.7238237234375 0.8147922375000001 0.722482775 0.8336859484374999 0.56397443125 0.8310573 0.4886998 0.827672903125 0.419765503125 0.8197959625 0.39007440312499997 0.76591221875 0.35808126093750003 0.7505910734375 0.3390731328125
19 0.5732141046875 0.5762673656249999 0.580108859375 0.43792163281249996 0.5906172921875 0.431040284375 0.6277949453125 0.43234776718749995 0.62845281875 0.4232046546875 0.59937724375 0.40207108593749996 0.5478998546875 0.38302268437500003 0.48952356718749995 0.3902727375 0.44451648906249996 0.41659908124999995 0.4614260328125 0.42512872812499997 0.54860524375 0.4312045015625 0.5490596640625001 0.44421740156249995 0.534625675 0.47859625 0.52300909375 0.5936550875 0.5087785593749999 0.605877921875 0.3663998578125 0.5860952328125 0.3946316453125 0.4991194734375 0.39960029375 0.44552800625 0.2303272359375 0.4670736765625 0.224086209375 0.4842290203125 0.22495168125 0.5649771703125 0.23439173750000003 0.723468225 0.23467471406249998 0.7234583437500001 0.3582544109375 0.6606436671875 0.554629425 0.6876609031250001 0.55805304375 0.589825571875 0.5732141046875 0.5762673656249999
15 0.5128154359375 0.6043037874999999 0.515794578125 0.604199753125 0.5229272984375 0.591312765625 0.5346347640625 0.478856509375 0.5481666281249999 0.44662633906250004 0.5476333890625 0.43135636406250005 0.41422513906249997 0.416614578125 0.3686244953125 0.5882398125 0.368647928125 0.588910853125 0.5128154359375 0.6043037874999999
15 0.6289252249999999 0.554257584375 0.6308730140625001 0.44214214218750003 0.6277179015625001 0.4357379375 0.5904493640624999 0.431827875 0.5801226984375 0.4439143828125 0.5732279453125 0.5822601171875 0.6182133390625 0.5832949453125 0.6239782609375 0.5804878765625 0.6289252249999999 0.554257584375
19 1 0.65413595 0.9471714406249999 0.6405993828125001 0.8374086484375001 0.631403615625 0.846688071875 0.53336379375 0.843827296875 0.5074061546874999 0.8349072625 0.5038090171875 0.8331629250000001 0.5937684453125 0.81623584375 0.7246472515625 0.9056396421875 0.7384626046875 0.920688134375 0.74966299375 0.9209215640625 0.9242403593749999 0.9719810921875001 0.93691925625 0.9769585281250001 0.936745440625 0.9817042078125 0.9299350453124999 0.9826564171875001 0.9012385 1 0.9016374656249999 1 0.65413595
15 1 0.536043884375 0.9977550734375 0.47175759843750004 0.8611547953124999 0.463545546875 0.8429295046874999 0.47330212656250004 0.8506938765625 0.5277518234375 0.8468375218749999 0.5852130796874999 0.8622712343750001 0.579462615625 0.8471101734375001 0.5930208203125 0.8435481546875 0.6309286421875 1 0.6493871453125 1 0.536043884375
16 0.34776495 0.444211234375 0.3406367671875 0.4079795984375 0.3561613640625 0.40483171406249996 0.33646024375 0.40030818437500004 0.3251555390625 0.356405134375 0.32962639843749997 0.34452311562500004 0.3539801453125 0.34236978749999997 0.32842322031250004 0.338050746875 0.339338559375 0.286857371875 0.3580182703125 0.29011369375 0.36244990625 0.4450013015625 0.3692362375 0.443461440625 0.36805474375 0.409627896875 0.387392328125 0.4037411046875 0.3696431421875 0.3991494125 0.36777794531249997 0.289772878125 0.3951050390625 0.2888185953125 0.3948799015625 0.3383357828125 0.3755423171875 0.344222575 0.3952434375 0.348746103125 0.3968793515625 0.39559254843749997 0.39129619843749996 0.40360477812499995 0.3963815625 0.43730199531249997 0.40232825156249996 0.43970008906249997 0.40041139374999996 0.1609513453125 0.308237703125 0.123780934375 0.2750548046875 0.12493970624999999 0.2625035515625 0.1292866375 0.2614604578125 0.155380603125 0.26555438750000004 0.38454399375000003 0.2732712453125 0.3816687609375 0.272838509375 0.341294684375 0.30527265 0.3466764453125 0.3069994484375 0.3961254703125 0.29955524375000003 0.40680844374999997 0.29528250312500004 0.45086460625 0.312784309375 0.4502534296875 0.3089513828125 0.39605730625 0.320866446875 0.37349231562499996 0.34302143906250004 0.44828551250000004 0.34776495 0.444211234375
7 0.628138959375 0.4126623109375 0.6284360859375 0.41265193437500003 0.6418855359375 0.37974063281250003 0.6714589 0.359164753125 0.6696006234375 0.25278459375 0.6674524328125 0.191268484375 0.58858631875 0.19659334687500002 0.584115459375 0.20847536562500002 0.5846215406249999 0.390860475 0.628138959375 0.4126623109375
4 0.5849456921875 0.134312671875 0.5830412734375 0.1917057640625 0.5881483203125 0.19804180625 0.669108190625 0.1939117484375 0.67015543125 0.2798650609375 0.6753533625 0.28880368437500004 0.6917176015625001 0.2817178484375 0.692306275 0.24261098125 0.7099862609375001 0.2172389171875 0.7312757796875 0.2112839640625 0.7453028625 0.22121714374999998 0.761260196875 0.258443334375 0.7584035671875 0.344532971875 0.767008296875 0.353092053125 0.7685823578125001 0.35303708437500003 0.773945703125 0.20197663437500002 0.988658575 0.194478696875 0.98677169375 0.11246333593749999 0.5849456921875 0.134312671875
6 0.8626117140625 0.3961359296875 0.8805426671875001 0.40593278125000004 0.9829459421875001 0.40808944062499997 0.995516403125 0.4076504703125 0.9950430875 0.394096465625 0.8372039203125 0.3912905296875 0.822592290625 0.3918007796875 0.8257067140625001 0.4026361875 0.8475415375 0.412296715625 0.8553492781250001 0.41202406406250003 0.8626117140625 0.3961359296875
18 0.880568896875 0.3787017375 0.8808415484375001 0.386509478125 0.89003738125 0.391008996875 0.8913549421875 0.39096298749999997 0.8978370171875 0.386306846875 0.8977961203125 0.3851356859375 0.8922805078125 0.378292759375 0.8901684890625001 0.34579458750000003 0.888103984375 0.37062134375 0.880568896875 0.3787017375
21 0.2080922375 1 0.20295991562500001 0.853029521875 0.2071581234375 0.8333397625 0.35872951249999996 0.8645273296875 0.3638365609375 0.8708633718750001 0.3625683296875 0.9464745265625 0.35716694375 0.9596919171874999 0.3623648765625 0.968630540625 0.380771934375 0.964079121875 0.3691036921875 0.90976575 0.376729665625 0.9042879375 0.37182606875 0.8757958796875001 0.39218506249999996 0.871176296875 0.8215240703125 0.96562511875 0.8432680109374999 0.972683065625 0.849325828125 0.984979140625 0.8601005031250001 0.9846028812500001 0.8758839203125 0.9832699859374999 0.8798094750000001 0.955772484375 0.9179176531250001 0.9557445937500001 0.9205135578125001 0.7670494671875 0.9200736781250001 0.754452978125 0.9055398765625 0.7412021296875 0.7759850796875 0.72488025 0.7668182234375001 0.798161478125 0.55573656875 0.7977153484375 0.539324815625 0.7474762562499999 0.5385977421875 0.7266556140625 0.553940571875 0.71830256875 0.5520103203125 0.6910095562499999 0.3889999734375 0.668038709375 0.3842564609375 0.6721129875 0.38936350937499997 0.67844903125 0.43117210625 0.7004408296875 0.45831743124999996 0.694281384375 0.48126454843750005 0.7078117015625 0.47763332968750005 0.71575576875 0.4878474265625 0.728427853125 0.48728043750000005 0.740173546875 0.421732596875 0.7659143140625 0.3798331171875 0.7413199359375 0.362538353125 0.7497411453125 0.31013043906250004 0.7320281140625 0.32195461875000003 0.7068605406249999 0.3841655765625 0.6695104062499999 0.356121946875 0.664496478125 0.3525992796875 0.6646194921874999 0.16938765 0.75909186875 0.13032726249999999 0.7878163046875 0.133573259375 0.7968230921874999 0.18384747031249998 0.809399125 0.18956810156249998 1 0.2080922375 1
2 0.427751675 0.7004299859375 0.3778626859375 0.6709031000000001 0.3121113921875 0.7187998796875 0.3156300421875 0.7356144078125 0.3570751015625 0.7471958843750001 0.3843113109375 0.7436390203125 0.4260292234375 0.765243121875 0.43310756093749997 0.764995940625 0.48651351875 0.7405976 0.48607477968749996 0.72803375 0.47421290000000005 0.715744925 0.481657103125 0.7050619515625 0.45684893437499996 0.694202378125 0.427751675 0.7004299859375
9 0.55666894375 0.7236793765625 0.5392832953125 0.7294980046874999 0.5582831734375 0.7978869953125 0.7402565625 0.7949198234375 0.7682985312499999 0.7939405765624999 0.7850412171875 0.6036570171875 0.7816134515625001 0.5894450703125 0.5598415953125 0.5906751296875 0.55666894375 0.7236793765625