14 0.565625 0.8229166671874999 0.5765625 0.7916666671875 0.5390625 0.7625 0.540625 0.70625 0.5203125 0.7041666671875 0.509375 0.7104166671875001 0.4984375 0.8104166671874999 0.565625 0.8229166671874999
14 0.4859375 0.28958333281250004 0.48125 0.48125 0.4875 0.49375 0.490625 0.5354166671875 0.4875 0.6541666671875 0.50625 0.6729166671875 0.5515625 0.65 0.559375 0.5 0.575 0.4770833328125 0.5703125 0.3291666671875 0.55 0.2479166671875 0.565625 0.22291666718749997 0.565625 0.16458333281249998 0.553125 0.1395833328125 0.525 0.1354166671875 0.5078125 0.15625 0.5125 0.21458333281250003 0.4859375 0.28958333281250004
21 0.5796875 0.6354166671875 0.596875 0.6395833328125 0.60625 0.6291666671875 0.625 0.575 0.6140625 0.5375 0.628125 0.5166666671875 0.578125 0.5125 0.565625 0.5416666671875 0.5609375 0.5958333328125 0.5796875 0.6354166671875
19 0.56875 0.49583333281249997 0.559375 0.49791666718750005 0.5609375 0.5416666671875 0.5734375 0.5395833328124999 0.575 0.5125 0.63125 0.5125 0.6265625 0.475 0.63125 0.46458333281249997 0.6625 0.46875 0.6546875 0.43125 0.6671875 0.425 0.575 0.4166666671875 0.5703125 0.42083333281249996 0.5734375 0.48125 0.56875 0.49583333281249997
19 0.4046875 0.56875 0.4109375 0.5770833328125 0.4703125 0.5770833328125 0.4703125 0.4916666671875 0.4796875 0.4770833328125 0.484375 0.4145833328125 0.4328125 0.41041666718750003 0.4203125 0.4 0.4171875 0.4375 0.40625 0.4625 0.4046875 0.56875
19 0.6390625 0.4604166671875 0.6265625 0.47083333281249995 0.6359375 0.5229166671875001 0.7109375 0.525 0.71875 0.49583333281249997 0.734375 0.475 0.7671875 0.46875 0.8 0.48541666718750004 0.8140625 0.50625 0.81875 0.53125 0.85625 0.5291666671875 0.8546875 0.5041666671875 0.8421875 0.4791666671875 0.8203125 0.47291666718750003 0.8234375 0.36666666718749996 0.7046875 0.3604166671875 0.6859375 0.5145833328125 0.6625 0.47291666718750003 0.6390625 0.4604166671875
21 0.65625 0.5895833328125 0.6875 0.59375 0.709375 0.63125 0.70625 0.7041666671875 0.678125 0.825 0.6859375 0.8333333328125001 0.696875 0.8083333328125001 0.703125 0.7666666671875 0.7125 0.7645833328125 0.7328125 0.9145833328125 0.746875 0.9354166671874999 0.7484375 0.9104166671874999 0.7390625 0.8979166671875 0.7265625 0.6979166671875 0.73125 0.6770833328125 0.74375 0.66875 0.74375 0.64375 0.7515625 0.6208333328125 0.7671875 0.6041666671875 0.80625 0.6020833328124999 0.8171875 0.6083333328125 0.8203125 0.6291666671875 0.846875 0.6333333328124999 0.8734375 0.5708333328124999 0.871875 0.55625 0.8921875 0.54375 0.74375 0.5416666671875 0.7046875 0.5270833328125 0.628125 0.525 0.6109375 0.5333333328125 0.61875 0.5583333328125 0.65625 0.5895833328125
5 0.746875 0.6416666671875 0.7734375 0.6604166671875 0.815625 0.6666666671875 0.853125 0.6458333328125 0.8484375 0.6354166671875 0.8 0.6291666671875 0.7921875 0.6229166671875 0.7875 0.6020833328124999 0.76875 0.5979166671875 0.765625 0.60625 0.7515625 0.6104166671875 0.746875 0.6416666671875
5 0.71875 0.5229166671875001 0.746875 0.53125 0.81875 0.5291666671875 0.8140625 0.5020833328125 0.8 0.48333333281249996 0.7796875 0.47083333281249995 0.746875 0.46875 0.71875 0.49583333281249997 0.7140625 0.5166666671875 0.71875 0.5229166671875001
5 0.4828125 0.65625 0.490625 0.6729166671875 0.5046875 0.6895833328125 0.5265625 0.6979166671875 0.6359375 0.6958333328124999 0.6375 0.6875 0.621875 0.6645833328124999 0.6 0.6520833328125 0.559375 0.65 0.50625 0.6666666671875 0.490625 0.65 0.496875 0.5541666671875001 0.4875 0.48333333281249996 0.4765625 0.4791666671875 0.471875 0.48541666718750004 0.471875 0.5666666671875 0.4828125 0.65625
5 0.8578125 0.6395833328125 0.878125 0.6958333328124999 0.8078125 0.6916666671875 0.8015625 0.6979166671875 0.803125 0.7104166671875001 0.83125 0.73125 0.8734375 0.7479166671875 0.93125 0.7479166671875 0.928125 0.7229166671875 0.940625 0.73125 0.9390625 0.7458333328125 0.9453125 0.7458333328125 0.9609375 0.5333333328125 0.928125 0.53125 0.8796875 0.5604166671875 0.8609375 0.5916666671875 0.8578125 0.6395833328125