14 0.1267433109375 0.7988533765625 0.14048761875 0.7527114921875 0.113730675 0.7347765109375 0.1042992484375 0.7095976359375 0.0719805828125 0.7775969500000001 0.07073174374999999 0.792210484375 0.1267433109375 0.7988533765625
14 0.12376399062500001 0.5030055890625 0.115810075 0.48660322031250003 0.119102790625 0.45328603437500004 0.13375824218750001 0.4434008078125 0.1423910890625 0.41536629375 0.1764757609375 0.42835866093749997 0.20152652343750002 0.41412709843749995 0.2220813921875 0.26743738281249996 0.21860920625000002 0.1542791546875 0.22411818593750002 0.13412672812499998 0.24871514687500001 0.1304185875 0.259050634375 0.077247115625 0.2482542640625 0.026335004687500004 0.2349039328125 0.01312833125 0.2149646296875 0.0092525234375 0.18718751875 0.029321117187500002 0.1816820796875 0.106777046875 0.1525435640625 0.15841590781249998 0.14118436875 0.192287453125 0.11920827187500001 0.3217223 0.0998987015625 0.3964949765625 0.10558007031250001 0.40821095625000003 0.09246549375 0.533001328125 0.042093178125000005 0.7757667890625 0.05109058125 0.7868008843750001 0.0612519546875 0.7887760562499999 0.066577575 0.7890153796875 0.12593105625 0.6392557156249999 0.11439592968750001 0.5839553546875 0.12376399062500001 0.5030055890625
5 0.213933728125 0.677850259375 0.2980636421875 0.6708578671875001 0.2668178859375 0.6350717359375 0.23699335625 0.6165404765625 0.1932521296875 0.612282696875 0.15172716718749998 0.6211896734375 0.1557023546875 0.60073910625 0.17592306875 0.5622230874999999 0.1858610375 0.5110966703125001 0.1728484015625 0.44701980468749997 0.14580650312500001 0.41417314687499995 0.1128124484375 0.583912846875 0.11383615625000001 0.603212775 0.13048274375 0.640405765625 0.16331857656249998 0.6680116703125 0.213933728125 0.677850259375
19 0.2014971015625 0.5125442687499999 0.2139961125 0.538319421875 0.239688909375 0.5719650015625 0.2852885578125 0.5808286765624999 0.29352465 0.5304326109375 0.236376809375 0.521446521875 0.20348469531250002 0.502318984375 0.2014971015625 0.5125442687499999
19 0.32266316562499997 0.4787937515625 0.3440764375 0.43414256093750003 0.3621969921875 0.42280855468749995 0.381397540625 0.42229610937500006 0.397639525 0.3469271546875 0.4085449203125 0.32357903125 0.2939642859375 0.2906951796875 0.285841521875 0.29972790625 0.2391559 0.449827625 0.22688555937500002 0.4474425125 0.22319178437499998 0.42550125000000005 0.20222877343749998 0.402325515625 0.1986511046875 0.4207310265625 0.1786555203125 0.42533358281250006 0.1762141265625 0.4460822875 0.1974058078125 0.4926480625 0.2184251015625 0.5073454328125 0.2741957109375 0.52136963125 0.2907536859375 0.524588175 0.2480772421875 0.4940082875 0.2477922890625 0.4790966109375 0.2666516 0.472150859375 0.32266316562499997 0.4787937515625
15 0.22254185781250002 0.422191428125 0.2443733328125 0.4229862578125 0.2491435578125 0.398445578125 0.2581176421875 0.376844371875 0.266979159375 0.372199896875 0.270159309375 0.35583944375 0.21227271406249998 0.342465103125 0.20420977499999998 0.40032296718750005 0.2169499046875 0.42110446250000005 0.22254185781250002 0.422191428125
19 0.2283397515625 0.42358371406249995 0.22741889531249998 0.4517908359375 0.23711465625 0.4536755 0.2451551859375 0.4353416109375 0.250037975 0.39384419843749996 0.257819503125 0.3783781625 0.2616258421875 0.38336269375 0.265885984375 0.3778238015625 0.27105372656250004 0.351238065625 0.21430340625 0.3402069203125 0.20317288125 0.39746850624999996 0.2160694109375 0.42119860156250005 0.2283397515625 0.42358371406249995
19 0 0.487172321875 0.0031629687500000004 0.48778714062499995 0.04617995 0.492700015625 0.06026549531249999 0.45299143906249995 0.0620244171875 0.419376115625 0.102300540625 0.4250826734375 0.105878209375 0.40667716406250004 0.09747049218750001 0.40079821718749997 0.11910889218750001 0.3222335640625 0.047815684375 0.304130915625 0.046791975 0.2848309890625 0.031397767187499995 0.29032796250000004 0 0.451855478125 0 0.487172321875
15 0.0477000671875 0.38661388125 0.0524702921875 0.362073203125 0.05320550625 0.309157953125 0.04990925 0.28517163437500004 0.0422402875 0.2836809390625 0.054222132812500004 0.21385087500000002 0.0469506890625 0.21031512187499998 0.0123665578125 0.3882350484375 0.038043510937500004 0.3953484703125 0.0477000671875 0.38661388125
21 0.0422047625 0.51315058125 0.0529413109375 0.5152375546875 0.064585459375 0.496277684375 0.0829909703125 0.49985535312499996 0.0765181046875 0.549532990625 0.0855647515625 0.5531485140625 0.0868913609375 0.5534063812500001 0.10383433281250001 0.4253808125 0.06088814375 0.41703291875000004 0.061458051562500005 0.44685626875000006 0.0422047625 0.51315058125
21 0.6089631203125 0.75012625 0.6026591031249999 0.774368790625 0.6064956109375 0.7849302921875 0.6127074671875 0.7861377546874999 0.6225421234375 0.7867229640625 0.6847978828125 0.7202981796875 0.6534395609375 0.7014687796875 0.6089631203125 0.75012625
21 0.688392278125 0.7427507062500001 0.6933348921875 0.7500784312500001 0.69072465 0.796262234375 0.700384746875 0.8448311484375 0.715410609375 0.85385356875 0.7161327703125 0.8539939421874999 0.7270818671875 0.81394099375 0.71117049375 0.7238327515625 0.6992976734374999 0.7194025828124999 0.688392278125 0.7427507062500001
5 0.7252955953125 0.6347877734375 0.7250141828125 0.6771796015625 0.644803171875 0.67219979375 0.6710429515625 0.5945295578125 0.67172188125 0.5500926734375 0.657632796875 0.5324977468750001 0.6273544656250001 0.524489909375 0.602757503125 0.5281980484375 0.5955423421875 0.5161839328125 0.5547596765625 0.5867826640625 0.48108135625 0.5809503546875 0.4859114046875 0.6052348125 0.5502181234375 0.634713384375 0.553060578125 0.6692231234375 0.4647830875 0.6647976765625 0.45552405 0.6714872078125 0.48756484375 0.7031832234375 0.5395084390625 0.722565215625 0.552609578125 0.7251118187500001 0.60146300625 0.7232004578125 0.630886475 0.686473271875 0.6989995343750001 0.720936375 0.7462058640625 0.7237453765625 0.7523973171875 0.716459565625 0.791470259375 0.5563907875 0.795047928125 0.5379852781250001 0.7877764843749999 0.5344495265625 0.7769836546875 0.5408409187500001 0.7355185171875 0.59857303125 0.7252955953125 0.6347877734375
21 0.721769190625 0.6784058749999999 0.731212228125 0.6616710578125 0.728767290625 0.6251162625 0.6978663125 0.6530669437500001 0.6909325625 0.5986609984375 0.7312086859375 0.6043675562499999 0.754440703125 0.5749261796875 0.7402953343750001 0.56580961875 0.7164934093750001 0.565427646875 0.7026104140625 0.5505256890625 0.6997345562499999 0.549966678125 0.6747397765625001 0.550944584375 0.6634966875 0.6251629015625 0.6692772734375 0.6682024796875 0.721769190625 0.6784058749999999
21 0.26836230156249996 0.8072803828125 0.27949636718750004 0.8073223 0.326016684375 0.73996118125 0.3368095140625 0.7335697890625 0.3465329765625 0.8882673437499999 0.364428403125 0.9108468000000001 0.3766987421875 0.9132319125 0.368618096875 0.6845722624999999 0.43024766718749996 0.5968024953125 0.4670586859375 0.60395783125 0.47478393125 0.5969701625 0.44410808125 0.5910073812500001 0.44569815625000003 0.5828271546875 0.46415994843749997 0.5779264578125 0.561242675 0.5861857968749999 0.570614278125 0.562539534375 0.5066487953125 0.5394942703125001 0.4726766890625 0.5095451703125 0.42586787812500004 0.5046911125 0.38030790468750003 0.48522351874999997 0.2652171859375 0.47134145624999996 0.24789166875 0.4785853484375 0.24550655625 0.4908556875 0.32464111562500003 0.5423174375 0.333453434375 0.6607583328125 0.2527394234375 0.7893873171875 0.26836230156249996 0.8072803828125
9 0.5132940484375 0.5216850390625 0.5009674265624999 0.5277782921874999 0.49937735156249996 0.53595851875 0.5718013859375 0.5601173765625 0.5760960015625 0.5609521640625 0.5987889078124999 0.5404258828125 0.6407113890625 0.5294738484375 0.6734838562500001 0.45095111406250005 0.6381213109375 0.44248558750000005 0.6257870734375001 0.44008805312500004 0.6132121484375 0.4498471140625 0.5785083703125 0.530116765625 0.5486275578125 0.5200638718749999 0.5132940484375 0.5216850390625
2 0.4274016703125 0.5049892515625001 0.3941120375 0.4879067703125 0.38127533125 0.5130018125 0.48869708593750005 0.5253931796875 0.4772780671875 0.5104395875 0.4274016703125 0.5049892515625001
5 0.4812532546875 0.48998902187500004 0.48233324531250005 0.500810584375 0.557147840625 0.5089860890625 0.55691916875 0.48559604843750004 0.5482264984375 0.4648054265625 0.5149368640625 0.44772294375 0.4929536859375 0.46255078593750004 0.4812532546875 0.48998902187500004
5 0.3384812625 0.4383607859375 0.32497334218749996 0.4755287328125 0.34789953749999997 0.479985134375 0.417218303125 0.4918675921875 0.421193490625 0.47141702656250006 0.411023309375 0.44184989999999996 0.39040153437499997 0.425107475 0.3658608546875 0.42033725000000005 0.3384812625 0.4383607859375