8 0 0.46458333281249997 0.0109375 0.46666666718750005 0.009375 0.5458333328125 0.05 0.55 0.05625 0.5458333328125 0.053125 0.46875 0.0828125 0.4604166671875 0.08125 0.3895833328125 0 0.38333333281250004 0 0.46458333281249997
12 0.103125 0.7895833328124999 0.1140625 0.79375 0.1125 0.75625 0.1171875 0.7541666671875 0.121875 0.6895833328125 0.121875 0.5333333328125 0.0578125 0.5333333328125 0.0484375 0.5479166671875 0.0140625 0.5479166671875 0.0078125 0.5333333328125 0.0015625 0.5333333328125 0 0.7375 0.090625 0.7354166671875 0.103125 0.7895833328124999
8 0.8046875 0.5416666671875 0.8375 0.55 0.840625 0.48333333281249996 0.8671875 0.48125 0.8671875 0.42291666718750004 0.79375 0.41875 0.7890625 0.4770833328125 0.809375 0.48125 0.8046875 0.5416666671875
1 0.890625 1 0.95625 0.9916666671875 1 0.9770833328125 0.9984375 0.6666666671875 0.9609375 0.6520833328125 0.9203125 0.6479166671875001 0.8875 0.6166666671875001 0.8515625 0.6041666671875 0.7984375 0.6 0.7578125 0.5770833328125 0.5828125 0.575 0.5390625 0.5583333328125 0.50625 0.55625 0.4875 0.5729166671875 0.4 0.5770833328125 0.3046875 0.5791666671875 0.2671875 0.5666666671875 0.2390625 0.5666666671875 0.1890625 0.6145833328125 0.1484375 0.69375 0.1359375 0.7375 0.16875 0.74375 0.178125 0.75625 0.171875 0.8708333328125001 0.178125 0.95625 0.190625 1 0.890625 1
12 0.7671875 0.5875 0.7984375 0.6020833328124999 0.8484375 0.60625 0.8796875 0.61875 0.896875 0.6354166671875 0.9109375 0.63125 0.9171875 0.5833333328125 0.9140625 0.5541666671875001 0.740625 0.5375 0.7359375 0.54375 0.7390625 0.5604166671875 0.7671875 0.5875
2 0.878125 0.5395833328124999 0.8421875 0.5354166671875 0.8421875 0.54375 0.8546875 0.5479166671875 0.890625 0.55 0.878125 0.5395833328124999
15 0.278125 0.5479166671875 0.2796875 0.56875 0.29375 0.5708333328124999 0.2984375 0.58125 0.3203125 0.58125 0.4828125 0.575 0.496875 0.56875 0.4921875 0.53125 0.5203125 0.4270833328125 0.4265625 0.43541666718750005 0.275 0.40625 0.278125 0.50625 0.284375 0.5375 0.278125 0.5479166671875
15 0.2015625 0.5979166671875 0.2359375 0.5708333328124999 0.28125 0.5625 0.290625 0.55 0.290625 0.47291666718750003 0.284375 0.46458333281249997 0.2765625 0.40625 0.3328125 0.4145833328125 0.359375 0.4291666671875 0.4515625 0.43958333281249995 0.4515625 0.3895833328125 0.30625 0.3895833328125 0.2203125 0.36666666718749996 0.2078125 0.3541666671875 0.2078125 0.5583333328125 0.2 0.58125 0.2015625 0.5979166671875
15 0.540625 0.5541666671875001 0.5796875 0.5770833328125 0.740625 0.5770833328125 0.7328125 0.5229166671875001 0.7484375 0.42083333281249996 0.675 0.43541666718750005 0.61875 0.43333333281249997 0.540625 0.41875 0.521875 0.40625 0.5203125 0.4270833328125 0.5375 0.49375 0.540625 0.5541666671875001
15 0.4796875 0.38333333281250004 0.4890625 0.4291666671875 0.5234375 0.42291666718750004 0.5203125 0.40208333281249997 0.4796875 0.38333333281250004
15 0.578125 0.41875 0.6078125 0.4166666671875 0.6421875 0.43541666718750005 0.6953125 0.43958333281249995 0.7078125 0.4291666671875 0.7125 0.41041666718750003 0.70625 0.3958333328125 0.6765625 0.40833333281249995 0.5421875 0.40625 0.578125 0.41875
15 0.615625 0.43125 0.671875 0.43333333281249997 0.684375 0.4270833328125 0.678125 0.42083333281249996 0.6796875 0.40833333281249995 0.609375 0.4125 0.546875 0.40208333281249997 0.55 0.41875 0.578125 0.425 0.5890625 0.4166666671875 0.615625 0.43125
15 0.5375 0.5520833328125 0.5421875 0.54375 0.5390625 0.4916666671875 0.5296875 0.45208333281249996 0.515625 0.45208333281249996 0.4984375 0.53125 0.5078125 0.5458333328125 0.5375 0.5520833328125