19 0.8906428140625 1 0.9973069578124999 0.5721934796875 0.9492921015625001 0.551633584375 0.8831290265625 0.5974035171875001 0.7638580765625 0.5590774828125 0.75022551875 0.575002509375 0.7088727421875001 0.7021072546875 0.681083246875 0.7037670031250001 0.6517898890625 0.7243758015624999 0.6280813281250001 0.78717216875 0.6038198593749999 0.7746817703125 0.5886223109375 0.712920578125 0.5946581328125 0.66933613125 0.61835446875 0.5872127109374999 0.5026237734375 0.5540635828125 0.48645896874999994 0.5607688046875 0.42081212343749996 0.623844340625 0.386015475 0.7311125953125 0.3683794125 0.8083056765625001 0.370411728125 0.8259892843750001 0.398217525 0.8500989421874999 0.38058961406249997 0.940176725 0.4174878578125 0.96011205 0.4141093921875 0.992281546875 0.4450664171875 1 0.8906428140625 1
14 0.5280114296875 0.7493392703125 0.5896588453125 0.7539741375 0.6108962906250001 0.7785932328125 0.632121509375 0.783885275 0.6588622453124999 0.7218449125 0.6871475953124999 0.7052790156250001 0.7098848265625 0.7045067078125 0.7446692484375 0.5779114 0.747128140625 0.4711688828125 0.7521681796874999 0.4509543890625 0.7769051250000001 0.41632687968750004 0.7854772671875 0.388404590625 0.7738322 0.3511473609375 0.7500747343749999 0.3366355125 0.7293575953125 0.3357643734375 0.7101646921875 0.34815593906250003 0.6844278890625 0.39971104999999996 0.6748314375 0.40590683437499997 0.6693077703125 0.46035453281249994 0.6864928078125 0.46893346718749995 0.6844849421875 0.4899039671875 0.6345111218749999 0.5676227875000001 0.58960994375 0.6766659234375 0.4728753140625 0.654002046875 0.4602466890625 0.6594418234375 0.43247756875 0.693313328125 0.38057331250000004 0.9144073203125 0.3795775296875 0.9377772734375001 0.3866580375 0.9481310890625 0.40801180312499996 0.9569442374999999 0.41350761875000003 0.9583144984375 0.4174837828125 0.9536696984375 0.48559766875 0.7967363484375001 0.5103305406249999 0.7556664875 0.5280114296875 0.7493392703125
11 0.10935718593749999 0 0.0486204015625 0.24360194062499999 0.06176118125 0.24902541718750001 0.07388580312500001 0.2456070890625 0.083470028125 0.22008425312500002 0.14154178281250002 0 0.10935718593749999 0
16 0 0.5321189937499999 0.0822674015625 0.5155490453125 0.128647990625 0.3489027515625 0.1336839546875 0.32224590625 0.12963562343749999 0.31264809531250004 0.03816231875 0.2855470171875 0 0.43860771718749997 0 0.5321189937499999
5 0.25495682343750004 0.43004703906249997 0.2842664828125 0.43520764375 0.2953871703125 0.4422745671875 0.284299084375 0.48674645468750005 0.28936765000000003 0.51162841875 0.277775559375 0.55812175625 0.280819959375 0.578204815625 0.298460096875 0.5074540859375001 0.2903675078125 0.4947008171875 0.303475684375 0.448585484375 0.3615869234375 0.4544857953125 0.37522355625000003 0.44500311875 0.3489297703125 0.4148291140625 0.35388423125 0.25932524218749997 0.2624109265625 0.23222416406250002 0.25433056249999997 0.23879795 0.25486716875000004 0.28831531093749996 0.247303034375 0.3121947015625 0.2468479328125 0.391524365625 0.2534325859375 0.41678433281249994 0.23376420625 0.47629380625 0.19590278125 0.5312672453125 0.1868225609375 0.5547686328125 0.189476221875 0.55623543125 0.19498926562500002 0.5576099875 0.21308781875 0.539846178125 0.2358005984375 0.5004197640625 0.24488489531250002 0.48336072812499997 0.25495682343750004 0.43004703906249997
21 0.3472428546875 0.34409061093750004 0.3578595390625 0.3531789828125 0.46752842812499995 0.3888425640625 0.4939967875 0.39544186875 0.4983516328125 0.3903547078125 0.500867578125 0.3738051078125 0.3507708828125 0.3299404640625 0.3472428546875 0.34409061093750004
5 0.40990184375 0.3503196375 0.4146606734375 0.351506146875 0.42957480937500003 0.2980578078125 0.395208809375 0.287342290625 0.37806045 0.3367445171875 0.40990184375 0.3503196375
5 0.4499039234375 0.3844482828125 0.37661958906250004 0.3554408859375 0.3574592890625 0.4193712625 0.41103449062499997 0.4434646203125 0.402499025 0.52936806875 0.4025153265625 0.555137475 0.4080756703125 0.5586709359375 0.41761099375 0.455839884375 0.42215110468750006 0.444089190625 0.4388239859375 0.44180487187499995 0.4499039234375 0.3844482828125
5 0.4621345 0.5485310875 0.44599822343750006 0.6003327671875 0.4601388609375 0.588828640625 0.49697190156250004 0.5056863453125 0.505060415625 0.5119972625 0.49346017499999995 0.5456058953125 0.5434910484375 0.5580799937500001 0.5455070640625 0.549994196875 0.518217496875 0.54319014375 0.520737515625 0.5330828953125 0.5424626640625 0.5299111359374999 0.5475230796874999 0.5419083984374999 0.5525671937500001 0.5281362546875 0.5571154546875 0.5292702640625 0.5546035859375 0.5522622140625 0.5485433125 0.5571925531249999 0.559155921875 0.559838575 0.5641918859375 0.5331817296875 0.5687401484375 0.5343157374999999 0.5768368125000001 0.55351135625 0.574824871875 0.56803950625 0.581901303125 0.5719509703125001 0.5843805718749999 0.497420209375 0.602561390625 0.4826291921875 0.61110908125 0.41605279531250006 0.6363296546874999 0.3471920796875 0.52817531875 0.3094906171875 0.519086946875 0.3201073015625 0.4737021390625 0.46338364218750006 0.46309768125 0.4736223234375 0.4641138390625 0.482464128125 0.4782667015625 0.49028705625 0.478274853125 0.503171759375 0.41872495625 0.61929811875 0.4257973125 0.61676723125 0.4621345 0.5485310875
9 0.4175457890625 0.3527622640625 0.4332188140625 0.36740554687500004 0.4746612453125 0.3820325296875 0.4832333875 0.35411024062499996 0.48421694375 0.3114132328125 0.4341819953125 0.29249678437500004 0.421057515625 0.31284271406249997 0.4175457890625 0.3527622640625
21 0.613570175 0.41264058124999997 0.606001965625 0.4300776203125 0.619650825 0.43992199843749996 0.6115704609375 0.44649578281249996 0.5863865640625 0.5733376609375 0.5955471046875 0.576963584375 0.6012324328124999 0.5783810953125 0.6348116953125 0.443702028125 0.6631092703125 0.44646318125000006 0.6701734765625 0.43104759374999996 0.613570175 0.41264058124999997