19 0.1703125 0.7208333328125 0.2140625 0.7208333328125 0.225 0.675 0.346875 0.6770833328125 0.35625 0.7104166671875001 0.35625 0.6208333328125 0.2234375 0.6229166671875 0.215625 0.61875 0.215625 0.5916666671875 0.2265625 0.5625 0.3296875 0.5645833328125 0.34375 0.5625 0.34375 0.5458333328125 0.4109375 0.54375 0.4140625 0.4916666671875 0.390625 0.46875 0.2609375 0.45208333281249996 0.1859375 0.4604166671875 0.1578125 0.48333333281249996 0.1703125 0.7208333328125
15 0.3546875 0.6208333328125 0.34375 0.5625 0.228125 0.5604166671875 0.2140625 0.59375 0.21875 0.6229166671875 0.3546875 0.6208333328125
21 0.353125 0.7333333328125 0.36875 0.7291666671875 0.3671875 0.64375 0.3796875 0.6458333328125 0.375 0.85 0.3703125 0.8604166671875 0.375 0.8729166671874999 0.3953125 0.8666666671875 0.3890625 0.8291666671875 0.39375 0.81875 0.4546875 0.7895833328124999 0.4546875 0.78125 0.4484375 0.78125 0.3921875 0.80625 0.3953125 0.7083333328125 0.428125 0.7166666671875 0.4578125 0.7395833328125 0.4578125 0.7291666671875 0.44375 0.7104166671875001 0.3984375 0.6979166671875 0.3984375 0.6625 0.51875 0.6625 0.5203125 0.6895833328125 0.528125 0.6916666671875 0.53125 0.6625 0.6015625 0.6625 0.603125 0.6895833328125 0.6109375 0.6916666671875 0.6171875 0.6854166671875 0.6171875 0.6458333328125 0.6453125 0.6416666671875 0.640625 0.6291666671875 0.54375 0.5479166671875 0.509375 0.5458333328125 0.509375 0.575 0.575 0.5958333328125 0.5765625 0.6083333328125 0.503125 0.6145833328125 0.440625 0.5895833328125 0.4359375 0.54375 0.346875 0.54375 0.3421875 0.5583333328125 0.35625 0.6229166671875 0.353125 0.7333333328125
19 1 0.625 0.9109375 0.61875 0.871875 0.59375 0.8203125 0.58125 0.81875 0.56875 0.8359375 0.5270833328125 0.796875 0.5708333328124999 0.7375 0.5458333328125 0.7515625 0.5125 0.7890625 0.4625 0.7890625 0.45 0.6390625 0.44375 0.628125 0.6229166671875 0.6421875 0.6354166671875 0.6328125 0.65 0.6328125 0.6645833328124999 0.646875 0.6791666671875001 0.646875 0.6875 0.4765625 0.6916666671875 0.459375 0.7041666671875 0.453125 0.8708333328125001 0.4625 0.9020833328125001 0.4640625 0.95 0.478125 1 1 1 1 0.625
9 0.5796875 0.60625 0.578125 0.5958333328125 0.5109375 0.575 0.496875 0.48541666718750004 0.4296875 0.47291666718750003 0.44375 0.59375 0.50625 0.6166666671875001 0.5796875 0.60625
15 0.790625 0.5729166671875 0.8078125 0.5708333328124999 0.834375 0.54375 0.88125 0.4625 0.8796875 0.43958333281249995 0.8125 0.4270833328125 0.7546875 0.50625 0.7375 0.5479166671875 0.790625 0.5729166671875
15 1 0.4583333328125 0.9578125 0.4583333328125 0.89375 0.44375 0.8484375 0.5104166671875 0.8171875 0.58125 0.8734375 0.5958333328125 0.91875 0.61875 0.9359375 0.5729166671875 0.95 0.5083333328124999 0.9609375 0.5 0.984375 0.5041666671875 1 0.4770833328125 1 0.4583333328125
15 1 0.5104166671875 0.9578125 0.5 0.946875 0.5083333328124999 0.9375 0.5604166671875 0.91875 0.6166666671875001 1 0.6208333328125 1 0.5104166671875
19 0.8796875 0.43958333281249995 0.8828125 0.45625 0.890625 0.4458333328125 0.9078125 0.4458333328125 0.975 0.4583333328125 0.971875 0.4479166671875 0.9296875 0.40833333281249995 0.8796875 0.40208333281249997 0.853125 0.4166666671875 0.840625 0.43541666718750005 0.8796875 0.43958333281249995
3 0 0 0.0015625 0.5729166671875 0.0390625 0.55 0.0453125 0.5354166671875 0.0375 0.46458333281249997 0.034375 0.175 0.0359375 0.10833333281249999 0.046875 0.0375 0.03125 0.0229166671875 0.021875 0 0 0
3 0 0 0.0015625 0.5729166671875 0.0390625 0.55 0.0453125 0.5375 0.0375 0.4770833328125 0.034375 0.2604166671875 0.0375 0.1020833328125 0.046875 0.0375 0.034375 0.0270833328125 0.0234375 0 0 0