14 0.9171875 0.275 0.9296875 0.2854166671875 0.9203125 0.2958333328125 0.9015625 0.3583333328125 0.890625 0.45416666718750004 0.9234375 0.475 0.921875 0.4895833328125 0.9 0.5270833328125 0.9625 0.5354166671875 0.978125 0.4791666671875 0.984375 0.325 0.96875 0.275 0.975 0.2125 0.9578125 0.19583333281249998 0.9421875 0.19583333281249998 0.928125 0.20625 0.915625 0.24583333281250003 0.9171875 0.275
19 0.8046875 1 0.953125 0.8583333328125 0.959375 0.825 0.9796875 0.7958333328125 0.9953125 0.5604166671875 0.990625 0.54375 0.9046875 0.53125 0.878125 0.55 0.8375 0.5645833328125 0.678125 0.6041666671875 0.65625 0.625 0.63125 0.6083333328125 0.5546875 0.59375 0.54375 0.5833333328125 0.5828125 0.48125 0.53125 0.4583333328125 0.51875 0.47291666718750003 0.484375 0.58125 0.4296875 0.5645833328125 0.36875 0.5583333328125 0.365625 0.54375 0.415625 0.4166666671875 0.48125 0.42291666718750004 0.465625 0.40208333281249997 0.425 0.375 0.3796875 0.3729166671875 0.3484375 0.3916666671875 0.3421875 0.40625 0.3890625 0.40833333281249995 0.3984375 0.41875 0.3828125 0.44166666718750003 0.353125 0.5145833328125 0.3296875 0.5479166671875 0.25625 0.5333333328125 0.246875 0.525 0.290625 0.4375 0.2890625 0.42291666718750004 0.1265625 0.425 0.1203125 0.43125 0.11875 0.4916666671875 0.15 0.50625 0.15625 0.5791666671875 0.1625 0.59375 0.3140625 0.64375 0.3078125 0.6583333328125 0.2796875 0.6708333328125 0.2796875 0.7395833328125 0.225 0.7583333328124999 0.203125 0.7854166671875 0.2 0.8895833328125 0.20625 1 0.8046875 1
15 0.246875 0.53125 0.334375 0.55 0.35625 0.5208333328125 0.4 0.4145833328125 0.315625 0.3958333328125 0.271875 0.46666666718750005 0.246875 0.5166666671875 0.246875 0.53125
15 0.4875 0.5833333328125 0.5375 0.4291666671875 0.4203125 0.4125 0.4109375 0.42291666718750004 0.3625 0.55625 0.4875 0.5833333328125
15 0.6515625 0.61875 0.665625 0.61875 0.6875 0.6 0.7 0.5520833328125 0.725 0.5 0.7296875 0.47083333281249995 0.596875 0.45 0.590625 0.45416666718750004 0.5421875 0.5895833328125 0.6515625 0.61875
15 0.628125 0.7125 0.6625 0.7104166671875001 0.6640625 0.625 0.6328125 0.6770833328125 0.625 0.7041666671875 0.628125 0.7125
15 0.740625 0.4770833328125 0.6765625 0.6041666671875 0.8203125 0.5666666671875 0.8359375 0.5041666671875 0.8359375 0.4791666671875 0.825 0.47291666718750003 0.7953125 0.4875 0.7640625 0.4875 0.740625 0.4770833328125
15 0.8234375 0.5541666671875001 0.8265625 0.5666666671875 0.8859375 0.5479166671875 0.9234375 0.4895833328125 0.925 0.47291666718750003 0.9171875 0.46458333281249997 0.8625 0.45 0.834375 0.47291666718750003 0.834375 0.5125 0.8234375 0.5541666671875001
21 0.0375 1 0.0375 0.9458333328125 0.0796875 0.88125 0.071875 0.8416666671874999 0.14375 0.8604166671875 0.203125 0.8604166671875 0.203125 0.8520833328125 0.09375 0.8375 0.0390625 0.8104166671874999 0.0359375 0.7583333328124999 0.0421875 0.7458333328125 0.0484375 0.7541666671875 0.04375 0.78125 0.0609375 0.7833333328125 0.065625 0.78125 0.0625 0.7354166671875 0.2671875 0.6875 0.265625 0.74375 0.275 0.7458333328125 0.2828125 0.7395833328125 0.284375 0.6645833328124999 0.3203125 0.6520833328125 0.30625 0.6375 0.1640625 0.5916666671875 0.1609375 0.6041666671875 0.165625 0.6125 0.2171875 0.6166666671875001 0.21875 0.6270833328125 0.1734375 0.65 0.146875 0.6520833328125 0.0328125 0.6354166671875 0.028125 0.60625 0 0.6083333328125 0 0.73125 0.015625 0.7395833328125 0.015625 1 0.0375 1
9 0.16875 0.65 0.21875 0.6270833328125 0.2203125 0.6166666671875001 0.1625 0.60625 0.1515625 0.5 0.015625 0.48333333281249996 0.0125 0.49791666718750005 0.0328125 0.6354166671875 0.16875 0.65
2 0 0.6145833328125 0.0296875 0.6083333328125 0.0203125 0.5625 0 0.5666666671875 0 0.6145833328125
19 0.26875 0.7354166671875 0.26875 0.6833333328125 0.2609375 0.6833333328125 0.196875 0.7 0.196875 0.70625 0.26875 0.7354166671875