19 0.6166492796874999 0.6563811984375 0.6658727390625 0.6473594859375 0.6770913140625 0.6373675890625 0.6766117781250001 0.5890474109375 0.6873508171875 0.5307353375 0.675468671875 0.3788273203125 0.6805008499999999 0.33604394531250004 0.6746991921875 0.3284440859375 0.658936309375 0.32855560625 0.5172627359375 0.34215510625 0.5060441609375 0.35214700468750004 0.506808084375 0.46985285781249997 0.4953888046875 0.5682328765625 0.4827205109375 0.56790948125 0.45951388125000003 0.537510040625 0.3967550734375 0.506357875 0.3830217984375 0.5209108062500001 0.38379405625 0.53763273125 0.461535153125 0.652935378125 0.5123003500000001 0.7110188265625 0.5614234578125 0.746191171875 0.592429446875 0.745778203125 0.5945247453125 0.7454837296875 0.595851440625 0.73293740625 0.58057365 0.7140464859375 0.581156315625 0.6845112921875 0.6166492796874999 0.6563811984375
19 0.4193901484375 0.43164726875000003 0.47818453749999995 0.4570451765625 0.4810811984375 0.5113370703125 0.47382704374999995 0.527083228125 0.47585665156249995 0.5415246375 0.4796558875 0.5470391343750001 0.4984032515625 0.5444043640625 0.5006161312499999 0.504384 0.5104825609375 0.473544059375 0.5069084375 0.4256587984375 0.4193901484375 0.43164726875000003
19 0.09334888125 0.5929158140624999 0.0707193609375 0.6003038 0.059985878125 0.59129325625 0.043453515625 0.5410215421875 0.024791193750000003 0.5205024796875 0.0009043249999999999 0.5301709812500001 0.026031875 0.72018981875 0.041044462500000004 0.73017683125 0.048200690625 0.7291710874999999 0.19778149218750002 0.696051984375 0.2847198921875 0.685937396875 0.2876276671875 0.6055840531250001 0.27786159062500004 0.5922299343749999 0.370119334375 0.5750563375 0.38849449062499997 0.5598510343750001 0.379698596875 0.5084920296875 0.353494953125 0.46799475625 0.356977059375 0.45909014687500005 0.3758345296875 0.4585437109375 0.373514978125 0.4420392421875 0.3667459140625 0.43878295625 0.22536228593750002 0.45444551562499996 0.2239097875 0.47779153281250003 0.24237418437499997 0.5530374078125 0.16278473437500002 0.5705343968750001 0.1467319078125 0.568582859375 0.1464475203125 0.49919718125 0.130397471875 0.463584334375 0.058230831250000004 0.4721488390625 0.0339899140625 0.475555678125 0.031950553124999996 0.48162776249999995 0.041426687499999997 0.49291882343750004 0.0663757578125 0.5020353046875 0.09334888125 0.5929158140624999
21 0.4239094109375 0.598527796875 0.3898717234375 0.5696505625 0.31869620625 0.5796536296875 0.2790464546875 0.5894336515624999 0.28880419687500003 0.7037717015625 0.30272984062499997 0.7018145796875 0.3116288640625 0.6753182140625 0.317818040625 0.6744483828125001 0.325166990625 0.681830784375 0.3347351421875 0.7499117140625 0.3522815953125 0.7574388046875 0.353313675 0.75729375625 0.37361819218750003 0.6560871453125 0.441119234375 0.6423928765625 0.44402145312499997 0.6293621515625001 0.4239094109375 0.598527796875
15 0.0106982671875 0.4988152765625 0.020366770312499997 0.522702146875 0.04086633125 0.5450668109375 0.0573986921875 0.5953385250000001 0.070090684375 0.601444059375 0.07415233906249999 0.60087323125 0.0966609265625 0.5940281921875 0.07036526562499999 0.49674104999999996 0.0091537515625 0.4653714265625 0.0106982671875 0.4988152765625
15 0.46789156875 0.529758234375 0.47978760625000005 0.5133597046875 0.47785835 0.454724234375 0.3687783 0.41956305625 0.38376336875 0.47005222968749993 0.39324227968750003 0.44768197968749995 0.40852007031250004 0.466572903125 0.423413121875 0.46027220468749996 0.42379786093750005 0.4854638234375 0.41373906250000003 0.5037079546875 0.41673607500000004 0.5138057890625001 0.44990393125 0.5364938484375 0.46789156875 0.529758234375
15 0.21789345 0.43498306875 0.18955706875 0.4578997546875 0.1277628890625 0.45606532343749995 0.147582209375 0.5184979296875001 0.14407140000000002 0.570534625 0.2476953890625 0.5559712234374999 0.24815353125 0.538024471875 0.233263259375 0.5106638593749999 0.2228252765625 0.4363937546875 0.21789345 0.43498306875
5 1 0.4715198765625 0.9460053703125 0.46256372187499994 0.9270503265625001 0.473642909375 0.9175714156250001 0.496013159375 0.9110895171875001 0.5284812421875 0.910699221875 0.5706122421875001 0.9161133609375 0.58668179375 1 0.5694984468750001 1 0.4715198765625
5 0.7510212562499999 0.5010119421875 0.710501671875 0.5046027890625 0.6918365718749999 0.5177450359375 0.6805204234375 0.538269684375 0.6723936578124999 0.581487975 0.67457459375 0.6411399765625 0.68529893125 0.6396327703125 0.824218046875 0.6064342125 0.813294971875 0.55116655 0.7827393921875 0.51338470625 0.7510212562499999 0.5010119421875
5 0.5349634062499999 1 0.5448014062500001 0.998617359375 0.527271528125 0.9298145453125001 0.48057110312500007 0.8332912984374999 0.4320306625 0.768583759375 0.3900641359375 0.72819800625 0.36086070000000003 0.71126420625 0.3557337265625 0.730919021875 0.365494246875 0.8115957609375 0.40058672343749996 1 0.5349634062499999 1
21 1 0.5685808734375 0.9957028093750001 0.5691848046875 0.6243495046875001 0.6550360265624999 0.5848921234375 0.677411859375 0.57821785625 0.697284134375 0.5811172953125 0.71791471875 0.6013269109375 0.738216325 0.641651346875 0.7556909765625 0.6461956546875001 0.765571353125 0.6724020765625001 0.7724073171875 0.7714233265625 0.8258126265625 0.827984625 0.958818553125 0.8960655546874999 0.949250403125 0.8645453453125 0.8821508265625001 0.8636755140625001 0.8759616515624999 0.8714119828125 0.8748743609374999 0.937652896875 0.8971219203125 0.9115384921875 0.9470758234375 1 0.93464336875 1 0.735617696875 0.964743040625 0.7418405124999999 0.9132000296875 0.73435775625 0.8924105265625 0.709930034375 0.8947328562499999 0.6927731921875 0.9105933125 0.682128921875 0.9017946421874999 0.6644312265625001 0.9610741218750001 0.670826690625 1 0.6895521421875 1 0.68836023125 0.9927922578124999 0.6831994578125 0.99598441875 0.6722317906249999 1 0.6703067625 1 0.5685808734375
2 1 0.6671368578125 0.9882479500000001 0.6733190812500001 0.9110784046875 0.6631264796874999 0.8832243375 0.70070203125 0.8804169156249999 0.736861315625 0.8904729359375001 0.7522784953125 0.9287649859375 0.7889730453125 0.965417725 0.7690951874999999 1 0.7687042828124999 1 0.6671368578125
11 0.9062830484375001 0.1799247109375 0.9036707749999999 0.19501849531249998 0.9104231687500001 0.4002426359375 0.9229938890625 0.41109878125000004 0.9861987593749999 0.4080013875 0.9918721640625 0.4072040421875 0.9583836375000001 0.1689207875 0.9179605875 0.17460187656249998 0.9062830484375001 0.1799247109375