5 0.2568359375 0.4244791671875 0.2509765625 0.4401041671875 0.2021484375 0.4479166671875 0.1884765625 0.4479166671875 0.1845703125 0.4348958328125 0.1572265625 0.4348958328125 0.154296875 0.4752604171875 0.17578125 0.7903645828125 0.15625 0.9934895828125001 0.1875 0.9934895828125001 0.19921875 0.8528645828125001 0.2099609375 0.8463541671874999 0.25390625 0.8580729171874999 0.2451171875 0.9921875 0.2607421875 0.9947916671874999 0.265625 0.98828125 0.271484375 0.9388020828125001 0.2841796875 0.9348958328125001 0.318359375 0.9466145828125001 0.2861328125 0.9973958328125001 0.3154296875 0.9947916671874999 0.3466796875 0.9505208328125001 0.35546875 0.9544270828125001 0.35546875 0.99609375 0.37109375 0.99609375 0.376953125 0.73046875 0.29296875 0.71484375 0.27734375 0.4283854171875 0.2568359375 0.4244791671875
4 0.19921875 0.60546875 0.201171875 0.65234375 0.20703125 0.6549479171875 0.26171875 0.6263020828125 0.2568359375 0.5807291671875 0.2119140625 0.59375 0.19921875 0.60546875
4 0.1865234375 0.4348958328125 0.1904296875 0.4453125 0.2158203125 0.4453125 0.2490234375 0.4401041671875 0.2490234375 0.4244791671875 0 0.4440104171875 0.001953125 0.7565104171875 0.166015625 0.6731770828125 0.15234375 0.4388020828125 0.1708984375 0.4322916671875 0.1865234375 0.4348958328125
4 0.0693359375 0 0.080078125 0.014322917187500001 0.0849609375 0.0390625 0.123046875 0.05598958281250001 0.119140625 0.1158854171875 0.181640625 0.1627604171875 0.1240234375 0.1640625 0.119140625 0.1705729171875 0.119140625 0.35546875 0.193359375 0.3606770828125 0.2001953125 0.3020833328125 0.26171875 0.30078125 0.263671875 0.00390625 0.0693359375 0
6 0.30859375 0.3841145828125 0.2763671875 0.3776041671875 0.0009765625 0.3776041671875 0 0.4388020828125 0.02734375 0.4388020828125 0.2392578125 0.421875 0.2431640625 0.40625 0.3037109375 0.3984375 0.30859375 0.3841145828125
20 0.0712890625 0.3723958328125 0.0576171875 0.3619791671875 0.0283203125 0.3619791671875 0.015625 0.37109375 0.0244140625 0.3802083328125 0.0634765625 0.3828125 0.185546875 0.3815104171875 0.1357421875 0.3776041671875 0.1298828125 0.3671875 0.1005859375 0.3645833328125 0.0712890625 0.3723958328125
5 0.8974609375 0.5651041671875 0.8525390625 0.5625 0.5986328125 0.5390625 0.5927734375 0.5130208328125 0.5615234375 0.5130208328125 0.548828125 0.9934895828125001 0.865234375 0.9934895828125001 0.8701171875 0.9114583328125001 0.7021484375 0.8776041671874999 0.5986328125 0.8723958328125001 0.59375 0.87890625 0.5908203125 0.9557291671874999 0.591796875 0.76953125 0.6162109375 0.7682291671875 0.8798828125 0.8098958328125001 0.87109375 0.98828125 0.8759765625 0.9973958328125001 0.908203125 0.99609375 0.921875 0.8763020828125001 0.943359375 0.5481770828125 0.9013671875 0.5416666671875 0.8974609375 0.5651041671875
21 1 0.5299479171875 0.9912109375 0.5208333328125 0.8759765625 0.5078125 0.8681640625 0.5260416671875 0.8447265625 0.5260416671875 0.837890625 0.5221354171875 0.8349609375 0.5052083328125 0.6708984375 0.4895833328125 0.646484375 0.4934895828125 0.634765625 0.5325520828125 0.6376953125 0.5390625 0.8740234375 0.5625 0.8935546875 0.5625 0.8994140625 0.5390625 0.9423828125 0.5442708328125 0.9453125 0.58203125 0.9296875 0.7825520828125 1 0.79296875 1 0.5299479171875
21 0.6005859375 0.6822916671875 0.595703125 0.6888020828125 0.595703125 0.7096354171875 0.6025390625 0.7135416671875 0.8828125 0.7513020828125 0.884765625 0.7200520828125 0.8603515625 0.7109375 0.6259765625 0.6822916671875 0.6005859375 0.6822916671875
21 0.599609375 0.59765625 0.599609375 0.6236979171875 0.6123046875 0.6276041671875 0.888671875 0.6575520828125 0.890625 0.6236979171875 0.8759765625 0.6171875 0.6162109375 0.5911458328125 0.599609375 0.59765625
21 0.5546875 0.7278645828125 0.556640625 0.5716145828125 0.5166015625 0.546875 0.4990234375 0.5208333328125 0.357421875 0.5924479171875 0.3583984375 0.6171875 0.3828125 0.6236979171875 0.376953125 0.9934895828125001 0.404296875 0.99609375 0.4140625 0.7200520828125 0.4248046875 0.7135416671875 0.5380859375 0.7317708328125 0.5546875 0.7278645828125
5 0.4248046875 0.734375 0.4140625 0.7799479171875 0.4140625 0.8268229171874999 0.423828125 0.8294270828125001 0.423828125 0.8424479171874999 0.421875 0.9205729171874999 0.412109375 0.9544270828125001 0.419921875 0.96484375 0.419921875 0.99609375 0.44140625 0.99609375 0.447265625 0.7825520828125 0.458984375 0.76171875 0.458984375 0.7434895828125 0.4248046875 0.734375
3 1 0.0013020828125 0.9560546875 0 0.96484375 0.06119791718749999 0.96484375 0.12890625 0.939453125 0.5065104171875 1 0.5221354171875 1 0.0013020828125
5 0.7138671875 0.4244791671875 0.701171875 0.4283854171875 0.7001953125 0.4921875 0.7177734375 0.484375 0.8173828125 0.4921875 0.8232421875 0.5026041671875 0.8359375 0.5013020828125 0.8349609375 0.4322916671875 0.8193359375 0.4427083328125 0.7177734375 0.4348958328125 0.7138671875 0.4244791671875