7 0.24375 0.5229166671875001 0.2515625 0.1708333328125 0.2390625 0.1625 0.1328125 0.15 0.0953125 0.16458333281249998 0.1015625 0.525 0.24375 0.5229166671875001
21 0 0.5166666671875 0.0484375 0.5145833328125 0.0515625 0.5333333328125 0.06875 0.5333333328125 0.0703125 0.47291666718750003 0.084375 0.47083333281249995 0.084375 0.45416666718750004 0 0.4291666671875 0 0.5166666671875
5 0.084375 0.46875 0.0734375 0.47083333281249995 0.0703125 0.5291666671875 0.084375 0.53125 0.0984375 0.3875 0.071875 0.3916666671875 0.0609375 0.3791666671875 0.046875 0.3791666671875 0.0421875 0.44166666718750003 0.084375 0.45625 0.084375 0.46875
4 0.6828125 1 0.7 0.7104166671875001 0.365625 0.79375 0 0.5666666671875 0.009375 0.60625 0.0109375 0.9229166671875 0.053125 1 0.6828125 1
6 0 0.56875 0.3578125 0.79375 0.403125 0.7875 0.7078125 0.7041666671875 0.7078125 0.675 0.6984375 0.66875 0.278125 0.5270833328125 0.203125 0.5229166671875001 0.00625 0.5354166671875 0 0.5375 0 0.56875
5 0.0484375 0.5333333328125 0.05 0.5166666671875 0.0390625 0.5145833328125 0.0328125 0.51875 0.0328125 0.5333333328125 0.0484375 0.5333333328125
4 0.4953125 0.2770833328125 0.496875 0.2479166671875 0.453125 0.2416666671875 0.453125 0.21458333281250003 0.478125 0.20833333281250002 0.5 0.13333333281249998 0.5015625 0.08333333281250001 0.4421875 0.0666666671875 0.340625 0.0916666671875 0.340625 0.2770833328125 0.4953125 0.2770833328125
4 0.5796875 0.15 0.653125 0.1416666671875 0.65625 0.2666666671875 0.7640625 0.2645833328125 0.8140625 0.2770833328125 0.8234375 0.2916666671875 0.8234375 0.30625 0.80625 0.38333333281250004 0.7984375 0.46666666718750005 0.8265625 0.46666666718750005 0.8515625 0.10833333281249999 0.84375 0.09375 0.7875 0.0770833328125 0.540625 0.12291666718750001 0.528125 0.1354166671875 0.5796875 0.15
6 0.4703125 0.4479166671875 0.6296875 0.47083333281249995 0.6984375 0.46875 0.696875 0.45625 0.6515625 0.45208333281249996 0.6421875 0.44166666718750003 0.61875 0.4375 0.478125 0.43333333281249997 0.428125 0.425 0.4703125 0.42083333281249996 0.4625 0.4145833328125 0.29375 0.40625 0.290625 0.4145833328125 0.3015625 0.42083333281249996 0.4703125 0.4479166671875
6 1 0.5166666671875 0.865625 0.50625 0.8421875 0.4895833328125 0.8359375 0.46875 0.796875 0.46666666718750005 0.7921875 0.48333333281249996 0.8078125 0.5041666671875 0.8046875 0.5270833328125 0.728125 0.53125 0.65625 0.5166666671875 0.5796875 0.5166666671875 0.4921875 0.5270833328125 0.4828125 0.5354166671875 0.4828125 0.5541666671875001 0.4890625 0.5625 0.7375 0.6333333328124999 1 0.5854166671875001 1 0.5166666671875
4 0.6484375 0.45208333281249996 0.6984375 0.45625 0.7015625 0.42083333281249996 0.69375 0.40208333281249997 0.6609375 0.39791666718749996 0.6578125 0.4125 0.6453125 0.4125 0.6484375 0.45208333281249996
10 1 0.35208333281250004 0.865625 0.3458333328125 0.8421875 0.35208333281250004 0.8375 0.48541666718750004 0.8671875 0.50625 1 0.5166666671875 1 0.35208333281250004
13 0.484375 0.5354166671875 0.4984375 0.525 0.5 0.5125 0.5 0.45 0.415625 0.43958333281249995 0.4125 0.5729166671875 0.484375 0.5979166671875 0.484375 0.5354166671875
20 0.5890625 0.43541666718750005 0.521875 0.42083333281249996 0.4375 0.42083333281249996 0.428125 0.425 0.490625 0.43541666718750005 0.5890625 0.43541666718750005
4 0.4171875 0.4375 0.3 0.42083333281249996 0.296875 0.5354166671875 0.4140625 0.5708333328124999 0.4171875 0.4375
4 0.5015625 0.53125 0.6234375 0.5208333328125 0.6234375 0.4916666671875 0.6296875 0.4770833328125 0.6234375 0.47083333281249995 0.50625 0.45625 0.496875 0.46666666718750005 0.4953125 0.5229166671875001 0.5015625 0.53125
4 1 0.5791666671875 0.8328125 0.61875 0.7375 0.63125 0.4921875 0.5666666671875 0.490625 0.59375 0.496875 0.6020833328124999 0.7078125 0.6729166671875 0.7078125 0.7041666671875 0.696875 0.7145833328125 0.6953125 0.7291666671875 0.684375 1 1 1 1 0.5791666671875