19 0.7275390625 0.6171875 0.6796875 0.6497395828125 0.6689453125 0.7395833328125 0.6142578125 0.7473958328125 0.59765625 0.7643229171875 0.5859375 0.8893229171874999 0.5869140625 0.9973958328125001 1 0.99609375 0.9990234375 0.6432291671875 0.9287109375 0.6510416671875 0.8193359375 0.6145833328125 0.7275390625 0.6171875
3 0.65625 0.4908854171875 0.6640625 0.50390625 0.658203125 0.6549479171875 0.6689453125 0.6588541671875 0.7216796875 0.6067708328125 0.7431640625 0.6119791671875 0.7939453125 0.6041666671875 0.8779296875 0.6276041671875 0.890625 0.4544270828125 0.8037109375 0.4375 0.6904296875 0.4479166671875 0.6513671875 0.4427083328125 0.6337890625 0.4322916671875 0.5556640625 0.4322916671875 0.560546875 0.2643229171875 0.5537109375 0.2578125 0.4365234375 0.24479166718749998 0.435546875 0.18359375 0.4404296875 0.1119791671875 0.4814453125 0.1171875 0.5556640625 0.08854166718749999 0.56640625 0.07942708281250001 0.56640625 0.06640625 0.4111328125 0.03125 0.40625 0.0403645828125 0.40234375 0.2747395828125 0.458984375 0.2903645828125 0.4580078125 0.3567708328125 0.5234375 0.3684895828125 0.51953125 0.43359375 0.52734375 0.4440104171875 0.3984375 0.4466145828125 0.392578125 0.5533854171875 0.392578125 0.6236979171875 0.3984375 0.6393229171875 0.392578125 0.6627604171875 0.4189453125 0.6666666671875 0.5205078125 0.65625 0.5419921875 0.6692708328125 0.576171875 0.66796875 0.623046875 0.66015625 0.546875 0.6341145828125 0.5576171875 0.4791666671875 0.65625 0.4908854171875
11 0.7177734375 0.3958333328125 0.8291015625 0.4036458328125 0.833984375 0.3971354171875 0.84375 0.1575520828125 0.6552734375 0.1171875 0.5830078125 0.109375 0.580078125 0.1653645828125 0.572265625 0.1783854171875 0.5703125 0.3841145828125 0.5791015625 0.3958333328125 0.6904296875 0.3958333328125 0.6923828125 0.4010416671875 0.6474609375 0.4270833328125 0.64453125 0.4361979171875 0.7421875 0.4440104171875 0.748046875 0.4388020828125 0.7412109375 0.4296875 0.705078125 0.40234375 0.7177734375 0.3958333328125
5 1 0.5690104171875 0.9990234375 0.5442708328125 0.962890625 0.62890625 0.958984375 0.64453125 0.966796875 0.64453125 0.982421875 0.60546875 1 0.5924479171875 0.9921875 0.58984375 1 0.5690104171875
5 1 0.3424479171875 0.9560546875 0.3411458328125 0.982421875 0.4908854171875 1 0.5143229171875 1 0.3424479171875
3 0.0009765625 0.6692708328125 0 0.69921875 0.005859375 0.69921875 0.0361328125 0.6979166671875 0.044921875 0.6861979171875 0.0380859375 0.6770833328125 0.0009765625 0.6692708328125
3 0.1708984375 0.2578125 0.220703125 0.22526041718749998 0.0009765625 0.20052083281250002 0 0.3372395828125 0.015625 0.3450520828125 0.0185546875 0.24739583281250002 0.1259765625 0.24739583281250002 0.1318359375 0.2552083328125 0.1708984375 0.2578125
3 0.1630859375 0.4270833328125 0.1591796875 0.4375 0.0634765625 0.4348958328125 0.0400390625 0.4375 0.03125 0.4466145828125 0.029296875 0.4622395828125 0.0341796875 0.46875 0.3408203125 0.46875 0.3408203125 0.6015625 0.2978515625 0.6015625 0.2802734375 0.6223958328125 0.2001953125 0.6354166671875 0.140625 0.66015625 0.2021484375 0.6822916671875 0.234375 0.6809895828125 0.373046875 0.6653645828125 0.37890625 0.44921875 0.3662109375 0.4322916671875 0.1630859375 0.4270833328125
3 0 0.0013020828125 0.0009765625 0.0390625 0.3486328125 0.09635416718749999 0.3486328125 0.234375 0.2412109375 0.2265625 0.205078125 0.2565104171875 0.2314453125 0.265625 0.380859375 0.27734375 0.38671875 0.1861979171875 0.3857421875 0.0260416671875 0.2568359375 0 0 0.0013020828125
2 0.3525390625 0.3645833328125 0.3515625 0.3736979171875 0.373046875 0.4388020828125 0.380859375 0.4388020828125 0.3828125 0.37109375 0.3779296875 0.3567708328125 0.3662109375 0.3567708328125 0.3525390625 0.3645833328125
2 0.517578125 0.4440104171875 0.5205078125 0.3645833328125 0.396484375 0.36328125 0.3994140625 0.4401041671875 0.517578125 0.4440104171875
2 0.0556640625 0.4348958328125 0.15625 0.4361979171875 0.1572265625 0.421875 0.0576171875 0.4192708328125 0.052734375 0.42578125 0.0556640625 0.4348958328125
2 0.087890625 0.37890625 0.15625 0.41796875 0.158203125 0.35546875 0.1533203125 0.3515625 0.1240234375 0.3515625 0.087890625 0.37890625