19 0.6884765625 0.4791666671875 0.67578125 0.4934895828125 0.6748046875 0.5546875 0.6318359375 0.5442708328125 0.5283203125 0.5416666671875 0.486328125 0.62109375 0.4765625 0.7200520828125 0.4765625 0.80859375 0.4951171875 0.8255208328125001 0.607421875 0.8294270828125001 0.603515625 0.98828125 0.6083984375 0.9973958328125001 1 0.99609375 0.9990234375 0.4427083328125 0.9326171875 0.4348958328125 0.8837890625 0.4921875 0.6884765625 0.4791666671875
5 0.359375 0.5377604171875 0.3671875 0.5403645828125 0.359375 0.51953125 0.3603515625 0.4973958328125 0.3681640625 0.5078125 0.3896484375 0.4947916671875 0.404296875 0.4986979171875 0.3955078125 0.4817708328125 0.373046875 0.4674479171875 0.3759765625 0.4583333328125 0.4052734375 0.4635416671875 0.41015625 0.4856770828125 0.40625 0.5013020828125 0.416015625 0.5091145828125 0.419921875 0.49609375 0.412109375 0.4674479171875 0.431640625 0.45703125 0.427734375 0.3997395828125 0.3544921875 0.390625 0.3466796875 0.4296875 0.341796875 0.3736979171875 0.3251953125 0.3020833328125 0.2275390625 0.2994791671875 0.251953125 0.4466145828125 0.259765625 0.4674479171875 0.27734375 0.4830729171875 0.234375 0.6315104171875 0.2578125 0.56640625 0.2880859375 0.5390625 0.298828125 0.54296875 0.2998046875 0.6041666671875 0.306640625 0.55859375 0.3212890625 0.5364583328125 0.33203125 0.6471354171875 0.333984375 0.5559895828125 0.3427734375 0.5442708328125 0.3525390625 0.5625 0.359375 0.5377604171875
5 0.3544921875 0.3203125 0.353515625 0.37109375 0.388671875 0.37109375 0.388671875 0.33203125 0.3759765625 0.3333333328125 0.3740234375 0.3229166671875 0.3544921875 0.3203125
5 0.5576171875 0.5390625 0.5771484375 0.5390625 0.580078125 0.51953125 0.5849609375 0.5182291671875 0.59765625 0.5377604171875 0.58984375 0.4934895828125 0.60546875 0.43359375 0.619140625 0.3294270828125 0.6162109375 0.3177083328125 0.505859375 0.31640625 0.490234375 0.4674479171875 0.48046875 0.4830729171875 0.501953125 0.4986979171875 0.486328125 0.5611979171875 0.4990234375 0.5546875 0.50390625 0.5846354171875 0.5224609375 0.53125 0.5322265625 0.5390625 0.5517578125 0.5208333328125 0.5576171875 0.5390625
9 0.443359375 0.3502604171875 0.443359375 0.32421875 0.4453125 0.3216145828125 0.4423828125 0.3177083328125 0.4208984375 0.3177083328125 0.4189453125 0.3151041671875 0.38671875 0.31640625 0.38671875 0.37109375 0.3896484375 0.375 0.4287109375 0.375 0.4306640625 0.3776041671875 0.4453125 0.3763020828125 0.447265625 0.3736979171875 0.4453125 0.37109375 0.4453125 0.3528645828125 0.443359375 0.3502604171875
21 0.3525390625 0.3697916671875 0.33984375 0.3736979171875 0.3427734375 0.390625 0.4111328125 0.3958333328125 0.4189453125 0.3932291671875 0.4443359375 0.3984375 0.49609375 0.3971354171875 0.498046875 0.3841145828125 0.4951171875 0.3802083328125 0.4072265625 0.3776041671875 0.3525390625 0.3697916671875
2 0.4892578125 0.3671875 0.4873046875 0.3697916671875 0.4814453125 0.3697916671875 0.4794921875 0.3671875 0.474609375 0.3736979171875 0.4755859375 0.3802083328125 0.4970703125 0.3802083328125 0.498046875 0.37890625 0.498046875 0.37109375 0.4931640625 0.3697916671875 0.4912109375 0.3671875 0.4892578125 0.3671875
21 0.2353515625 0.3671875 0.2333984375 0.3671875 0.2314453125 0.3697916671875 0.2294921875 0.3671875 0.2275390625 0.3697916671875 0.2216796875 0.3697916671875 0.220703125 0.37109375 0.220703125 0.3736979171875 0.2255859375 0.3802083328125 0.2275390625 0.3802083328125 0.2294921875 0.3828125 0.2412109375 0.3828125 0.2421875 0.3815104171875 0.2421875 0.37890625 0.240234375 0.3763020828125 0.240234375 0.37109375 0.2353515625 0.3671875
21 0.265625 0.5143229171875 0.265625 0.5065104171875 0.267578125 0.50390625 0.267578125 0.4986979171875 0.26953125 0.49609375 0.26953125 0.4778645828125 0.2646484375 0.4713541671875 0.2626953125 0.4713541671875 0.2607421875 0.46875 0.2578125 0.4700520828125 0.2578125 0.4830729171875 0.255859375 0.4856770828125 0.255859375 0.5013020828125 0.25390625 0.50390625 0.25390625 0.5299479171875 0.251953125 0.5325520828125 0.251953125 0.5403645828125 0.2529296875 0.5416666671875 0.2578125 0.5403645828125 0.2578125 0.53515625 0.26171875 0.52734375 0.26171875 0.5221354171875 0.265625 0.5143229171875
21 0.6591796875 0.4088541671875 0.6640625 0.40234375 0.6640625 0.39453125 0.6591796875 0.390625 0.6123046875 0.3880208328125 0.609375 0.3919270828125 0.609375 0.43359375 0.611328125 0.4361979171875 0.611328125 0.4778645828125 0.61328125 0.48046875 0.615234375 0.53515625 0.6181640625 0.5416666671875 0.62890625 0.5403645828125 0.626953125 0.4205729171875 0.625 0.4127604171875 0.6279296875 0.4088541671875 0.6591796875 0.4088541671875
11 0 0.3658854171875 0.0546875 0.3684895828125 0.056640625 0.06901041718749999 0.0458984375 0.05729166718749999 0.0009765625 0.0364583328125 0 0.3658854171875
3 0 0.49609375 0.015625 0.5013020828125 0.013671875 0.66015625 0.01953125 0.6809895828125 0.12890625 0.62109375 0.1298828125 0.4140625 0 0.4075520828125 0 0.49609375