19 1 0.6645833328124999 0.8875 0.65 0.8671875 0.6833333328125 0.8640625 0.725 0.6640625 0.69375 0.596875 0.7458333328125 0.5703125 0.7791666671875 0.5625 0.8041666671875 0.55625 0.9875 0.565625 1 1 1 1 0.6645833328124999
21 0.646875 0.7020833328125 0.659375 0.6979166671875 0.6625 0.6625 0.73125 0.675 0.7328125 0.7020833328125 0.7390625 0.6979166671875 0.740625 0.6770833328125 0.8640625 0.6979166671875 0.8828125 0.6541666671875 0.928125 0.6541666671875 0.94375 0.5979166671875 0.940625 0.5895833328125 0.9234375 0.5854166671875001 0.86875 0.5875 0.8625 0.5979166671875 0.8390625 0.6041666671875 0.875 0.6291666671875 0.8703125 0.64375 0.8578125 0.6375 0.790625 0.6375 0.7546875 0.6104166671875 0.7484375 0.5625 0.728125 0.5604166671875 0.621875 0.63125 0.6484375 0.64375 0.646875 0.7020833328125
19 0.6328125 0.7145833328125 0.6515625 0.6979166671875 0.6515625 0.64375 0.6234375 0.6354166671875 0.6375 0.61875 0.6390625 0.59375 0.6703125 0.575 0.70625 0.5770833328125 0.725 0.5625 0.75 0.5604166671875 0.740625 0.4916666671875 0.7703125 0.5083333328124999 0.7796875 0.56875 0.846875 0.56875 0.85 0.5 0.771875 0.4791666671875 0.68125 0.475 0.5921875 0.49583333281249997 0.5953125 0.7083333328125 0.6328125 0.7145833328125
19 0.7640625 0.7104166671875001 0.821875 0.7166666671875 0.8328125 0.69375 0.7421875 0.6770833328125 0.740625 0.6916666671875 0.759375 0.6979166671875 0.7640625 0.7104166671875001
19 0.7296875 0.6729166671875 0.6609375 0.6625 0.659375 0.6854166671875 0.73125 0.6875 0.7296875 0.6729166671875
15 0.6984375 0.5791666671875 0.675 0.5729166671875 0.6390625 0.5916666671875 0.6375 0.6166666671875001 0.6984375 0.5791666671875
9 0.8765625 0.64375 0.878125 0.63125 0.8421875 0.6041666671875 0.7875 0.5979166671875 0.771875 0.50625 0.740625 0.4895833328125 0.759375 0.6145833328125 0.7890625 0.6395833328125 0.8765625 0.64375
4 0 0 0 0.0895833328125 0.25 0.1625 0.2546875 0.16875 0.2546875 0.23125 0.30625 0.24375 0.31875 0.2604166671875 0.4296875 0.2625 0.4328125 0.07291666718749999 0.3796875 0.0416666671875 0.3671875 0.0208333328125 0.3296875 0 0 0
11 0.11875 0.5041666671875 0.1765625 0.5 0.175 0.51875 0.11875 0.53125 0.1203125 0.54375 0.1625 0.5416666671875 0.1609375 0.5604166671875 0.190625 0.5375 0.28125 0.5375 0.2796875 0.5270833328125 0.196875 0.5145833328125 0.1953125 0.49791666718750005 0.3078125 0.4791666671875 0.309375 0.24583333281250003 0.059375 0.19375 0.05625 0.45416666718750004 0.1171875 0.4625 0.11875 0.5041666671875
4 0 0.7895833328124999 0.1140625 0.7541666671875 0.1203125 0.7333333328125 0.1375 0.7354166671875 0.1421875 0.7583333328124999 0.1609375 0.7541666671875 0.2796875 0.7020833328125 0.28125 0.6770833328125 0.2875 0.6708333328125 0.4203125 0.6166666671875001 0.4203125 0.5083333328124999 0.3265625 0.49791666718750005 0.221875 0.5125 0.2328125 0.5208333328125 0.2796875 0.525 0.2875 0.5333333328125 0.1890625 0.5354166671875 0.1625 0.5583333328125 0.1640625 0.5375 0.11875 0.5375 0.11875 0.4625 0.1078125 0.4604166671875 0 0.46875 0 0.7895833328124999
2 0.840625 0.6041666671875 0.8671875 0.5916666671875 0.8609375 0.5708333328124999 0.8078125 0.56875 0.7796875 0.5708333328124999 0.7828125 0.5979166671875 0.840625 0.6041666671875
3 0.3671875 0 0.3765625 0.0395833328125 0.434375 0.07291666718749999 0.434375 0.16875 0.4296875 0.2666666671875 0.3703125 0.26875 0.365625 0.49791666718750005 0.3984375 0.5125 0.421875 0.5083333328124999 0.4234375 0.6145833328125 0.5890625 0.5520833328125 0.6 0.17916666718750002 0.615625 0.11041666718750001 0.4609375 0 0.3671875 0