16 0.844396721875 0.3094725171875 0.8456188671874999 0.3017562015625 0.826328078125 0.298700840625 0.8086728671875001 0.3789583109375 0.8080498296874999 0.40786253749999996 0.82236814375 0.40485707968750007 0.8203312359374999 0.4177176046875 0.814544 0.416800996875 0.8194086453124999 0.43602787656249997 0.8117295062500001 0.48451205625 0.8117566328124999 0.48451635312499997 0.844295696875 0.3438205671875 0.8483151937500001 0.3184424640625 0.8474401171875 0.3152277984375 0.8319535734375 0.31936654062500003 0.8335830984375001 0.30907812031250004 0.844396721875 0.3094725171875
16 0.3935283265625 0.986205153125 0.41436779375 0.9888466421875 0.439194128125 0.8820403750000001 0.4199572546875 0.8724019828125 0.41818991875 0.8523473546875 0.471820675 0.8133823296875 0.4632535640625 0.6801940359375 0.4907758765625 0.668733375 0.518753434375 0.554516328125 0.566926490625 0.5687377609375 0.5720067921875 0.5616325171875001 0.5742354234375 0.5725320093749999 0.7383988453125 0.6222625921875 0.748044240625 0.623790271875 0.752771075 0.612674103125 0.751303290625 0.6032134328125001 0.5712998578125 0.553610665625 0.5147035515625 0.5301452375 0.5453410546875 0.3741634375 0.5500678890625 0.36304726875000004 0.5632179734375 0.3611750953125 0.5880443093750001 0.254368828125 0.5919563796875 0.2483968703125 0.8296404531249999 0.2834057 0.8322764671874999 0.29173308750000004 0.8481703921875001 0.285022240625 0.8424370703124999 0.27752260156249997 0.8292869859374999 0.279394775 0.8393636921875001 0.22825821093749998 0.8436292312499999 0.2262971765625 0.83898629375 0.2743394234375 0.86047573125 0.2447851671875 0.8641421640625 0.221636221875 0.8533824546875 0.214658796875 0.870498525 0.2002316328125 0.8506446625 0.3130987203125 0.8546645625 0.2939607 0.8636030218749999 0.28746652968749997 0.8969154625 0.1114745296875 0.9034335640625001 0.07032085 0.90086645625 0.0771649875 0.8896454515625001 0.0793426953125 0.883504746875 0.07441516249999999 0.8874707328125 0.0618601734375 0.8797544187499999 0.0606380296875 0.8549280828124999 0.167444296875 0.85745626875 0.18893774531250002 0.85186075625 0.2117811546875 0.844090528125 0.21714204218750002 0.8422692765625 0.20367044375 0.826429265625 0.20379826093750003 0.8305330625 0.22158631875 0.8249375499999999 0.244429728125 0.8109727031249999 0.2514461125 0.582227090625 0.209943109375 0.6162631265625 0.013763684374999998 0.6154933796875001 0.01364176875 0.600445375 0.01376319375 0.3739649671875 0.9692643249999999 0.3727469109375 0.9829136999999999 0.3935283265625 0.986205153125
2 0.47650381406250003 0.86184703125 0.48760650156249996 0.868219625 0.49039677812500004 0.8686615609375 0.5229095328125 0.8560138359374999 0.5285373921875001 0.829220609375 0.538875103125 0.763950871875 0.5298528984375 0.668594659375 0.49390733593749997 0.6708113265625 0.4632877140625 0.6830997375 0.47650381406250003 0.86184703125
2 0.5189327640625 0.8698854328125 0.5171583921875 0.8810883781250001 0.524090965625 0.8910044453125 0.530106459375 0.8923527015625 0.5451854218750001 0.8947409734375 0.5530810625 0.88900445625 0.585755471875 0.7201621296875 0.59048230625 0.7090459625000001 0.6129493593750001 0.6957927515625 0.6130209203125 0.6953409328125 0.5887688843750001 0.6824083046875 0.5589101109375 0.6961355328125001 0.5482882124999999 0.71950115625 0.5189327640625 0.8698854328125
2 0.5594182765625 0.9076735796875001 0.56601249375 0.9091134953125 0.582216753125 0.9116799984374999 0.5907448328125 0.9034070218749999 0.623826625 0.731992590625 0.6490603953125 0.70751364375 0.6491569593750001 0.7069039609375001 0.6260050234375 0.6971386328125 0.6238807671875 0.6968021828125 0.589211034375 0.7133268796875 0.566721159375 0.8178665796875 0.5521632578125 0.8972963 0.5594182765625 0.9076735796875001
2 0.6845722234375 0.7205207234375 0.658026415625 0.707088084375 0.623440809375 0.7319314828125 0.5880225578125 0.9056124828125001 0.592533734375 0.9208284359375 0.61368590625 0.927738059375 0.616675978125 0.928211640625 0.6245672250000001 0.9245837296875001 0.6301627375 0.9017403203125 0.661615003125 0.740614309375 0.6845722234375 0.7205207234375
2 0.68965971875 0.719612696875 0.660861346875 0.7453727046874999 0.6238135703125 0.9293421234375 0.639207065625 0.9428540515625 0.6502671234374999 0.9446057921875 0.6569074625 0.9451301937500001 0.681901590625 0.9121760828125 0.7224001437500001 0.731389840625 0.68965971875 0.719612696875
2 0.7466072953125 0.5975918984375 0.7512377 0.5983252828125 0.79572679375 0.41075556406249997 0.79775314375 0.3979616921875 0.7597677359375 0.38808691562500003 0.754333965625 0.3911812328125 0.71524928125 0.5880111796875 0.7466072953125 0.5975918984375
2 0.6952313453125 0.5847088171875 0.717223884375 0.578041075 0.750565090625 0.4162255078125 0.7512316109375 0.4120172578125 0.7090341734375001 0.3987715671875 0.6720403109374999 0.5761579546875 0.6926994296875 0.5843078015625001 0.6952313453125 0.5847088171875
2 0.589931840625 0.5506292703125 0.6029780796875001 0.546499515625 0.630236709375 0.4068569734375 0.6336706359375001 0.3851760109375 0.5954953015625 0.375251859375 0.5632821875 0.5349390484375001 0.56617201875 0.5468660828125 0.589931840625 0.5506292703125
2 0.6588457890625 0.4160023046875 0.6629484015625 0.3900994328125 0.63632946875 0.38461964375 0.6028942093749999 0.55202315 0.62908655 0.5614448640624999 0.6588457890625 0.4160023046875
2 0.6583438515625 0.57398865 0.673069546875 0.5684110859375 0.7059428609375 0.40830113749999997 0.7072929046875001 0.3997773 0.6668089140625 0.3894471140625 0.6314592218749999 0.5589496656249999 0.630195434375 0.56692890625 0.6583438515625 0.57398865
2 0.5429633593750001 0.53712595 0.5630689109375 0.5350370984375 0.593078965625 0.3817683234375 0.5939234875 0.3764362234375 0.549391515625 0.3654449390625 0.5171784015625 0.5251321296875 0.518646184375 0.5345928 0.5429633593750001 0.53712595
2 0.6757532609375 0.22185590937500002 0.7475096875 0.23388016875 0.8195124671875 0.2452842890625 0.8287982890625001 0.22192677187499998 0.82896318125 0.2208856796875 0.8119270249999999 0.19860103906249998 0.6842004421875 0.18100776406250002 0.6783592921875 0.1866741875 0.6757532609375 0.22185590937500002
2 0.6678128859375 0.22204842343750003 0.677781765625 0.1840779203125 0.6875349875000001 0.1724395390625 0.7065740859375 0.0647166640625 0.683331265625 0.03387809375 0.657695103125 0.029817725 0.6212154421875 0.20412160156249998 0.6406621359375 0.21853915625 0.6520651281250001 0.2203452125 0.6678128859375 0.22204842343750003
2 0.6160428828125 0.21305787187499997 0.6223967859374999 0.21406423125 0.630195809375 0.1524159 0.6598028921875 0.02791043125 0.65470520625 0.018270334375 0.617749934375 0.01241719375 0.5803153828125 0.2051580578125 0.6160428828125 0.21305787187499997
5 0 0.9254583656250001 0.23163588906250002 0.9621458859375001 0.219109646875 0.9150755875 0.21493031562499998 0.8216043421875 0.2365263171875 0.6752643453125 0.23467629531249998 0.6370038890624999 0.22324078906249997 0.5993345437500001 0.19222214843750002 0.575437953125 0 0.5390384515625 0 0.9254583656250001