23 0.0878318078125 0 0 0.4518554734375 0 0.5976579734375 0.11224668125 0 0.0878318078125 0
8 0.1668856203125 0.47769565312499995 0.2052304328125 0.4851491296875 0.21954110781249997 0.41152709062500004 0.24641061718750001 0.412505340625 0.2575974234375 0.3467653890625 0.1759651859375 0.3245307109375 0.158245690625 0.3911231625 0.18312760625 0.4023266953125 0.1668856203125 0.47769565312499995
12 0.21063344062499997 0.47373070000000006 0.20364695 0.4851066234375 0.1756411671875 0.4817851765625 0.16763096875 0.473861171875 0.1680847703125 0.46333775 0.1236047875 0.4546917171875 0.0885562328125 0.47122455937499996 0.057549770312500005 0.6307389765625 0.0720926578125 0.6378104812500001 0.052156896875000004 0.691238175 0.0648247546875 0.6915782296875 0.07732022499999999 0.66004988125 0.089193046875 0.66448005 0.1016322328125 0.641430065625 0.12770670625 0.6464984296875 0.20053370625000003 0.6648992171875 0.19940097343750002 0.7198595250000001 0.20710555312499998 0.723214178125 0.2082439171875 0.723435453125 0.2130327171875 0.6906743703125 0.224166784375 0.6907162859375 0.230185846875 0.651562071875 0.243022553125 0.62646703125 0.2711901015625 0.489746375 0.21063344062499997 0.47373070000000006
15 0.3509473109375 0.50524960625 0.32826345468749996 0.557347253125 0.32881199843750003 0.5574538796875 0.35572107656249996 0.5380124296875 0.39486092500000003 0.54137579375 0.4072438296875 0.5268041734375 0.423482275 0.394131715625 0.4801763140625 0.413641225 0.5184085609375 0.438051434375 0.6031083828125 0.46088239062499997 0.6229315796875 0.42441142656249997 0.6245216546875 0.4162312 0.579985390625 0.4160635328125 0.4692110953125 0.3881642109375 0.41677719687500003 0.363115809375 0.383543846875 0.3375549625 0.3702005984375 0.43895529375000003 0.3509473109375 0.50524960625
15 0.43892617187500005 0.38837910625 0.42091818124999997 0.3827563828125 0.40888359531249996 0.518368315625 0.396388125 0.5498966640625 0.41087472968750005 0.565446534375 0.5918622421874999 0.6006269421875 0.6053251390625001 0.5968768843750001 0.6116854375 0.5641559796875 0.66263474375 0.465820871875 0.54220389375 0.44665613750000005 0.46102545624999997 0.4138980375 0.43892617187500005 0.38837910625
15 0.6650264484374999 0.44532779843750003 0.66110754375 0.45730000000000004 0.650768515625 0.45316797031249995 0.647644646875 0.46105005625000006 0.662982571875 0.464031446875 0.668663940625 0.4757474265625 0.66900871875 0.5394842375 0.6587857968749999 0.5756989781249999 0.6654908734375 0.606714884375 0.6925890546875 0.631083175 0.831816296875 0.6600032437500001 0.8517636312500001 0.6638806140625 0.8627801953124999 0.6153514734375001 0.90725309375 0.5093905015625 0.856184140625 0.510075334375 0.7760294140624999 0.49661715937500006 0.68411443125 0.461772084375 0.6650264484374999 0.44532779843750003
15 0.65373264375 0.5951441375 0.6614492703125 0.586563046875 0.6600280421875 0.5693081765625 0.6690584078125 0.5392286046875 0.6689423015625 0.498881834375 0.6630055953125 0.49189145781250004 0.6615037593750001 0.4915995296875 0.6470716890625 0.49675294374999995 0.631906153125 0.5256399593750001 0.6246945328125 0.57092934375 0.635716034375 0.5879279921875 0.6511251984374999 0.5946373015625 0.65373264375 0.5951441375
15 0.6425296453125 0.421853925 0.647247128125 0.46309511406250004 0.662982571875 0.464031446875 0.665765203125 0.44971605156249994 0.673831684375 0.449161690625 0.694453459375 0.465904115625 0.7549538375 0.4903981578125 0.8337880203125 0.5075790046875001 0.846345975 0.5100200234375001 0.8657844156250001 0.5098191109375 0.8762922906249999 0.4885160453125 0.8763485734375 0.4800376796875 0.8486840265625 0.4831495421875 0.70837015625 0.4516306359375 0.6425296453125 0.421853925
1 0.9117760890625 1 0.9618510062500001 0.7362152656250001 0.875103765625 0.67478445625 0.69343378125 0.6267374296875 0.61657176875 0.5799620703125 0.5968611390625 0.599476303125 0.3966730796875 0.5648083390624999 0.359974625 0.540696271875 0.3314587578125 0.5563766125 0.2773257609375 0.6137686703125 0.2416545578125 0.66626003125 0.23887192656249998 0.6805754265624999 0.2603450203125 0.6847493734375 0.2625612859375 0.6979141296875 0.1926436453125 0.877455225 0.18980473281250002 0.9002489859375 0.163790084375 0.944005759375 0.451855478125 1 0.9117760890625 1
1 0.6064920859375 0.4602136609375 0.61025890625 0.46094585625000006 0.637795925 0.462584440625 0.644610025 0.4193401109375 0.6388723749999999 0.41610250000000004 0.6376235359375 0.43071603437499995 0.617684234375 0.42684022656250004 0.6064920859375 0.4602136609375
8 1 0.5307725546875 0.9656365875 0.5202085203125 0.9479733749999999 0.57832260625 0.9713214984375 0.5892280015625 0.9513294546875001 0.6511340609375 0.975028575 0.6655564640625 0.9770991953125 0.6659589515625 1 0.5481445234375 1 0.5307725546875
12 0.869819915625 0.6610234203124999 0.8724337 0.672143121875 0.9625897609375 0.74060351875 0.9772979546875 0.6649364234374999 0.9535523124999999 0.6560760859375 0.9486659812499999 0.6402699921874999 0.8796453203124999 0.6268537359375 0.869819915625 0.6610234203124999