5 0 0.914790003125 0.0219902390625 0.918667475 0.024138229687500002 0.9064856078125001 0.046592396875 0.8747462921875 0.0477260484375 0.8908122265625 0.0671293703125 0.88762270625 0.09641208125 0.7372988375 0.11115408906249999 0.6536927640625 0.11444249843750001 0.6249204234375 0.08559070937499999 0.6198330750000001 0.0787471375 0.6305259000000001 0.120573321875 0.3708226296875 0.1173474203125 0.3609986265625 0.1004885546875 0.3553816125 0.0881580390625 0.36907345 0.02128940625 0.3546383671875 0.0158629 0.385413609375 0.07548993125 0.3959274640625 0.0849384 0.40420433281249996 0.0801328984375 0.4258338859375 0.008229528125 0.4118332109375 0.0028030234375 0.44260845312499997 0.006933342187499999 0.44730325000000004 0.0631656765625 0.4545741875 0.07600884062499999 0.4660939734375 0.07165554843750001 0.485158921875 0 0.4699155765625 0 0.5004176578124999 0.0666812515625 0.5133695625 0.053060809375 0.607486325 0.049045109375 0.6133891 0 0.6038627703125 0 0.7179176375 0.02960013125 0.72366705 0.0250238640625 0.76649174375 0.0080629046875 0.8401869312500001 0 0.838912559375 0 0.914790003125
21 0.24338514687499999 0.38798228749999997 0.1226598390625 0.3640508203125 0.102539678125 0.5006531187500001 0.22711189062499998 0.525262903125 0.2668833921875 0.54153088125 0.20008959375000002 0.886607034375 0.217401278125 0.8896595515625 0.2883789625 0.5320994296875 0.3065340140625 0.502246403125 0.27357695 0.672283803125 0.2815541734375 0.6776569125 0.3250266578125 0.459231203125 0.3429030890625 0.4191483390625 0.34366510781250004 0.41482670937500005 0.3001843078125 0.40328619374999997 0.28921041875000003 0.409284221875 0.25843517656250004 0.40385771562499995 0.24338514687499999 0.38798228749999997
5 0.2467798421875 0.3912252046875 0.1226598390625 0.3640508203125 0.102539678125 0.5006531187500001 0.2328822484375 0.526280371875 0.2668833921875 0.54153088125 0.20096926406249999 0.8816056796874999 0.21321502187500002 0.8889214015625001 0.21355568906250003 0.8889814703125 0.2892833796875 0.526970221875 0.30981409375 0.49489174843750006 0.308180315625 0.5435239625 0.3189187078125 0.47137590781250005 0.34293417812500004 0.41897202343749995 0.3436644609375 0.41483038437499997 0.29826085468749997 0.4029470375 0.28921041875000003 0.409284221875 0.2565117234375 0.403518559375 0.2467798421875 0.3912252046875
21 0.07961725625 0.365584225 0.0912974546875 0.36139178437499997 0.091360015625 0.3610369828125 0.074578628125 0.3516062953125 0.0421633453125 0.3498571171875 0.0472391375 0.3598750890625 0.07961725625 0.365584225
21 0 0.46712671875 0.0131027046875 0.4696780125 0.07042155781250001 0.4797848734375 0.0729887125 0.46522581562500004 0.0619666984375 0.45687489843750007 0.0019872984375 0.4449851359375 0.000451225 0.453696646875 0 0.4571361546875 0 0.46712671875
21 0.0091119625 0.41132772187500005 0.0371039625 0.4167923359375 0.07865050625 0.4241181125 0.0808211078125 0.41180801562499997 0.081973928125 0.40302053125 0.01244621875 0.386794409375 0.0091119625 0.41132772187500005
5 0.286537140625 0.752312634375 0.29485351875 0.755762290625 0.2978115578125 0.7562838734375 0.3098957234375 0.7154441109375 0.3733696609375 0.7266362796875 0.41138650625000006 0.7359840140625 0.40771465625000003 0.7736795 0.4160310359375 0.77712915625 0.4188902234375 0.777633309375 0.4445728046875 0.5871417546875 0.4950291765625 0.42021399531250003 0.49624133125 0.41333952656250006 0.4787718765625 0.398812975 0.4265802859375 0.565458809375 0.32271384375 0.547144353125 0.286537140625 0.752312634375
7 0.644658953125 0.5136077453125 0.619666590625 0.5991084828125001 0.6144693203125 0.651078865625 0.6375666828125001 0.6797439171875 0.643924196875 0.68086491875 0.6527153984375 0.68162174375 0.6476202234375 0.654279925 0.73332944375 0.280674771875 0.745228578125 0.2160033234375 0.756556409375 0.1517600046875 0.755979375 0.1516582578125 0.7341609 0.15785956406249999 0.7187191 0.1723249703125 0.644658953125 0.5136077453125
4 0.9179632109375 1 0.9862409921875 0.612777465625 0.7357520375 0.493574671875 0.6943176234374999 0.722937109375 0.906546715625 1 0.9179632109375 1
4 1 0.08127716093750001 0.819080890625 0.0485492640625 0.7900077171875 0.0434228796875 0.7413399671875001 0.07834083750000001 0.7230223796875 0.1597298359375 0.757529909375 0.15523708593750002 0.7300535296875 0.2773205828125 0.743348903125 0.2862757671875 0.7725382828125 0.2782009421875 0.7824389593750001 0.283913209375 0.747612621875 0.43643279375 0.849768325 0.458544328125 0.8801245328125 0.46389694531250003 0.8902857093750001 0.44836820624999996 0.916743053125 0.32081634375 0.8753315125000001 0.3082256921875 0.9438401859375001 0.3189834484375 1 0.3173654203125 1 0.08127716093750001
10 0.7497753015625 0.40785860781250005 0.774655959375 0.29206048125 0.7769119796874999 0.27926595781249997 0.7316556453125 0.28566831718749996 0.7073447265625 0.38979959218750004 0.708194965625 0.40184904218749995 0.7497753015625 0.40785860781250005
13 0.70120705 0.606875415625 0.7030748906250001 0.6072047656249999 0.7349105984375 0.4634791515625 0.7404278359375 0.43218934375 0.705792840625 0.41715930781250005 0.6929559375000001 0.45059440781250004 0.6669508015625001 0.5755816671875 0.70120705 0.606875415625
18 1 0.521379846875 0.9834450125 0.5195325468750001 0.9816903546875 0.512612303125 0.9945876968749999 0.5069534328125 0.9853080265624999 0.492095475 0.9943522015624999 0.44080340468749996 0.9698537046875 0.4166511078125 0.9520904218749999 0.41616330156250003 0.9447946421875001 0.4294207296875 0.9631789281250001 0.42076284375000006 0.9885818437499999 0.439785934375 0.9819133296875 0.488852559375 0.966640325 0.49673687656250004 0.9728087140625 0.5123684 0.806541546875 0.47115148281249997 0.9113728468750001 0.5121129609375 0.919717225 0.513716515625 0.9961744984375001 0.5271979953125 1 0.52451935 1 0.521379846875
6 1 0.529661 0.8677662156249999 0.4984741671875 0.8096646062499999 0.47368541718749996 0.8743263734375001 0.483764859375 0.8817367718750001 0.481105003125 0.8785108703125 0.471281 0.7478848859375 0.44163726406250003 0.739063684375 0.46916959062499997 0.74540086875 0.47822002656249996 0.74489448125 0.4979632875 0.9841024046875001 0.6091593765625001 0.9867952359375 0.6096341953125 1 0.534746253125 1 0.529661
16 0.3364798453125 0.44207924375 0.3499440140625 0.44445334062499997 0.351121009375 0.446776346875 0.37843403593749997 0.451592371875 0.3797002203125 0.44441148124999996 0.366236053125 0.442037384375 0.36505905781250003 0.43971437656249995 0.3642896765625 0.4395787140625 0.362389146875 0.441359071875 0.36121215156250003 0.43903606406250006 0.3508255078125 0.43720461874999994 0.348924978125 0.438984975 0.339307715625 0.43728919218750006 0.3357442234375 0.4406273625 0.3364798453125 0.44207924375
16 0.42959725000000004 0.45611844843749993 0.42575034531249994 0.45544013593750005 0.42427910156250004 0.45253637500000005 0.3973507640625 0.4477881828125 0.3918638203125 0.450787196875 0.3959941375 0.45548199375 0.40368794843750005 0.45683861875 0.40501206874999995 0.459452003125 0.44963616875 0.4673204359375 0.4503488671875 0.46665280468750003 0.450439309375 0.46613988281249996 0.446908325 0.4591708578125 0.43344415625000005 0.45679676249999995 0.43197291250000003 0.45389300156249995 0.42959725000000004 0.45611844843749993
16 0.33413844843749996 0.36537717812500004 0.328651503125 0.3683761921875 0.33232961250000004 0.37563559375 0.43431302499999996 0.39956778593750003 0.45681742812500004 0.40353591875 0.4679903328125 0.40484491718750004 0.4694157296875 0.40350965 0.47022970624999993 0.3988933640625 0.469346959375 0.39715110781249996 0.3567676703125 0.37201166093750004 0.3552964265625 0.3691079015625 0.33413844843749996 0.36537717812500004
16 0.344087040625 0.30895590156249997 0.374410075 0.31694700937500003 0.4957184640625 0.34375785 0.522983403125 0.34856539375 0.5237610671875 0.34724812968749996 0.5243489390625 0.343914146875 0.521044684375 0.34015830937499997 0.351666234375 0.2997149578125 0.3365620265625 0.3010181875 0.344087040625 0.30895590156249997
16 0.36939939375 0.2463851296875 0.521828534375 0.28172438906249997 0.5368314671875 0.284369809375 0.54015739375 0.281254184375 0.5403452343749999 0.2801888875 0.529498171875 0.2719705234375 0.349314628125 0.2309441140625 0.352540528125 0.24076811718750002 0.36939939375 0.2463851296875
16 0.364230125 0.174473115625 0.3921774984375 0.18468967187500002 0.516971009375 0.2142305046875 0.546976884375 0.21952135 0.551846990625 0.214959184375 0.5520278734375 0.2139333421875 0.539264315625 0.2053363671875 0.3780318859375 0.1636850390625 0.36100422499999996 0.1646491125 0.364230125 0.174473115625