4 0.334375 0.6291666671875 0.346875 0.6583333328125 0.3453125 0.8958333328125001 0.86875 0.9729166671874999 0.88125 0.96875 0.9046875 0.6708333328125 0.9 0.6604166671875 0.7515625 0.6395833328125 0.346875 0.6041666671875 0.3375 0.5979166671875 0.3390625 0.575 0.35 0.5625 0.384375 0.5479166671875 0.4625 0.5479166671875 0.6890625 0.56875 0.696875 0.5229166671875001 0.684375 0.5 0.6203125 0.4875 0.309375 0.46666666718750005 0.303125 0.6104166671875 0.309375 0.6270833328125 0.334375 0.6291666671875
6 0.6125 0.48333333281249996 0.6875 0.5 0.69375 0.5166666671875 0.6921875 0.54375 0.7015625 0.5479166671875 0.88125 0.5645833328125 0.903125 0.5604166671875 0.9 0.5416666671875 0.865625 0.5125 0.8109375 0.4875 0.8 0.4895833328125 0.80625 0.5104166671875 0.7953125 0.5145833328125 0.7171875 0.5083333328124999 0.709375 0.5020833328125 0.70625 0.4791666671875 0.61875 0.4604166671875 0.471875 0.45625 0.421875 0.4458333328125 0.3 0.44375 0.23125 0.43333333281249997 0.2234375 0.43541666718750005 0.2265625 0.4583333328125 0.6125 0.48333333281249996
6 0.3390625 0.6 0.9140625 0.6541666671875 0.9140625 0.6354166671875 0.871875 0.5854166671875001 0.3875 0.5458333328125 0.346875 0.5666666671875 0.3390625 0.5791666671875 0.3390625 0.6
5 0.1671875 0.5291666671875 0.1671875 0.54375 0.159375 0.5541666671875001 0.14375 0.5375 0.1359375 0.56875 0.121875 0.5583333328125 0.128125 0.5479166671875 0.0953125 0.55625 0.0828125 0.5645833328125 0.0859375 0.5729166671875 0.0734375 0.59375 0.040625 0.59375 0.0375 0.6104166671875 0.0078125 0.6145833328125 0.00625 0.59375 0.01875 0.5854166671875001 0.0015625 0.5875 0.003125 0.94375 0.015625 0.9458333328125 0.025 0.9375 0.0265625 0.89375 0.1 0.9020833328125001 0.1390625 0.9104166671874999 0.14375 0.9625 0.159375 0.96875 0.1671875 0.9604166671875 0.1625 0.8416666671874999 0.2046875 0.8479166671874999 0.2078125 0.89375 0.2265625 0.89375 0.2140625 0.6833333328125 0.2171875 0.5541666671875001 0.20625 0.55 0.209375 0.5354166671875 0.21875 0.5354166671875 0.21875 0.5166666671875 0.20625 0.5145833328125 0.1859375 0.51875 0.1765625 0.53125 0.1671875 0.5291666671875
21 0 0.6354166671875 0.140625 0.5833333328125 0.1453125 0.49791666718750005 0 0.48333333281249996 0 0.6354166671875
4 0.1796875 0.3 0.1875 0.2916666671875 0.1875 0.10625 0.0234375 0.1020833328125 0.0265625 0.28958333281250004 0.1640625 0.3 0.1796875 0.3
18 0.0765625 0.44375 0.096875 0.43541666718750005 0.1 0.4458333328125 0.171875 0.45 0.2171875 0.44166666718750003 0.203125 0.4291666671875 0.175 0.42083333281249996 0.00625 0.41875 0 0.43333333281249997 0.0078125 0.43958333281249995 0.0765625 0.44375
4 0.465625 0.4270833328125 0.484375 0.4145833328125 0.5046875 0.4166666671875 0.478125 0.43958333281249995 0.484375 0.4458333328125 0.5390625 0.4583333328125 0.55625 0.45416666718750004 0.5671875 0.375 0.571875 0.2 0.559375 0.1895833328125 0.446875 0.1895833328125 0.4375 0.2 0.4421875 0.41041666718750003 0.465625 0.4270833328125
13 0.225 0.6020833328124999 0.2453125 0.6125 0.2953125 0.61875 0.3046875 0.55 0.3015625 0.47083333281249995 0.225 0.4604166671875 0.215625 0.47083333281249995 0.2234375 0.48125 0.225 0.6020833328124999
20 0.3453125 0.4458333328125 0.3375 0.4375 0.2484375 0.43125 0.2171875 0.44375 0.2296875 0.45 0.3453125 0.4458333328125
10 0.70625 0.43541666718750005 0.7609375 0.43958333281249995 0.7609375 0.41875 0.7234375 0.41041666718750003 0.715625 0.3875 0.628125 0.38333333281250004 0.628125 0.47291666718750003 0.7015625 0.4770833328125 0.70625 0.43541666718750005