5 1 0.4869070296875 0.97861208125 0.078801225 0.8804524125000001 0.056825053125000004 0.836837509375 0.0904037 0.79761783125 0.17799300468749998 0.6334294078125 0.7769902 0.3825800109375 0.8568948171875 0.383125178125 0.86729720625 0.4941699546875 0.9261495609375 0.4944631609375 0.9615994640625001 0.48012794531249997 1 0.5130929609375 1 0.5478179546875 0.9981801406249999 0.531332709375 0.9784429453125 0.5318027359374999 0.9575563890625001 0.5440675390624999 0.9527412328124999 0.6224757953125 0.9942674890625 0.8029365953125 0.9848099390625 0.8846618562499999 0.9432362109374999 0.93742084375 0.9050059578124999 0.9726887874999999 0.8614337953125 0.991119884375 0.8250025937500001 1 0.8006384109375 1 0.4869070296875
3 0.3214903765625 0.1987734 0.330566675 0.25253873437499996 0.3292995234375 0.2880704140625 0.4015121546875 0.292630678125 0.40187314687500003 0.2696636453125 0.42306396875 0.25603592656249996 0.4308657625 0.2556270515625 0.43964885468750003 0.27394248125 0.4674082109375 0.26622909687499996 0.47317961875 0.28678855468750003 0.47504053749999997 0.41186257031249995 0.5398751046875 0.41185479843749995 0.555381140625 0.4110421609375 0.562093521875 0.40104174062500003 0.5552097203125 0.09055983906250001 0.465615078125 0.082738140625 0.3214903765625 0.1987734
5 0.3187729765625 0.4156190484375 0.457971996875 0.4145825140625 0.4499786765625 0.291916075 0.32783456875 0.2899726078125 0.3187729765625 0.4156190484375
5 0.429893971875 0.6849120640625 0.4626010703125 0.83131761875 0.47653526562500004 0.8285011656249999 0.43696642499999994 0.6407313734375 0.47553925937499997 0.6303650875 0.48482627031250003 0.5985854890625 0.4787955484375 0.5133676578124999 0.2805209671875 0.521672596875 0.268808684375 0.6265960296875 0.2898565796875 0.6400963046875 0.3134800265625 0.6430306359375 0.313916159375 0.6513525484375 0.279351015625 0.8576108859374999 0.2729972234375 0.9421738906250001 0.27439108125 0.9421008421874999 0.284836571875 0.9324263265624999 0.3323133625 0.644129815625 0.427822340625 0.6453829796874999 0.429893971875 0.6849120640625
5 0.0641018609375 0.6315872312499999 0.029623690624999997 0.570808384375 0.0214196578125 0.5336868765625 0.002695353125 0.534668175 0.01781708125 0.8530631156249999 0.02137393125 0.8612214765624999 0.0307360828125 0.8607308281250001 0.023438209374999998 0.8110446765624999 0.031240003125 0.810635803125 0.0764299703125 0.9563871546874999 0.08152555624999999 0.9662902953125 0.09250603125 0.9657148328125 0.01000058125 0.674060215625 0.0110157734375 0.66357605 0.058732692187500005 0.6485581578125 0.0641018609375 0.6315872312499999
9 0.10623710156249999 0.4204990046875 0.1551533859375 0.42836637343749995 0.2973368453125 0.424565690625 0.31768729218749997 0.42349916875 0.3304440125 0.250198196875 0.1748499015625 0.23383977812499998 0.1714655140625 0.234017146875 0.163560778125 0.29023706250000003 0.1600864203125 0.403073534375 0.10703422656249999 0.4058538828125 0.10623710156249999 0.4204990046875
11 0.6928815140625 0 0.5565520125 0.08631710625 0.5619844890625 0.3989612609375 0.6421079453125 0.40519313281249997 0.6487855140625001 0.41318794375 0.6783232953125 0.40955374375 0.6915693968750001 0.4234628890625 0.712072125 0.4265607734375 0.72384296875 0.427247759375 0.7314497078125 0.42684910781249996 0.7352594390625 0.42117319062499997 0.7725504125 0.2669268109375 0.785067175 0.2370641421875 0.7858654890625 0 0.6928815140625 0
21 0 0.5130929703125 0.0012303984375 0.5365703703125 0.547683025 0.514190578125 0.5611692546875 0.80137834375 0.582687175 0.7939920609375 0.5746865015625 0.581619734375 0.5664073296875001 0.5132092796875 0.7082909328125 0.5036872812500001 0.7143143015625 0.4991992265625 0.7297676078124999 0.43580358124999996 0.7228719734375 0.4236478109375 0.575107928125 0.410529871875 0.35466122499999997 0.413738225 0.20363353593750003 0.42791182812499995 0.0623289921875 0.4186277453125 0.040811070312499996 0.4260140296875 0 0.4244078453125 0 0.5130929703125
2 0.4656102390625 0.411052921875 0.46302070000000006 0.361641565625 0.456779265625 0.36196866562499996 0.45605727968750004 0.4079027359375 0.46443996875 0.41111425312499994 0.4656102390625 0.411052921875
3 0.479545871875 0.647105421875 0.5547024 0.7078386 0.5431109828125 0.51651638125 0.489840721875 0.515135771875 0.4822569953125 0.519705603125 0.485167 0.605086984375 0.479545871875 0.647105421875
3 0.635886534375 0.7604326625 0.639487359375 0.7602439515625 0.651506146875 0.7337974421875 0.702438109375 0.541284703125 0.70058454375 0.505916575 0.567954059375 0.51286744375 0.5776241234375 0.727238471875 0.6053495859375 0.748733559375 0.635886534375 0.7604326625
2 0 0.42629111875000003 0.0273099578125 0.42776468906250004 0.0373547859375 0.42723826249999997 0.0561829625 0.42077526406250004 0.055310695312500005 0.4041314390625 0.0300178578125 0.3991984046875 0.0389438765625 0.390385840625 0.0043979203124999994 0.388023934375 0 0.3891028890625 0 0.42629111875000003