19 0.9100844984375 1 0.9362358921875 0.867993603125 0.9987258375 0.5465107015624999 0.9956495453124999 0.542888415625 0.7087714140625 0.45263715 0.6914458953125 0.45988104375 0.6561572546875001 0.4981210625 0.46826767656249996 0.46159902812500003 0.45449301249999996 0.47616540625 0.4404369375 0.5331236140625 0.3369059453125 0.512999228125 0.290111646875 0.5131885171875 0.2594446515625 0.6504844921874999 0.3759104953125 0.854847359375 0.4009049765625 0.8490941624999999 0.477664953125 0.8534031578124999 0.4974046109375 0.84397561875 0.5149456156250001 0.8765672328124999 0.6150787890625 1 0.9100844984375 1
5 0.15743591875000001 0.3865884609375 0.1760410734375 0.4034694765625 0.12875651562499998 0.513659153125 0.17142828125 0.44767227812500004 0.16958139375 0.436701646875 0.1771074359375 0.4235735671875 0.18591311562499999 0.43457039531249997 0.17263535000000002 0.44658045468749996 0.192801553125 0.44519454999999997 0.198623628125 0.43571461562499997 0.2192163765625 0.44237034687500004 0.201677584375 0.44559342187500006 0.21119343437500002 0.45805474999999996 0.1470099046875 0.583529953125 0.1819423546875 0.5266503390625 0.205586846875 0.507370190625 0.1994085796875 0.4982105328125 0.21467393750000002 0.4759751921875 0.21282926249999998 0.5008192499999999 0.2209247703125 0.51035158125 0.2263950796875 0.55386143125 0.2106682453125 0.634768984375 0.2107311546875 0.6347812125 0.23214680156249998 0.554979453125 0.24038301562500003 0.5433158703125 0.25579129375 0.535699303125 0.2508948765625 0.58647924375 0.2707730265625 0.5200411 0.297541828125 0.500041803125 0.31358992343750003 0.504487690625 0.305705475 0.4631614875 0.3261553046875 0.4551984453125 0.3457520421875 0.43115213125 0.4070034359375 0.2823763765625 0.40747565625000004 0.2799470125 0.30640236718749997 0.2497378515625 0.2606788578125 0.3416606078125 0.1756101015625 0.3237984625 0.15743591875000001 0.3865884609375
5 0.24218649218750002 0.3114043296875 0.25321061093749997 0.3135472015625 0.2634003609375 0.3148646609375 0.27653520625 0.28823582812500004 0.27646264062500003 0.2630190953125 0.19841653125 0.244001753125 0.19569402656249998 0.24347255156249997 0.1863545453125 0.28131811406249996 0.1899054015625 0.2886406015625 0.226332971875 0.29572140468749997 0.24218649218750002 0.3114043296875
5 0.007735499999999999 0.6144237921875 0.018046424999999998 0.49054754687499996 0.027773334374999997 0.4712150015625 0.021311440625 0.4686324828125 0.022091965625 0.45949902343750004 0.0304710984375 0.46245421562500005 0.037289184375 0.4836763265625 0.03509053125 0.52569548125 0.040982589062500005 0.5685710265624999 0.041437928125 0.56622850625 0.043893996875 0.5008776203124999 0.036787859374999995 0.4146032703125 0.0695216546875 0.3997428125 0.061426146875 0.3902104796875 0.061069954687500004 0.3715708875 0.083852503125 0.192948709375 0.080301646875 0.185626221875 0.0534602796875 0.1804087890625 0.019919414062499998 0.3493789734375 0.0055602921875000004 0.423250253125 0.0076003796875000005 0.614397528125 0.007735499999999999 0.6144237921875
9 0.12804251093750002 0.2778094828125 0.13258494999999998 0.24420463906249998 0.1311646078125 0.24127564375000002 0.1341459984375 0.2259377203125 0.13350618125 0.21387526562499998 0.123919978125 0.212011896875 0.12249963593749999 0.20908290156249998 0.0848649953125 0.2030939234375 0.0833743 0.2107628859375 0.0847946421875 0.21369187968749997 0.0757801171875 0.2703036109375 0.0779106296875 0.274697103125 0.1105037203125 0.28103255781250003 0.1119240625 0.28396155312500004 0.14926920625 0.2899044609375 0.15001646562499998 0.2860601484375 0.139759228125 0.28406634375 0.1383388859375 0.28113735 0.13209026562499998 0.2825756484375 0.12804251093750002 0.2778094828125
21 0.273124790625 0.5043597140625 0.274126740625 0.508622265625 0.27734770625 0.5092483578125 0.278557678125 0.509165203125 0.28128068125 0.495156565625 0.2782979625 0.489005678125 0.27638072187499996 0.488633003125 0.27613930781249996 0.48885136874999996 0.273124790625 0.5043597140625
21 0.26798358125 0.5389977625 0.2692618890625 0.5416338578125 0.268764990625 0.544190178125 0.2704694015625 0.547704971875 0.2710445734375 0.5478167734375 0.276195753125 0.5213162484375 0.2744441453125 0.52009146875 0.2710643515625 0.5231485734375 0.26798358125 0.5389977625
21 0.27979436562500004 0.45878810468750003 0.276812975 0.47412602968749995 0.2809889859375 0.486079978125 0.2829701359375 0.486465075 0.2878894296875 0.46115749843750004 0.28675315625 0.45881430468750006 0.28100143437499997 0.45769628281249997 0.27979436562500004 0.45878810468750003
21 0.373973484375 0.3622237546875 0.373826 0.365643865625 0.395375784375 0.36983271875 0.3961000265625 0.369177625 0.40089268437500003 0.362946371875 0.40163803124999997 0.3591118921875 0.3997915875 0.3553041984375 0.38061918125 0.35157746093750003 0.374609515625 0.3589516625 0.373973484375 0.3622237546875
21 0.33883656875 0.442674503125 0.33713260156249997 0.446322646875 0.3226477671875 0.459424528125 0.32215086875 0.46198085000000005 0.3235712109375 0.4649098453125 0.32108671875 0.4776914484375 0.3225070609375 0.48062044375 0.318034975 0.5036273312499999 0.32101769375 0.50977821875 0.3283032078125 0.5111943796875 0.328544621875 0.5109760140625 0.3292688640625 0.5103209203125 0.3334428109375 0.48884782656250003 0.33301670781250003 0.48796912812500004 0.3399732859375 0.4521806375 0.33855294375 0.4492516421875 0.33883656875 0.442674503125
21 0.2691836015625 0.3281037578125 0.270738934375 0.32010226406250003 0.0843228484375 0.27753525625000003 0.076473425 0.27600948281250004 0.0732468203125 0.297666721875 0.257029621875 0.339757459375 0.264770778125 0.34126218750000004 0.2691836015625 0.3281037578125