11 0.225 0.5 0.2953125 0.49583333281249997 0.2921875 0.5166666671875 0.2265625 0.5229166671875001 0.2234375 0.5354166671875 0.275 0.5333333328125 0.2703125 0.55 0.2796875 0.55 0.3046875 0.53125 0.39375 0.5333333328125 0.3890625 0.5229166671875001 0.3140625 0.5125 0.3109375 0.49583333281249997 0.4234375 0.48125 0.4296875 0.25625 0.18125 0.2125 0.175 0.4479166671875 0.2234375 0.4583333328125 0.225 0.5
4 0.015625 0.7729166671875001 0.215625 0.7270833328124999 0.2265625 0.7104166671875001 0.2359375 0.7125 0.24375 0.73125 0.2578125 0.7291666671875 0.38125 0.6895833328125 0.3875 0.6645833328124999 0.5421875 0.61875 0.5421875 0.5125 0.390625 0.5104166671875 0.3859375 0.51875 0.3890625 0.5333333328125 0.228125 0.5604166671875 0.2234375 0.4583333328125 0.2109375 0.45625 0.0125 0.46666666718750005 0.0109375 0.7666666671875 0.015625 0.7729166671875001
4 0 0 0.0015625 0.0479166671875 0.3578125 0.14791666718750002 0.3609375 0.1583333328125 0.38125 0.1729166671875 0.3796875 0.24375 0.384375 0.25 0.4265625 0.2541666671875 0.43125 0.26875 0.4671875 0.275 0.5546875 0.2708333328125 0.5609375 0.08541666718749999 0.5546875 0.08125 0.371875 0 0 0
19 1 0.68125 0.9703125 0.6770833328125 0.965625 0.6875 0.946875 1 1 1 1 0.68125
19 0.7171875 0.6145833328125 0.821875 0.575 0.83125 0.5854166671875001 0.840625 0.5770833328125 0.9125 0.5875 0.946875 0.5833333328125 0.9515625 0.5041666671875 0.8953125 0.4895833328125 0.8109375 0.48541666718750004 0.703125 0.5041666671875 0.7 0.6125 0.7171875 0.6145833328125
19 0.9234375 1 0.9421875 0.6729166671875 0.8984375 0.65625 0.8296875 0.6479166671875001 0.7859375 0.6729166671875 0.78125 0.6833333328125 0.7875 0.6854166671875 0.7875 0.6979166671875 0.775 0.7041666671875 0.75 0.7041666671875 0.7109375 0.6895833328125 0.6765625 0.69375 0.5984375 0.7291666671875 0.5515625 0.7625 0.540625 0.79375 0.5359375 0.9041666671874999 0.540625 0.9229166671875 0.5328125 0.9541666671875 0.5421875 0.9854166671875 0.5625 1 0.9234375 1
9 0.940625 0.6520833328125 0.9125 0.6145833328125 0.840625 0.6083333328125 0.8234375 0.5125 0.809375 0.5 0.8234375 0.61875 0.8359375 0.6479166671875001 0.91875 0.6625 0.940625 0.6520833328125
21 0.865625 0.5854166671875001 0.8875 0.5833333328125 0.83125 0.5729166671875 0.8390625 0.6104166671875 0.8546875 0.6083333328125 0.865625 0.5854166671875001
2 0.9171875 0.61875 0.9453125 0.6125 0.94375 0.5854166671875001 0.8765625 0.5833333328125 0.8625 0.5875 0.85625 0.6083333328125 0.9171875 0.61875
21 0.9984375 0.6666666671875 0.996875 0.6270833328125 0.990625 0.6 0.978125 0.5979166671875 0.96875 0.6770833328125 0.9875 0.68125 0.9984375 0.6666666671875
21 0.7 0.6458333328125 0.7015625 0.6979166671875 0.7109375 0.6958333328124999 0.7125 0.66875 0.79375 0.6833333328125 0.803125 0.6645833328124999 0.8421875 0.65 0.821875 0.61875 0.8203125 0.5770833328125 0.8125 0.575 0.6828125 0.6229166671875 0.6703125 0.6354166671875 0.7 0.6458333328125
3 0.546875 0.0875 0.55625 0.1583333328125 0.5546875 0.2666666671875 0.5453125 0.275 0.5015625 0.275 0.496875 0.3270833328125 0.49375 0.49791666718750005 0.5046875 0.5125 0.55 0.5208333328125 0.55 0.6083333328125 0.5890625 0.5958333328125 0.6078125 0.5708333328124999 0.625 0.5770833328125 0.6734375 0.5645833328125 0.6828125 0.55 0.6828125 0.5291666671875 0.6953125 0.5 0.7328125 0.4770833328125 0.7390625 0.43958333281249995 0.7390625 0.2770833328125 0.734375 0.26875 0.728125 0.27291666718749996 0.721875 0.3166666671875 0.715625 0.3145833328125 0.7078125 0.28958333281250004 0.721875 0.23541666718749998 0.734375 0.2270833328125 0.740625 0.25 0.7484375 0.24583333281250003 0.759375 0.13125 0.759375 0.1145833328125 0.696875 0.0770833328125 0.64375 0.054166667187499996 0.56875 0.0458333328125 0.5609375 0.05625 0.56875 0.0770833328125 0.546875 0.0875