14 0.11875 0.8979166671875 0.16875 0.8791666671874999 0.1640625 0.8416666671874999 0.1578125 0.8333333328125001 0.115625 0.8229166671874999 0.1 0.9145833328125 0.1140625 0.9145833328125 0.11875 0.8979166671875
14 0.0671875 0.1541666671875 0.04375 0.25 0.046875 0.40208333281249997 0.0421875 0.4791666671875 0.05 0.4916666671875 0.059375 0.5854166671875001 0.059375 0.8833333328125 0.0703125 0.8979166671875 0.0875 0.8979166671875 0.096875 0.8875 0.121875 0.7229166671875 0.1015625 0.6479166671875001 0.0984375 0.5833333328125 0.0796875 0.575 0.0765625 0.5291666671875 0.0953125 0.525 0.103125 0.4916666671875 0.1296875 0.49583333281249997 0.15 0.48541666718750004 0.14375 0.3270833328125 0.1140625 0.20208333281250002 0.1140625 0.1854166671875 0.1421875 0.18125 0.1421875 0.1395833328125 0.128125 0.08125 0.109375 0.060416667187499995 0.084375 0.05625 0.0671875 0.0645833328125 0.0546875 0.08333333281250001 0.0671875 0.1541666671875
19 0.1734375 0.5 0.159375 0.5041666671875 0.15 0.4875 0.134375 0.4875 0.1296875 0.49791666718750005 0.1703125 0.5583333328125 0.178125 0.6104166671875 0.2046875 0.6291666671875 0.2484375 0.6291666671875 0.253125 0.60625 0.25625 0.6229166671875 0.26875 0.6208333328125 0.2984375 0.5895833328125 0.3 0.5770833328125 0.21875 0.5479166671875 0.2125 0.54375 0.2125 0.5291666671875 0.278125 0.5145833328125 0.2875 0.47291666718750003 0.3125 0.44375 0.3125 0.3791666671875 0.3203125 0.3395833328125 0.1984375 0.3291666671875 0.1875 0.42083333281249996 0.1765625 0.4479166671875 0.1734375 0.5
19 0.1515625 0.4916666671875 0.159375 0.5041666671875 0.1703125 0.5041666671875 0.178125 0.43958333281249995 0.1875 0.42291666718750004 0.1875 0.39791666718749996 0.1484375 0.39375 0.146875 0.4145833328125 0.159375 0.42083333281249996 0.1515625 0.4916666671875
19 0 0.5041666671875 0.0484375 0.5020833328125 0.05 0.4895833328125 0.0390625 0.48333333281249996 0.0453125 0.39375 0 0.3916666671875 0 0.5041666671875
21 0.6140625 0.75625 0.63125 0.7520833328125 0.6765625 0.6854166671875 0.70625 0.75 0.7140625 0.75 0.715625 0.7 0.7109375 0.6895833328125 0.7 0.675 0.6484375 0.6604166671875 0.6015625 0.7354166671875 0.6 0.7479166671875 0.6140625 0.75625
5 0.734375 0.5229166671875001 0.721875 0.55 0.7203125 0.575 0.728125 0.63125 0.659375 0.63125 0.6640625 0.5875 0.6609375 0.525 0.6515625 0.50625 0.61875 0.5041666671875 0.5796875 0.5333333328125 0.55625 0.5875 0.4875 0.5833333328125 0.4578125 0.5895833328125 0.459375 0.60625 0.49375 0.6125 0.5015625 0.6416666671875 0.521875 0.61875 0.5546875 0.625 0.5625 0.6375 0.5609375 0.65 0.55 0.6583333328125 0.5109375 0.6666666671875 0.5 0.65625 0.496875 0.6708333328125 0.46875 0.6833333328125 0.5125 0.70625 0.5703125 0.7145833328125 0.61875 0.7020833328125 0.65 0.6625 0.7265625 0.6729166671875 0.765625 0.6625 0.7875 0.6229166671875 0.7984375 0.5604166671875 0.809375 0.5354166671875 0.809375 0.5 0.79375 0.46666666718750005 0.7546875 0.4625 0.7359375 0.4770833328125 0.728125 0.50625 0.734375 0.5229166671875001
21 0.7109375 0.5541666671875001 0.7125 0.5625 0.684375 0.6083333328125 0.675 0.5854166671875001 0.665625 0.5791666671875 0.6578125 0.63125 0.7109375 0.6291666671875 0.7265625 0.6020833328124999 0.725 0.55 0.7390625 0.5166666671875 0.684375 0.51875 0.6640625 0.49791666718750005 0.659375 0.5166666671875 0.665625 0.5583333328125 0.7109375 0.5541666671875001
21 0.2140625 0.5458333328125 0.290625 0.5708333328124999 0.3046875 0.5833333328125 0.3390625 0.7020833328125 0.33125 0.7354166671875 0.3390625 0.75 0.3390625 0.7729166671875001 0.34375 0.7791666671875 0.35 0.7604166671875 0.3578125 0.7666666671875 0.4015625 0.9145833328125 0.4171875 0.93125 0.4390625 0.9291666671875 0.38125 0.7354166671875 0.3828125 0.70625 0.425 0.61875 0.4515625 0.5916666671875 0.5625 0.575 0.571875 0.5479166671875 0.45625 0.5333333328125 0.365625 0.5395833328124999 0.3640625 0.5291666671875 0.378125 0.51875 0.4125 0.525 0.4265625 0.5166666671875 0.4546875 0.5166666671875 0.4796875 0.5270833328125 0.5375 0.5083333328124999 0.5 0.5020833328125 0.2609375 0.5166666671875 0.2125 0.5291666671875 0.2140625 0.5458333328125
21 0 0.5458333328125 0.0140625 0.5541666671875001 0.0140625 0.6354166671875 0.0328125 0.6395833328125 0.0546875 0.55625 0.0515625 0.5041666671875 0.0171875 0.5041666671875 0 0.50625 0 0.5458333328125
2 0.4515625 0.5354166671875 0.453125 0.5270833328125 0.4609375 0.5270833328125 0.459375 0.5208333328125 0.4359375 0.51875 0.4046875 0.525 0.3765625 0.5145833328125 0.365625 0.5270833328125 0.3640625 0.5416666671875 0.4515625 0.5354166671875
5 0.496875 0.5041666671875 0.509375 0.49583333281249997 0.5078125 0.4770833328125 0.49375 0.45416666718750004 0.4609375 0.44375 0.44375 0.4583333328125 0.4375 0.5020833328125 0.496875 0.5041666671875
5 0.278125 0.5020833328125 0.28125 0.5145833328125 0.365625 0.5104166671875 0.3734375 0.5041666671875 0.3734375 0.48541666718750004 0.3578125 0.4604166671875 0.3375 0.4479166671875 0.3109375 0.4479166671875 0.296875 0.45625 0.284375 0.4770833328125 0.278125 0.5020833328125
5 0.1109375 0.6854166671875 0.1234375 0.7104166671875001 0.1765625 0.7458333328125 0.2546875 0.7416666671875001 0.3171875 0.7166666671875 0.3078125 0.70625 0.234375 0.675 0.159375 0.6916666671875 0.1765625 0.6354166671875 0.171875 0.56875 0.1453125 0.5145833328125 0.1234375 0.49375 0.1015625 0.4916666671875 0.096875 0.5125 0.1 0.6333333328124999 0.1109375 0.6854166671875
9 0.490625 0.5208333328125 0.4796875 0.5333333328125 0.53125 0.5479166671875 0.5765625 0.5458333328125 0.6140625 0.5083333328124999 0.625 0.46458333281249997 0.6328125 0.4166666671875 0.609375 0.4145833328125 0.5796875 0.41875 0.559375 0.5166666671875 0.490625 0.5208333328125
11 0.5 0.4166666671875 0.56875 0.40833333281249995 0.5921875 0.42083333281249996 0.625 0.4166666671875 0.640625 0.43958333281249995 0.6765625 0.43541666718750005 0.6921875 0.2520833328125 0.671875 0.24583333281250003 0.5140625 0.2541666671875 0.50625 0.2875 0.5 0.4166666671875