14 0.46691294843750003 0.7019640328125 0.454730515625 0.7051702359375 0.41828379687500006 0.798931984375 0.47737740781250004 0.827167815625 0.4802575828125 0.8279395562499999 0.498599609375 0.8010411140624999 0.4699262796875 0.7631625625 0.485994109375 0.7092336390625 0.46691294843750003 0.7019640328125
14 0.61226638125 0.3526828 0.6136750609375 0.268944065625 0.6352381281249999 0.24883996718749998 0.6503359046875 0.1924942921875 0.6447323093749999 0.165110909375 0.6186440578125 0.1538069328125 0.59665014375 0.169481934375 0.5860801437500001 0.22704082187500002 0.5410113109375 0.292610378125 0.48687655 0.4765329484375 0.489678346875 0.49022463906249997 0.4819127390625 0.531280359375 0.44815945937499996 0.6451752421875 0.461049425 0.6675013187500001 0.462547253125 0.6679026609375 0.5111174953125001 0.6577311453125 0.5574866468749999 0.5148642953125 0.5785105078125 0.49677254218750005 0.61226638125 0.3526828
21 0.6193781953124999 0.5495114984375 0.5721603156249999 0.5325458546874999 0.5525373546875 0.5574834531249999 0.5339902125 0.6085912203125 0.5418564015625 0.6516786421874999 0.5544691921875 0.6585630703125 0.5582612078125 0.6595791375 0.5691314249999999 0.6525164875 0.6012618984375 0.6050483609375 0.6004028 0.5659953093750001 0.6193781953124999 0.5495114984375
19 0.628855265625 0.5081055531249999 0.6360790734374999 0.499257040625 0.66518584375 0.5113698265625 0.6673452625 0.47312558437499996 0.6810369546875 0.4703237859375 0.5941474921875 0.4384145234375 0.5885413015625 0.441226 0.5759228359375 0.5003928281250001 0.5676206140625 0.5132660328124999 0.558025853125 0.5128519500000001 0.5483286140625 0.5550077078125 0.5513651046875 0.5558213328125 0.560825059375 0.5567385015624999 0.569344 0.530982415625 0.623677328125 0.5455409859375 0.628855265625 0.5081055531249999
19 0.4582203296875 0.396331284375 0.4488422890625 0.38303431875 0.43611805625000005 0.41844772812500003 0.4190827671875 0.43976503906250003 0.39007398437499996 0.5419902546875 0.3935904265625 0.5507509734375 0.45150824375000004 0.56627000625 0.4734135015625 0.48451847187499997 0.48624349999999994 0.47285848125 0.50694746875 0.41370133124999997 0.4582203296875 0.396331284375
19 0.8164752 0.556490940625 0.846993240625 0.45467013125 0.73390716875 0.4178983328125 0.675894790625 0.561959040625 0.6640400296875 0.5156460609375 0.64463638125 0.497505915625 0.6298662765625 0.5043324046875 0.6254416734375 0.5570674703125 0.6973469031249999 0.57849124375 0.7124420875 0.55234043125 0.7329267421875 0.5362610250000001 0.766238803125 0.5387164875 0.79361959375 0.5633077515625 0.8018108609375 0.5870708484375 0.7999693453125001 0.6111113046875001 0.8228440499999999 0.6172405640624999 0.8366295875 0.620125578125 0.8415908046875 0.595573028125 0.8359872078125001 0.56818964375 0.8164752 0.556490940625
21 0.677605209375 0.7306497249999999 0.6918361078124999 0.7258355812499999 0.6983065828125 0.7016874359374999 0.7117841484375 0.6815736593749999 0.731190390625 0.66951894375 0.7694610749999999 0.6776167171874999 0.77840826875 0.6864845859375001 0.7760347234375 0.7074168515625 0.800613715625 0.718316421875 0.8424473109375 0.6648209390625001 0.8447124968749999 0.6503301171875 0.8675681031250001 0.6435133046875 0.72472769375 0.6030825078125 0.6907706609375001 0.5788859703125 0.617356171875 0.5570577921875 0.5985974953125 0.560658721875 0.599673315625 0.586828890625 0.6278074390625 0.6267197875 0.6569142078125 0.6388325734375 0.668338121875 0.6807164578125 0.64644738125 0.7503397406250001 0.5880067484375 0.8597764921875 0.5933962187499999 0.8698478984375001 0.610431509375 0.8485305859375 0.627252671875 0.8099012953125 0.6368474328125 0.8103153781250001 0.6176449453124999 0.960461515625 0.625529040625 0.9833334953125 0.6260855796875 0.9834826203125001 0.6338159484375 0.960480871875 0.62799563125 0.9459803703125 0.6676853687500001 0.7495599671875001 0.677605209375 0.7306497249999999
5 0.7505530796875 0.6938489875 0.7514173656249999 0.6725123171875 0.73438466875 0.6636347703125 0.729209325 0.6708753421875 0.71454758125 0.671260390625 0.7019317078125 0.7002323578125 0.7227362562499999 0.7252183484375 0.7586075953125 0.7407613140625 0.7629089921875 0.74191386875 0.803482915625 0.731756571875 0.80165116875 0.72048163125 0.75648175625 0.7019080468750001 0.7505530796875 0.6938489875
5 0.7465510328125 0.5337107703124999 0.7123746875 0.552591975 0.702454846875 0.571502215625 0.7053650046875 0.5787524671875001 0.7303748437500001 0.594081134375 0.80033996875 0.6106714078125 0.8028218734375001 0.5832977015624999 0.7940913984375 0.56154695 0.77770626875 0.5442156140625001 0.7465510328125 0.5337107703124999
5 0.557365321875 0.6722800375 0.518663790625 0.65975316875 0.46303532968749994 0.662102171875 0.452256390625 0.641959359375 0.48309691875 0.5510090875 0.4923743796875 0.4801629125 0.48288797812500006 0.4733073890625 0.47674258125 0.47813121093750005 0.45571353437499995 0.556612684375 0.443092475 0.6459743718750001 0.4463251203125 0.6640951609375 0.4555948015625 0.683833565625 0.4733818 0.6966876734375 0.501114478125 0.704118621875 0.5807549468750001 0.7238406015625001 0.58442103125 0.716195625 0.5752597109375001 0.6900157765625 0.557365321875 0.6722800375
5 0.866579896875 0.8524605781249999 0.9366715343750001 0.6512453875 0.9055163 0.6407405421875 0.8511803796875 0.65637683125 0.8249811749999999 0.68170915625 0.8095609109374999 0.7271842921875 0.8146227078124999 0.7867748812500001 0.7477844609375001 0.764551978125 0.7401298046875 0.7689713953124999 0.7384038265624999 0.781449871875 0.7601784265625 0.8088526125 0.7949068171875 0.83460385 0.8525652328125 0.8500533765625 0.8559093156250001 0.8258763265625 0.8658265640625 0.8371609453125 0.8605428609375 0.8508429578125 0.866579896875 0.8524605781249999