14 0.4250091453125 0.78051075625 0.436349234375 0.8259933687500001 0.4496124484375 0.8267123109375 0.4932050453125 0.8077917875 0.48692537187499996 0.7503119125 0.5090290328125 0.754194465625 0.521636771875 0.7926512921875 0.5633342609375 0.774203271875 0.56275265 0.6951735390625 0.5495072640625 0.666269309375 0.526146140625 0.6533066640625 0.49020020156250005 0.565648965625 0.47636046875 0.47784734999999995 0.45682522187499996 0.4075691234375 0.44357219531250003 0.3907443015625 0.370956071875 0.361881465625 0.3652809328125 0.3471930984375 0.36908133906249996 0.3301422140625 0.3634316703125 0.2751891515625 0.3520864875 0.237759478125 0.3400960171875 0.22196180937499999 0.32052256562500003 0.2120806265625 0.29588614999999996 0.21822317343750003 0.2838753046875 0.2346372640625 0.2800723515625 0.25571461875 0.2869871234375 0.307668365625 0.30402782031250003 0.3275746484375 0.3115878796875 0.357896390625 0.295779175 0.38733489374999996 0.24522086562499998 0.4348310625 0.24329773906250002 0.47959473125 0.262797328125 0.60624353125 0.282332575 0.6765217578125 0.3371837578125 0.8319308703124999 0.34727911875 0.8482010421874999 0.3655900140625 0.8570550703125001 0.37128043437499997 0.8475846203125 0.3580299546875 0.8267333296875 0.355515028125 0.80857314375 0.35867778906250003 0.8010748546875 0.3725633671875 0.8164000187499999 0.3763561328125 0.8114285421874999 0.3586981640625 0.7688630984375 0.38838480625 0.766829165625 0.41869636093749996 0.7753749859375 0.4250091453125 0.78051075625
15 0.6159284406250001 0.40386435781249996 0.4959116734375 0.42305234062499997 0.4945574234375 0.5669780890625 0.5084277203124999 0.6064620703125 0.6418969890625 0.5982788125 0.65168996875 0.5958371484375 0.6543409125 0.5861851640625 0.6423810078125001 0.5220698609375 0.643717428125 0.4063294 0.6159284406250001 0.40386435781249996
19 0.4939251515625 0.5014699 0.493379146875 0.4992799953125 0.4895504953125 0.494419490625 0.48170252968750005 0.49765851093749996 0.49272061562499997 0.5418496421875 0.4939251515625 0.5014699
19 1 0.540193875 0.991738890625 0.4934739515625 0.9791260562499999 0.4630700640625 0.8464888140625 0.4639335671875 0.8261885703124999 0.6045314125 0.81480518125 0.6274987828125 0.7914338703125 0.6306420171875 0.74786165 0.617350784375 0.6985913671875 0.6256094109375 0.6991296796875 0.7730891265625 0.7079675765625 0.7802792046875 0.9997022703124999 0.8846782937500001 1 0.8846078484375001 1 0.540193875
15 0.679534990625 0.5471601203125 0.6586582296875 0.6006752953125 0.691512725 0.5830901359375 0.702227903125 0.617992996875 0.7458103125 0.61517835 0.783067203125 0.62736028125 0.8115402125 0.6268366921874999 0.8121950765625 0.6266734171875 0.8254023374999999 0.5993596640625001 0.838078846875 0.5291018140625 0.84692530625 0.41239999843749997 0.8394904671875001 0.38258048906250003 0.7459376640625 0.4138548734375 0.716251021875 0.41588880625 0.69162479375 0.4059254765625 0.679534990625 0.5471601203125
19 0.6597760218750001 0.5809383984375 0.6616711296875 0.5804658953125 0.6776114375 0.5426745203125 0.6845873390625 0.497992996875 0.68293253125 0.4780348640625 0.68042801875 0.467989815625 0.6441804234374999 0.47317700625 0.6435198546875001 0.5189678296875 0.6542197515625 0.5780295078125001 0.6597760218750001 0.5809383984375
9 0.4114357734375 0.92063915625 0.4139507 0.9387993421875 0.42215859218749996 0.9434626078124999 0.576881665625 0.9746669453125 0.5869897625 0.9708047687500001 0.7026627171875 0.8292408953124999 0.6969977671875001 0.79844665 0.6965005343749999 0.6164162015625 0.6892095484375 0.5871736578125 0.5644394828125 0.6744895984375 0.5637279734375 0.8008098125 0.541621765625 0.8009537281249999 0.4114357734375 0.92063915625
19 0.5299681140625 0.6520853515625 0.5608171640624999 0.6732456328125 0.563025828125 0.67269495 0.63609675625 0.621598675 0.6483682890625 0.604211803125 0.6482338765625 0.6036727015625 0.58494919375 0.6021445187500001 0.5155617703125001 0.614084421875 0.5157553218750001 0.6148607140625 0.5299681140625 0.6520853515625
19 0.128958753125 0.75891213125 0.0581969859375 0.7940003046874999 0.103494340625 0.9756780718750001 0.121866925 0.971097271875 0.358256265625 0.861549171875 0.358008559375 0.860555675 0.34301690625000003 0.8464456468750001 0.31842124374999997 0.7881646828125 0.27051030468750004 0.644444621875 0.2522478015625 0.5590876703125 0.181499459375 0.5729697687499999 0.1765419546875 0.5742058140624999 0.19851654531250001 0.63018800625 0.24521332031249998 0.6963779921875 0.2508808171875 0.7231457671875 0.128958753125 0.75891213125
15 0 0.5605849453125 0.056621973437499994 0.787683275 0.07112816562499999 0.784066475 0.132055965625 0.75518763125 0.241972278125 0.7277824171875 0.25033774062499997 0.7193529328125 0.2460937984375 0.7023314093749999 0.1965584359375 0.630407828125 0.14736456250000002 0.51787236875 0.09935174218750001 0.5352110890625 0 0.5533864890625 0 0.5605849453125
21 0.5484748890625 1 0.870738034375 0.9196507734375 0.9930996515625001 0.8888754453125 0.9930030500000001 0.8884879968750001 0.7044608625000001 0.782361278125 0.6993978984375 0.7983850078125 0.7056903078125 0.8357325343750001 0.5855971296875 0.975714603125 0.4125606125 0.9396827078125 0.40941568281249996 0.918995709375 0.419528871875 0.9070805937499999 0.5433918921875 0.798365275 0.56170788125 0.7991663640625 0.561088065625 0.780533675 0.10494335156250001 0.9814897390624999 0.11377615625 0.9967327562499999 0.150408134375 0.9983349374999999 0.2116816234375 0.98574163125 0.22936251406250002 0.9920688468750001 0.260964640625 0.95735065625 0.3216081234375 0.9422305375000001 0.335493703125 0.9575557 0.33360878125000004 0.9419223265625 0.3596182 1 0.5484748890625 1
2 0.360996665625 1 0.3575175515625 0.9877602718749999 0.33228424375 0.9390319046875 0.2748009734375 0.950680203125 0.2406788265625 0.9752911484375 0.23308820312499998 0.9932870406250001 0.20909198125 0.9858505234375 0.1478184921875 0.9984438296875 0.11497673125 0.9958966406249999 0.11324594531250001 1 0.360996665625 1
3 0.7277978093749999 0 0.7445463734375 0.067174828125 0.8030858921874999 0.382697715625 0.80750356875 0.3883059875 0.8390904140625001 0.3777466140625 0.8479283125 0.38493669375 0.8459924515624999 0.44983270937500003 0.8516701359375001 0.46049460781249996 0.9678864984375 0.458357509375 0.9849348375 0.466184384375 1 0.5365119015625 1 0.43860772031249995 0.8906428140625 0 0.7277978093749999 0
4 0 0.2577432359375 0.16961730625 0.23615189062500003 0.2637274609375 0.2341587109375 0.2952175203125 0.37660517968749996 0.3072309125 0.3561646203125 0.300300859375 0.328369690625 0.2851552703125 0.307990903125 0.2782455921875 0.24798421875 0.2858387625 0.22596185625 0.30037472187500003 0.211602075 0.33069136875 0.2120949546875 0.35782997499999997 0.24424494062500002 0.3691649703125 0.29778049218749997 0.372289525 0.3506792453125 0.3899627734375 0.36908587187499997 0.41206643437499996 0.372968425 0.3641098296875 0.16165256875 0.36075281875 0.148188334375 0 0.177457678125 0 0.2577432359375