14 0.523930978125 0.2205211875 0.50791465625 0.2182897859375 0.4848782640625 0.235811153125 0.48070600625 0.25311527031250003 0.48268218906250004 0.294852203125 0.496529921875 0.34352740625 0.45846529843750006 0.3796858359375 0.44834352187500004 0.39981944375 0.4627605328125 0.54287879375 0.432395203125 0.603279615625 0.4400120375 0.6653137499999999 0.5115502125 0.683816690625 0.611842875 0.6893436203125 0.6181324421875 0.688571359375 0.62710253125 0.6633317140625 0.6397567375000001 0.5484331171875 0.6224919140625 0.4078224125 0.606022775 0.3762609078125 0.5505558953125 0.334794871875 0.54429099375 0.245308015625 0.523930978125 0.2205211875
19 1 0.7180815875000001 0.9829759125 0.715401865625 0.9696359671874999 0.6708622703125 0.9780079703125001 0.6236567843749999 0.9101067765625 0.5963113625 0.9143065203124999 0.566409996875 0.9573875453125 0.4813591171875 0.9561180734375 0.47102009375 0.8656882749999999 0.465331646875 0.85582039375 0.4875330578125 0.853171503125 0.5172440046875 0.8594364046875 0.606730859375 0.8446895546875 0.61483848125 0.6824402 0.6011765375 0.6793659796875 0.58896013125 0.6924455140625 0.5159888859375 0.6894262671875 0.47857798437500004 0.6424203640624999 0.4675577546875 0.63257996875 0.4771619171875 0.6391262515625 0.5561193296875 0.620495040625 0.6864446609375 0.63800724375 0.7136801375 0.606907715625 0.755280296875 0.6193760312500001 0.84400546875 0.628653665625 0.8554601921874999 0.65860018125 0.8685750531249999 0.6450678296875 0.9122161921874999 0.6522722921875 0.9834839921875 1 0.9407883968749999 1 0.7180815875000001
15 1 0.47959688125 0.9924054359375001 0.4203870328125 0.9413162500000001 0.5043222109375 0.90728645 0.5861627625 0.9121654187500001 0.6002565515625 0.9762032218750001 0.6217794015625 0.969155665625 0.6541294140625 0.9762647109374999 0.7120279390625 0.9889152875 0.7201824218749999 0.9936260046875001 0.71960401875 1 0.7174599015625 1 0.47959688125
15 0.2773880765625 0.571674234375 0.39636715625 0.5646742390624999 0.4088240109375 0.5631447296875 0.4332560671875 0.4307952828125 0.318012615625 0.4281535671875 0.30738305 0.444151565625 0.2773880765625 0.571674234375
15 0.70324425 0.43726312500000003 0.693149959375 0.444799484375 0.689231596875 0.464171409375 0.692731146875 0.5183151671874999 0.6793702296874999 0.6018158546875 0.860229825 0.61319275 0.8545001984375 0.5152442546875 0.8660288796875 0.44246343125000004 0.8495047687499999 0.43609642343750005 0.70324425 0.43726312500000003
19 0.30314731875 0.4609387328125 0.2915296625 0.456068265625 0.125560865625 0.48904054375 0.14266830625 0.6666650749999999 0.2325975140625 0.65562315625 0.223044734375 0.5778220125 0.27681681406249997 0.5670216734375 0.30207676875 0.47786201093749997 0.30314731875 0.4609387328125
21 0.6396215703125 0.71400666875 0.6365473500000001 0.7017902625 0.43710500156250004 0.68010116875 0.44660904375 0.7062209453125 0.4457649 0.737809275 0.439534 0.75116820625 0.259662496875 0.7606597765625 0.251146546875 0.7554084671875 0.24606865625 0.7140523765625 0.16254898281250002 0.7390001546875 0.1452631890625 0.7264297328125 0.09851117968749999 0.71747730625 0.09543695937499999 0.7052609000000001 0.106066525 0.6892629015625 0.09210884531249999 0.6909766890625 0.023308534375000002 0.72041409375 0.0349876796875 0.8155330984375 0.204682434375 0.8513696312500001 0.2073653265625 0.9245044703125 0.21458431875 0.93201400625 0.233729834375 0.921267315625 0.2209526515625 0.8556688359375 0.33202384375 0.8756146687499999 0.3627870171875 0.869738446875 0.4529354328125 0.8859563375 0.5774774890625001 0.7720124937499999 0.5883334625 0.7706795468750001 0.6059203921874999 0.9907495234375 0.6245297734374999 0.9884645796875 0.604658653125 0.74978425625 0.6396215703125 0.71400666875
9 0.22776076875 0.5777677015625 0.22409629999999997 0.5992074296875 0.2550099359375 0.7612310390625 0.4210213203125 0.7568521171875 0.4304863734375 0.7556899546875 0.4465265828125 0.7440126874999999 0.424410278125 0.5767109453125 0.41668349843749997 0.565065803125 0.22776076875 0.5777677015625
9 0.2207662 0.67465480625 0.20085900156249997 0.6791980828125 0.17325250781249998 0.659498965625 0.16394738749999999 0.660641490625 0.10135049062499998 0.6893172109375 0.0935687375 0.7028665625 0.0950921046875 0.715273390625 0.128140328125 0.728007409375 0.1418441140625 0.7242258171875 0.1648412359375 0.73950581875 0.1691060828125 0.7389821609375 0.2442004359375 0.7116580421875 0.23416111874999998 0.69399990625 0.2357394578125 0.6812122375 0.2207662 0.67465480625
16 0.3346741609375 0.3715343375 0.37601192499999997 0.3748546140625 0.3853445328125 0.361114840625 0.3993022125 0.359401053125 0.3911435875 0.19038552343749998 0.38006120625 0.17705341562500002 0.3395126109375 0.16733930625 0.278549028125 0.15803286249999998 0.2506336671875 0.1614604375 0.24364108281250002 0.16861595468749999 0.2650846796875 0.40736557500000004 0.27822570468749996 0.4246428703125 0.29221087031250004 0.410331834375 0.30393513125 0.442213565625 0.30880131718750004 0.4416160734375 0.3271188140625 0.3997487421875 0.3438968203125 0.40818355625 0.3442056890625 0.3850568640625 0.3346741609375 0.3715343375
7 0.6056099171875 0.1805818265625 0.5779484515625 0.18607720781249998 0.5673188859375 0.2020752046875 0.5832592640625001 0.3575413828125 0.63252273125 0.399769103125 0.6345538859375 0.41631153750000005 0.6627231421875 0.41495176875000006 0.6738604953125 0.40308937812499995 0.6544480546875 0.18088219375 0.6056099171875 0.1805818265625
4 0.7993501265625 0.091725178125 0.710951484375 0.1025791671875 0.5664407406249999 0.13081775 0.5704480796875 0.189097115625 0.6528972015625001 0.18107261562500002 0.6584004203125 0.2643560578125 0.6653655171875 0.2697977875 0.7478146390625 0.2617732875 0.7489401640625 0.2196555125 0.76098315 0.2664533328125 0.9718992078124999 0.2405560984375 0.9515876499999999 0.07513173906250001 0.8094169296875 0.0967860671875 0.7993501265625 0.091725178125
10 0.750807434375 0.3747506734375 0.7522377703124999 0.37457505 0.7462955234375 0.262222184375 0.6604908 0.26855972031249997 0.671380775 0.3700725625 0.750807434375 0.3747506734375
18 0.8808771765625 0.35825537343749997 0.907104421875 0.358708284375 0.9106423124999999 0.3582738859375 0.8908000312500001 0.310859465625 0.8845966187500001 0.31162115 0.8881786265624999 0.3279731640625 0.8808771765625 0.35825537343749997