5 0.8427353828124999 1 0.8464885390625 0.9849469093750001 0.961564678125 0.7155479359375 0.9710987531249999 0.6773088515625 0.9838286625 0.6238527015625001 0.9628146890625 0.6186133296875 0.9530077671875 0.6344186390625 0.87468339375 0.6256257375 0.8633127406250001 0.622790715625 0.8588823296875001 0.6082666421875 0.82413781875 0.5982619171875 0.7068422859375 0.88705778125 0.651868846875 0.84919635625 0.49461301874999997 0.8703755921875 0.48641785937500004 0.89517120625 0.493373384375 0.9076409734374999 0.46745808125000005 1 0.5011465921875 1 0.5136226875000001 0.9677094281249999 0.5306863093749999 0.9840413703124999 0.5277505375 1 0.8427353828124999 1
21 0.8119881718749999 0.9401124921875 0.8141540140625001 0.9406524968750001 0.8227444921875 0.9417207875000001 0.868469890625 0.8176655 0.869093928125 0.8151626249999999 0.849824515625 0.816962003125 0.8365791296875 0.845866234375 0.8113687453124999 0.9308328265625001 0.8119881718749999 0.9401124921875
21 0.8370186125 0.6919205421875 0.8543799109375 0.6962492 0.9180901296874999 0.70019063125 0.926298021875 0.6955273640625 0.9313421375000001 0.681755221875 0.9322421437499999 0.6781454921875001 0.9136495296874999 0.6695606796875 0.8460658046875 0.6661296125 0.8378691187499999 0.6885093453125 0.8370186125 0.6919205421875
21 0.48653037499999996 0.573803471875 0.45052330625000003 0.5648259015625 0.42082138281250003 0.5386331531249999 0.4056426828125 0.5066678375 0.4074995859375 0.4467432984375 0.09481426875 0.3808595953125 0.10429490625 0.391275053125 0.09422501562499999 0.44780991875 0.1005530828125 0.4668329671875 0.44875045468749997 0.7576239359375 0.38636213750000004 0.9795930171875 0.4235710609375 0.9914199390625 0.4255664265625 0.9919174390625001 0.4891853859375 0.7770991109375001 0.508128834375 0.7697447390625001 0.7557122406250001 0.7616930843749999 0.8075966765624999 0.629081990625 0.8100263953125 0.6193369203125 0.5667040109375 0.5105924265625 0.547145840625 0.544632425 0.52126215 0.56367585 0.48653037499999996 0.573803471875
5 0 0.8874221453125 0.196348378125 0.9363772953125 0.2564864734375 0.951103015625 0.26720165156250003 0.9162001562500001 0.2810923234375 0.9089279296875 0.2858199078125 0.8940033109375 0.28978158125000003 0.8781139078125 0.18561773125 0.7469031234375 0.045397506250000004 0.7401231359375 0.088202184375 0.5119293609375 0.10328664375 0.39491530468749997 0.087488128125 0.381582678125 0.060326598437500004 0.3774944390625 0.052121253125 0.3861841734375 0.019894214062500002 0.3620457328125 0.009812096874999999 0.3992535453125 0.007460078125 0.408686978125 0.0452064796875 0.438137921875 0.04017408125 0.4704318234375 0.0005274 0.436492434375 0 0.43860772031249995 0 0.8874221453125
3 0.28065644375 0 0.20164109843750003 0.31691324062500004 0.2035438484375 0.3294651515625 0.28692863750000003 0.350255315625 0.3058746328125 0.34692741250000003 0.3109325015625 0.35489820625 0.29834004375 0.41751385 0.41457168749999995 0.4438097640625 0.43538732031249994 0.4006896703125 0.4644490515625 0.413303353125 0.45941919999999997 0.44962372500000003 0.5687080546875001 0.483582221875 0.6651395625000001 0.16140353125 0.6834300828125001 0.12033774374999999 0.6926637718750001 0.114789584375 0.693530028125 0.1113152171875 0.696048009375 0.0979867953125 0.5332862546875 0 0.28065644375 0
5 0.193819696875 0.38340233125 0.2929953609375 0.4054457125 0.292901625 0.40703267500000007 0.3061889765625 0.3537400171875 0.1969442515625 0.330503578125 0.195674053125 0.3194513234375 0.182408290625 0.316143796875 0.1641356015625 0.38539486875 0.1654032515625 0.3924206546875 0.1780364625 0.3942285234375 0.193819696875 0.38340233125
5 0.25528803125 0.7040205562499999 0.22810867343750002 0.67174703125 0.24260388125 0.621683296875 0.27418308593749996 0.6201632640625 0.27417799062500003 0.612110325 0.14273453593750002 0.501504990625 0.07718600625000001 0.7200022515625 0.092979428125 0.7252819406250001 0.10622481406249999 0.6963777078125 0.1359369265625 0.7386763359375 0.1454124703125 0.7410388546875 0.15488546875 0.739374903125 0.1605555125 0.7166335968750001 0.16876340625 0.7119703312500001 0.192764721875 0.7125867515625 0.195930028125 0.7241115109375 0.20730068125 0.7269465328125 0.2192911515625 0.7111488640625 0.2388722453125 0.7133470890625 0.2584660734375 0.7356776640625 0.247125984375 0.781160275 0.2569838625 0.78885170625 0.25745763906249997 0.78896983125 0.26607707187499996 0.7858853125 0.297837471875 0.6714187015624999 0.30512032968749997 0.64220875625 0.289346503125 0.6279697640624999 0.2691812515625 0.7007748015625 0.2641335703125 0.7089098875000001 0.25528803125 0.7040205562499999
5 0.69203336875 0.49111502968750004 0.6876029578125 0.47659095625000003 0.670549525 0.4763648921875 0.6503817265625 0.5451434609375 0.771474771875 0.5998929390625001 0.776398675 0.6011206062500001 0.7993422078125 0.5330149343749999 0.80230223125 0.5211429296875 0.7867888093750001 0.514740215625 0.7785834640625 0.5234299515624999 0.7653177015625 0.520122425 0.69203336875 0.49111502968750004
5 0.56009021875 0.8386592671875001 0.4843036953125 0.8479444062500001 0.4760907078125 0.8445547343750001 0.4956310484375 0.7823294468750001 0.491838284375 0.77735796875 0.4722953953125 0.8355567875000001 0.46537552968749996 0.8794575953124999 0.470423209375 0.8713225093749999 0.5007347640625001 0.8627766906250001 0.5891544984375 0.8552994187499999 0.600517509375 0.8460550328125 0.60807756875 0.8157332921875 0.614390353125 0.810597521875 0.6800738765625 0.805503146875 0.683866640625 0.8104746234375 0.6725265515625 0.855957234375 0.6921152859374999 0.8702348687500001 0.7079929390624999 0.80897509375 0.7181731921875001 0.7681443265625 0.555626696875 0.7717910906250001 0.5499439171875 0.7744000484375 0.5714303078125 0.7931766546875 0.56009021875 0.8386592671875001
15 0.9271037015625 0.62125030625 0.9321952859374999 0.6008290734374999 0.9277722562499999 0.5798167046875 0.8054671000000001 0.537513490625 0.80267945 0.5368184515625 0.80145034375 0.577843903125 0.923002553125 0.6280110546875 0.92472710625 0.628441034375 0.9271037015625 0.62125030625
15 0.8009183484375001 0.5750273703125 0.7984958609375 0.5501341765625 0.7902981546875 0.5709033203125 0.7962055109375 0.573852328125 0.8009183484375001 0.5750273703125
8 0.7750400015625 0.11379007187500001 0.743514284375 0.199865965625 0.66347309375 0.472453428125 0.661666371875 0.4952186078125 0.6618582843749999 0.49526645625 0.774415090625 0.1243698234375 0.7971436609375 0.10990752031249999 0.87735805 0.11111998593750001 0.937371528125 0.1287669171875 0.9466734671875001 0.12294501718749999 0.9510673484375 0.105322125 0.9068401390625 0.08935049218749999 0.9022918953125 0.0882164875 0.8906085296875 0.09026869374999999 0.8811431734375 0.10401205468750001 0.7971385671875 0.10185458124999999 0.7750400015625 0.11379007187500001
15 0.7683356125 0.4983302015625 0.7696134515625 0.521461865625 0.8024552125 0.518914678125 0.8043605093749999 0.535493059375 0.807455928125 0.5363990281250001 0.8352406796875 0.54332654375 0.832761671875 0.50231591875 0.8131856734375 0.508170634375 0.7727532890625 0.49272192812500004 0.7683356125 0.4983302015625
15 0.6967419890625 0.4794958125 0.6962026078125 0.4921545375 0.730316859375 0.5042834265625 0.7338228109375 0.505157559375 0.7338433546875 0.5050751625000001 0.7189286312500001 0.473665765625 0.69724599375 0.4774743640625 0.6967419890625 0.4794958125
15 0.7460313171874999 0.5345036000000001 0.701809740625 0.519720478125 0.69871925 0.51894993125 0.7030840078125 0.5372150828125 0.747305584375 0.5519982046874999 0.750396075 0.55276875 0.7460313171874999 0.5345036000000001