19 0.20799781093749997 0.5991432984375 0.2098870484375 0.5721259390625 0.22283246874999998 0.5437932812499999 0.3255609359375 0.553065175 0.33973450625 0.55196786875 0.3408971140625 0.5353418 0.40806627500000003 0.5379503046874999 0.41481681249999997 0.486211834375 0.393034990625 0.4617160734375 0.26482601093749997 0.4360434625 0.189427403125 0.4391247625 0.159772328125 0.46002370312499996 0.1556926875 0.69677416875 0.1996387796875 0.699847178125 0.213426171875 0.6559102421875 0.33485896406250004 0.6664900703125001 0.3418859109375 0.7003961734375 0.3481349296875 0.611031059375 0.21550062812499998 0.6038447875 0.20799781093749997 0.5991432984375
15 0.2448351828125 0.6043297437499999 0.3466488984375 0.6098829375 0.33980716875 0.5509287406250001 0.2246091515625 0.5407848890625 0.2082556921875 0.5730560734375 0.21085003750000003 0.601953271875 0.2448351828125 0.6043297437499999
21 0.4289622609375 0.7767082875 0.37110537187500003 0.7977235874999999 0.38105308125000004 0.7002634296875 0.413204346875 0.7108653484375 0.44122094375 0.7357970859375 0.4419475734375 0.7254057953124999 0.4292272625 0.70572051875 0.38489709843750003 0.690090128125 0.387367640625 0.6547597328125 0.5073870640625 0.663152309375 0.5070565203124999 0.6902786625 0.5147046640624999 0.6929018953125 0.519856615625 0.6640242656249999 0.5899978375 0.6689290171875 0.58966729375 0.6960553703125 0.5973154375 0.6986786031250001 0.6039861906249999 0.6928798046875 0.606747384375 0.65339289375 0.635094525 0.6511982796875 0.6312903984375 0.6384017453124999 0.5403190953125 0.5505920078125001 0.5061731578125 0.5461158687500001 0.50413859375 0.5752114875000001 0.5681504734375 0.600571840625 0.5688372125 0.6131503859375 0.4951426234375 0.6142624203125 0.4345387828125 0.5849635390625 0.4330598734375 0.5389148703125 0.344214325 0.5327021843749999 0.3385209609375 0.546923009375 0.34804409999999997 0.612329971875 0.33722443593749996 0.7222596796875 0.353102025 0.719193109375 0.357501696875 0.6338755171875 0.369825921875 0.63682573125 0.35090789375 0.840168075 0.3455051828125 0.850232384375 0.34907155 0.8622291359375 0.3518966828125 0.8624266875 0.37000830625000003 0.858211071875 0.3663893984375 0.8203664421875001 0.37179210937499996 0.8103021328125 0.4346157328125 0.7854573 0.4351970359375 0.7771442656249999 0.4289622609375 0.7767082875
19 0.9662575421874999 1 0.9900624656250001 0.65957374375 0.9016528953125 0.64712628125 0.8644294625000001 0.61946231875 0.813864521875 0.60339595 0.8131777828125 0.5908174046875 0.8332299359374999 0.550451175 0.79121074375 0.5913697390625 0.733724290625 0.562288846875 0.75007775 0.5300176640625 0.7909742265624999 0.482755328125 0.7918461812500001 0.47028577812499994 0.642647553125 0.45358753125 0.6192386609375 0.6315547968749999 0.6323949484375 0.645005296875 0.6220255046875 0.6588991390625 0.621008221875 0.6734469484375001 0.6340191843749999 0.6889757078125001 0.63343788125 0.6972887421875 0.46324960156249995 0.689564859375 0.4452320140625 0.7008354703124999 0.427371159375 0.8666601671875 0.4345434328125 0.8984880109375 0.432759628125 0.9463969499999999 0.44330005000000006 0.9972561015625001 0.48253962499999997 1 0.9662575421874999 1
9 0.437383684375 0.5890782640625 0.49675218593750003 0.615680234375 0.5018321218749999 0.616035459375 0.572118090625 0.6110303359375 0.5712860281250001 0.6005300484375 0.505715453125 0.5750607015625 0.497936225 0.4847146390625 0.43178434687499995 0.467558325 0.437383684375 0.5890782640625
15 0.7848306421875 0.5930120203125 0.8021216000000001 0.5921327015625 0.8305086328125 0.5669682484375 0.8829371625 0.48918600312500005 0.8829770546875 0.466216165625 0.816825175 0.4490598515625 0.753631115625 0.5240008765625 0.7335789640625 0.5643671078125 0.7848306421875 0.5930120203125
15 1 0.49319499218749996 0.9596038109375 0.49037021562499994 0.896714646875 0.47135363437500005 0.8468620937500001 0.5346970640625 0.8107471343749999 0.6031779609375 0.8658428296875 0.6216495703125 0.9094463640624999 0.6476712546875001 0.92978916875 0.603148509375 0.9483225187500001 0.539703446875 0.9598146796875 0.532153375 0.9829044343750001 0.537944809375 1 0.5125820625 1 0.49319499218749996
15 0.9095735250000001 0.6458527796875 0.97519218125 0.653834965625 0.99038945 0.6548976609375 0.9980372296875 0.5455293125 0.9566791265625 0.5321951687500001 0.945186965625 0.5397452406250001 0.932201653125 0.5910477359375 0.9095735250000001 0.6458527796875
19 0.882940721875 0.4667357296875 0.8848955015625 0.48357978749999997 0.8934156015625 0.4737334671875 0.9105612328125 0.47493240625000005 0.9712004609375 0.49065902812499995 0.9764740359375 0.49102779218750003 0.9743223546875001 0.4814794390625 0.934998815625 0.43904967656249994 0.885556590625 0.42932707812500004 0.8580415125 0.44202198125000003 0.844264028125 0.4598543515625 0.882940721875 0.4667357296875
3 0.0338354 0 0 0.5036024453125 0 0.5365206812500001 0.0367156625 0.5174650453125 0.0439677203125 0.503353215625 0.041115334375 0.43214745624999995 0.058198259375000005 0.14305154375 0.064407384375 0.07665626875 0.080259325 0.00675844375 0.0739625 0 0.0338354 0
3 0.0338354 0 0 0.5036024453125 0 0.5365206812500001 0.0367156625 0.5174650453125 0.04382239375 0.5054314718749999 0.040243378125 0.44461700625 0.05223989375 0.2282601390625 0.06640205625 0.0705304875 0.080259325 0.00675844375 0.07321305624999999 0 0.0338354 0