4 0.1540738296875 0.8145235078124999 0.167309871875 0.8371253296875001 0.1769721453125 0.840774484375 0.1824910484375 0.8395003453125 0.2892226390625 0.8025651484375 0.29812172812500004 0.785543696875 0.2731668734375 0.6843983015624999 0.254651359375 0.5625230640625001 0.18950928281249999 0.280361734375 0.16690550312500002 0.2727514265625 0.0528380203125 0.2926715796875 0.039371571875 0.3107474890625 0.1540738296875 0.8145235078124999
7 0.155011125 0.8185833828125 0.175918140625 0.8410178203124999 0.1810954671875 0.8398225406250001 0.2907450921875 0.8022136625 0.2985903765625 0.7875736343749999 0.27457281875 0.6904881140625 0.254651359375 0.5625230640625001 0.1890406359375 0.2783317953125 0.16386059687500001 0.2734543984375 0.0543604734375 0.29232009375 0.039371571875 0.3107474890625 0.155011125 0.8185833828125
4 0.557864321875 0.604772846875 0.59662731875 0.5851330375 0.586785709375 0.542504346875 0.589947125 0.535360075 0.6513139015625 0.523330571875 0.66969985 0.5126714406249999 0.6749714874999999 0.52855945625 0.7132684484375 0.534684840625 0.7174862796875 0.5529542796875 0.88917135625 0.5047651234375 0.9335581296875001 0.5094845625 0.9488991703125 0.4995284046875 0.9350727484375 0.4257476765625 0.9280456390625 0.4230937453125 0.7893832749999999 0.4337251390625 0.5748338796875 0.4768433703125 0.5400504734375 0.47204495 0.4888722203125 0.4795841140625 0.37164332187500004 0.5066485375 0.3664908046875 0.5121143578125 0.39273770625000004 0.6535859984375 0.3880538375 0.6610817546875001 0.2773834 0.688770171875 0.29659796875 0.771997615625 0.404340009375 0.738570871875 0.4221278703125 0.750500221875 0.45178850937500004 0.7436525234375 0.5844581390625 0.6991254578125 0.5863301187500001 0.679450075 0.57133338125 0.6144920703125 0.557864321875 0.604772846875
13 0.30014594843750003 0.5164733406249999 0.28972179531250003 0.5060511437499999 0.2486155578125 0.5155412671875 0.2445168453125 0.5186256640625 0.27832700625 0.6858796578125 0.2856468640625 0.6841897343750001 0.3946702265625 0.6550107078125 0.3644411234375 0.5101821640625 0.34488225 0.5018688859375 0.30014594843750003 0.5164733406249999
4 0.8275336937500001 0.1266477921875 0.7088988515625 0.147622403125 0.386485684375 0.1750184078125 0.3090735875 0.180061596875 0.29009987187499997 0.1673369578125 0.038071690625 0.18703584374999999 0.061035443749999994 0.2865027875 0.1861122375 0.27259346875 0.215168415625 0.3984496015625 0.22266417343749997 0.4031334703125 0.3362630078125 0.38118338125 0.34746666249999997 0.377089584375 0.36927493125 0.37606130000000004 0.3819354359375 0.37447390625 0.3951700359375 0.3654454875 0.44939319375000003 0.35720335312499996 0.45817577500000006 0.3466232 0.4701223828125 0.356693909375 0.5441374328124999 0.3438824546875 0.5498751078125 0.334005275 0.537920665625 0.240549165625 0.7041036968750001 0.2171497234375 0.71113080625 0.21980365625 0.6962584125 0.23178975156249998 0.7093805578125 0.28862800625 0.718867415625 0.2949903265625 0.710084834375 0.305570478125 0.7308244687500001 0.41624156875 0.7813010546875 0.4195550671875 0.8495777671875 0.4096720125 0.85985434375 0.407299478125 0.8720630921874999 0.40287726562500004 0.874755859375 0.3937030578125 0.834327784375 0.1421843203125 0.8275336937500001 0.1266477921875
10 0.2424085828125 0.516439725 0.2581017625 0.5149548046875 0.25892255 0.5254559765625 0.32296820312499996 0.5120062078125 0.36124058125 0.5031703328125 0.338664828125 0.391586809375 0.2952153515625 0.3909272453125 0.21815539374999998 0.4044416703125 0.2424085828125 0.516439725
6 0.366489534375 0.4990185828125 0.3794359375 0.555095609375 0.4191148765625 0.5459350046875 0.800979084375 0.450023971875 0.8016807515625001 0.4391713109375 0.879384825 0.4206992703125 0.878260409375 0.4158288875 0.874304571875 0.40717464531249997 0.7707604265625 0.4163759625 0.7338694109375 0.41634038906250004 0.366489534375 0.4990185828125
18 0.46075529375 0.5026459531249999 0.56032399375 0.4765077515625 0.5601904890625 0.475929478125 0.524168734375 0.47012258593749995 0.40678459062499994 0.49989388437500004 0.43359805937499996 0.5089156953125 0.46075529375 0.5026459531249999
20 0.6114300312500001 0.45476388125 0.6507733546875001 0.457173228125 0.7064380406249999 0.444322021875 0.7370919828125 0.4364432015625 0.70746109375 0.4261789625 0.627824878125 0.4424262984375 0.6114300312500001 0.45476388125
21 1 0.5085528796875 0.9910025906250001 0.508249465625 0.9915903593750001 0.5316332375 0.9777717718750001 0.5412379109375001 0.9682849125 0.534875590625 0.9586789343750001 0.5071594359375 0.8950854265625001 0.5025979515625 0.8570240953124999 0.5113851031250001 0.715788084375 0.5525445390625 0.697637765625 0.5781162046875 0.6717560609375 0.5840914671874999 0.648214984375 0.5724212859375 0.5582737359375 0.599600259375 0.5586258749999999 0.6080714953124999 0.5711576390624999 0.61373084375 0.6221263765625 0.869230478125 0.6378195578125 0.8677455578125001 0.5998564546875 0.6755254749999999 0.596692428125 0.6548746125 0.6012597875 0.6538201546875 0.7680358109375 0.7093947515625 0.7813961968750001 0.808940675 0.7798763546874999 0.83708729375 0.7919394718749999 0.8407167046874999 0.8101012171875001 0.9399559468750001 0.8329477265625 0.9346814140624999 0.7928637109375 0.7058009140625 0.90528961875 0.6648784109375 0.9165371718750001 0.7135969156249999 0.9317617046875 0.71008205625 0.924144215625 0.65624921875 0.9679432203125 0.6375848859375 0.957394721875 0.550218590625 0.9771866140625001 0.545649271875 0.9866734718749999 0.55201159375 1 0.5473342125 1 0.5085528796875
5 0.597969459375 0.5353788421875 0.5823927875 0.530422465625 0.5924250390625 0.587706809375 0.5996431140625 0.5860403859375001 0.6498546000000001 0.572577284375 0.639311325 0.5408012546875 0.6784264609374999 0.5296326796875 0.6742086296875 0.5113632421875 0.659569253125 0.510466740625 0.6583989390625 0.5192894640625 0.6375532421875 0.5262402046875 0.597969459375 0.5353788421875
5 0.750007878125 0.7910641703125 0.771557853125 0.8010559015625001 0.780462165625 0.8396247171875 0.7931104390625 0.838842765625 0.7692067781249999 0.7075208140625 0.6632149859375 0.6721232078125 0.6317121171875 0.6815343515625 0.6270256359374999 0.661234975 0.6099265125 0.6566300843749999 0.6409790140625 0.8397549359375001 0.653158640625 0.8369430484375 0.6499946125 0.8162921843750001 0.657606878125 0.8145347546874999 0.6926259140625 0.8342457109374999 0.7000077734375 0.8731660109374999 0.7151594859375 0.8736769625 0.7161233 0.8734544484375 0.7046864203125 0.8100799875 0.7264694125 0.807189121875 0.7276397265625001 0.798366396875 0.750007878125 0.7910641703125
5 1 0.5882001328124999 0.9895465531250001 0.59224009375 0.979236296875 0.5475814671875 0.9554622015625001 0.5487938812500001 0.9649568937499999 0.6385416015625001 0.9318150624999999 0.65474553125 0.9415401624999999 0.7038155203125 0.9293605359375 0.706627409375 0.9203397140625 0.6744998921875001 0.907924459375 0.6623992453125 0.916595753125 0.7138506578125 0.8758416546875001 0.7318120171875 0.888259521875 0.771707796875 0.9123988125 0.9179422859375 0.9321907046875 0.9133729671875 0.9203579953125001 0.8690658265625 0.92445670625 0.8659814296875 0.9088722015625 0.7776396531249999 0.9852331031249999 0.802773021875 1 0.8622914140625 1 0.5882001328124999