14 0.5 0 0.49375 0.0458333328125 0.50625 0.1125 0.4421875 0.2125 0.43125 0.2708333328125 0.4296875 0.5666666671875 0.4515625 0.5895833328125 0.4578125 0.6770833328125 0.45 0.9166666671874999 0.44375 0.9520833328125 0.4515625 0.96875 0.4515625 1 0.5640625 1 0.5921875 0.6729166671875 0.5890625 0.6416666671875 0.596875 0.63125 0.6203125 0.6270833328125 0.6234375 0.6125 0.6203125 0.5541666671875001 0.628125 0.45625 0.63125 0.2479166671875 0.6234375 0.2 0.5765625 0.1541666671875 0.584375 0.1416666671875 0.590625 0.0666666671875 0.5796875 0 0.5 0
11 0.63125 0.44166666718750003 0.7328125 0.4458333328125 0.74375 0.2479166671875 0.7359375 0.2416666671875 0.6328125 0.2416666671875 0.628125 0.25 0.6265625 0.43541666718750005 0.63125 0.44166666718750003
5 1 0.725 0.9671875 0.7229166671875 0.940625 0.7395833328125 0.934375 0.69375 0.9203125 0.6625 0.9 0.6354166671875 0.8640625 0.6083333328125 0.8125 0.5916666671875 0.7625 0.5916666671875 0.721875 0.6145833328125 0.7015625 0.6458333328125 0.6953125 0.6708333328125 0.6375 0.6708333328125 0.628125 0.6541666671875 0.6265625 0.6166666671875001 0.640625 0.5708333328124999 0.640625 0.5354166671875 0.63125 0.50625 0.6203125 0.50625 0.61875 0.6020833328124999 0.6171875 0.6208333328125 0.6078125 0.6270833328125 0.60625 0.6854166671875 0.6265625 0.7041666671875 0.69375 0.7166666671875 0.696875 0.7520833328125 0.7140625 0.79375 0.7171875 0.85 0.7390625 0.88125 0.73125 0.89375 0.859375 0.925 0.896875 0.9229166671875 0.9359375 0.9104166671874999 0.959375 0.8916666671875 0.959375 0.8666666671875 0.95 0.8479166671874999 0.9640625 0.8125 0.9796875 0.8354166671875 1 0.8395833328125001 1 0.725
21 1 0.6583333328125 0.9578125 0.6520833328125 0.9453125 0.625 0.8875 0.6208333328125 0.93125 0.6833333328125 0.9421875 0.7416666671875001 0.9875 0.6895833328125 1 0.6875 1 0.6583333328125
2 1 0.5875 0.99375 0.5854166671875001 0.9203125 0.575 0.909375 0.5854166671875001 0.884375 0.5875 0.875 0.6 0.875 0.6145833328125 0.95625 0.6270833328125 1 0.6 1 0.5875
9 1 0.55625 0.9875 0.5541666671875001 0.9875 0.5458333328125 0.93125 0.55 0.928125 0.54375 0.909375 0.54375 0.90625 0.5666666671875 0.9140625 0.5791666671875 0.9703125 0.58125 1 0.5916666671875 1 0.55625
21 0.940625 1 0.9046875 0.9270833328125001 0.8859375 0.9333333328125001 0.878125 0.925 0.8453125 0.9208333328125 0.84375 0.9291666671875 0.8796875 1 0.940625 1
21 0.7234375 1 0.796875 0.9145833328125 0.79375 0.9041666671874999 0.7296875 0.8875 0.715625 0.9020833328125001 0.7078125 0.9291666671875 0.6625 0.9854166671875 0.6921875 1 0.7234375 1
21 0.628125 0.6125 0.7 0.64375 0.70625 0.64375 0.73125 0.6083333328125 0.765625 0.5916666671875 0.8203125 0.59375 0.875 0.6145833328125 0.8765625 0.5979166671875 0.8890625 0.5833333328125 0.878125 0.5625 0.8796875 0.5229166671875001 0.809375 0.5166666671875 0.6390625 0.5854166671875001 0.6296875 0.59375 0.628125 0.6125
19 0.2671875 0.54375 0.25 0.5416666671875 0.228125 0.5208333328125 0.2046875 0.5166666671875 0.196875 0.51875 0.1984375 0.5333333328125 0.1875 0.5375 0.1515625 0.50625 0.1515625 0.49375 0.13125 0.48333333281249996 0.115625 0.4916666671875 0.121875 0.51875 0.1390625 0.5395833328124999 0.1421875 0.55625 0.171875 0.5833333328125 0.1765625 0.5958333328125 0.303125 0.6958333328124999 0.3375 0.6958333328124999 0.378125 0.675 0.38125 0.64375 0.4125 0.60625 0.4125 0.5791666671875 0.4234375 0.5479166671875 0.428125 0.35 0.4234375 0.3416666671875 0.3484375 0.3375 0.3390625 0.3416666671875 0.3125 0.4458333328125 0.2671875 0.54375
19 0 0.5479166671875 0.046875 0.5354166671875 0.1296875 0.5479166671875 0.1109375 0.5020833328125 0.1140625 0.48333333281249996 0.121875 0.4770833328125 0.1390625 0.4770833328125 0.209375 0.50625 0.20625 0.45208333281249996 0.1734375 0.4479166671875 0.1734375 0.425 0.159375 0.40625 0.11875 0.39791666718749996 0.1046875 0.4291666671875 0.096875 0.40208333281249997 0 0.4 0 0.5479166671875
15 0.1109375 0.49791666718750005 0.1171875 0.4791666671875 0.1625 0.48541666718750004 0.1734375 0.43333333281249997 0.1703125 0.41875 0.159375 0.40625 0.11875 0.39791666718749996 0.1046875 0.43333333281249997 0.096875 0.49583333281249997 0.1109375 0.49791666718750005
21 0 0.73125 0.00625 0.7375 0.01875 0.7395833328125 0.0375 0.725 0.05625 0.6354166671875 0.0703125 0.6333333328124999 0.0875 0.675 0.115625 0.68125 0.1296875 0.6729166671875 0.1484375 0.6375 0.1515625 0.61875 0.165625 0.60625 0.1640625 0.59375 0.1296875 0.55 0.10625 0.5375 0.075 0.5354166671875 0.0546875 0.54375 0.053125 0.5583333328125 0.0453125 0.55625 0.040625 0.5395833328124999 0 0.5479166671875 0 0.73125