14 0.47044274531249997 0.702510721875 0.458318125 0.7059290484375 0.42351332499999994 0.8003126 0.48309071875000004 0.8275128046875 0.48598392500000004 0.8282341625 0.5038537140625 0.8010197046875 0.4745236796875 0.7636473406250001 0.4896478734375 0.709446209375 0.47044274531249997 0.702510721875
14 0.6096782421875 0.35074591875 0.609625265625 0.266995353125 0.6308341828125 0.2465179890625 0.64494629375 0.189917403125 0.6388656453125 0.1626359875 0.612584084375 0.15178903593749998 0.5908670875 0.167845496875 0.5813032390624999 0.22558008906250002 0.537385615625 0.29192621875 0.48646899218749995 0.47676555781249996 0.489509315625 0.490406265625 0.4824614109375 0.5315912609375 0.4507010125 0.6460578734375 0.46397865937500005 0.6681555890624999 0.4654832640625 0.668530728125 0.513868590625 0.6575130953125 0.557737309375 0.51385875 0.5784422234375 0.4954028359375 0.6096782421875 0.35074591875
21 0.6202241078124999 0.5474205203125 0.5727173296875 0.5312815265624999 0.5535325765625 0.5565577953124999 0.5358802140625001 0.6079814703124999 0.5444971828125 0.6509250468750001 0.557228203125 0.6575883015625 0.5610373734375 0.658538034375 0.571782675 0.6512867484375 0.6030798234375 0.6032650984375 0.601539284375 0.5642329875 0.6202241078124999 0.5474205203125
19 0.6289771015625 0.5058554843749999 0.6360453828125 0.496882246875 0.665359115625 0.5084852046874999 0.6668507515625001 0.47020910000000005 0.680491459375 0.46716877500000004 0.5930583375 0.436780803125 0.58750206875 0.43968969218750004 0.575918128125 0.4990677328125 0.567841840625 0.51208386875 0.5582413140625 0.5118373015625 0.5492812703125 0.5541558796875 0.552331496875 0.5549163859374999 0.56180601875 0.555668315625 0.56987415625 0.5297674765625 0.624453290625 0.5433755828125 0.6289771015625 0.5058554843749999
19 0.456417425 0.3970762296875 0.4468087484375 0.3839449578125 0.43470450312500003 0.4195750421875 0.418043846875 0.44118641406250003 0.3908235578125 0.5439023328125 0.394492359375 0.552600346875 0.4526722 0.5671062109375 0.4731473609375 0.484984828125 0.4857719109375 0.4731026984375 0.505440290625 0.41359322499999995 0.456417425 0.3970762296875
19 0.8174129015625 0.5509590828125 0.8461492765624999 0.44862116875 0.732438671875 0.4138285953125 0.6769493343749999 0.558879815625 0.6642881078125 0.5127807843750001 0.644570825 0.49498204375 0.629922109375 0.502065265625 0.6264185328125 0.5548695203125 0.6986867078125 0.5750351109375 0.7133231984374999 0.548624834375 0.733524109375 0.53219036875 0.76687395 0.5340640828125001 0.7946797453125 0.5581737421875 0.8032844906250001 0.5817902625 0.8018628171875 0.6058591953125 0.8248410093749999 0.6115883015625 0.8386747984375 0.6142322859375 0.8432067578125 0.589596890625 0.837126109375 0.5623154734375 0.8174129015625 0.5509590828125
21 0.6816035515625 0.7275149578125 0.6957482640625 0.7224531843750001 0.7017963109375 0.698195790625 0.714920790625 0.6778498609375 0.7341136921875 0.665458296875 0.7725198734375 0.6728869203125 0.7816204703125 0.6815972890625 0.7796126046875 0.7025677906250001 0.804378078125 0.7130367390625 0.8452716765625 0.6588193062500001 0.8472836171875 0.6442911578125 0.8700167734375001 0.6370764999999999 0.7264925046874999 0.59914476875 0.6921183562500001 0.5755445484374999 0.6183340937499999 0.5550009546875 0.5996411203124999 0.55892871875 0.6011735078125 0.5850761265625 0.6299995375 0.6244699390624999 0.659313271875 0.6360728984375 0.67146641875 0.6777510296875 0.65079410625 0.747745753125 0.5942723109375 0.8581857671875 0.5998367296875 0.8681615812500001 0.6164973875 0.8465502078125 0.6326418140625 0.80763323125 0.642242340625 0.8078797984375001 0.6256631875 0.958338196875 0.6339452546875 0.9810690984375 0.6345043125000001 0.9812084859375 0.6418320671875 0.9580753281250001 0.63575956875 0.9436786125 0.6720152515625 0.74659544375 0.6816035515625 0.7275149578125
5 0.75389805 0.6894467093750001 0.754389828125 0.6680982046875 0.7372047921875 0.659519271875 0.7321566015625 0.6668490625 0.7175038093749999 0.6674899359375 0.7053954890624999 0.6966776671875 0.726632934375 0.7212967625 0.7627700734375 0.7362113203125 0.767090928125 0.7372886296875001 0.8074814031249999 0.7264247671875 0.8054531609375 0.7151835125 0.7599664734375 0.697401071875 0.75389805 0.6894467093750001
5 0.7471018171875 0.5294027265625 0.7132601984375 0.548877515625 0.703671896875 0.5679580015625 0.7067081468749999 0.575156359375 0.7319816984374999 0.590046209375 0.8022257078124999 0.605412896875 0.8042294984374999 0.57800004375 0.7951207499999999 0.5564049734375 0.7784356406249999 0.5393622375 0.7471018171875 0.5294027265625
5 0.5603632859375 0.6712526359375001 0.521449025 0.659403109375 0.46587003281249995 0.6627226046875 0.45474119375 0.6427709796875 0.4839897234375 0.5512963171874999 0.4920293359375 0.48029901875 0.482424734375 0.4736101 0.47636446093749996 0.4785404390625 0.4567083078125 0.5573769671875 0.445648746875 0.6469453125 0.44919715 0.6650069234375 0.458809903125 0.6845805453125 0.47681852812500003 0.69712226875 0.5046766703125 0.7040680828125 0.5846492046875 0.7223971421875001 0.5881813078125 0.714689346875 0.57856448125 0.6886733734375 0.5603632859375 0.6712526359375001
5 0.87267535 0.8460091953125 0.9392446234375 0.6436013828125 0.9079107984375 0.633641871875 0.8538560453124999 0.6502240718750001 0.8281029406249999 0.676009778125 0.813478675 0.7217471078125001 0.8195797015625 0.78124028125 0.752363790625 0.76018725 0.7447874296875 0.7647395859375 0.74327949375 0.7772462859375 0.765529021875 0.8042648328125 0.8007015453124999 0.8294060546875001 0.8586208078125 0.84384695 0.8615424359375 0.8196152187499999 0.8716551171875 0.8307250406250001 0.8666110015624999 0.8444971828125001 0.87267535 0.8460091953125