21 0.5810546875 0.5052083328125 0.5703125 0.5403645828125 0.5498046875 0.5677083328125 0.5185546875 0.5885416671875 0.4892578125 0.5911458328125 0.4560546875 0.5833333328125 0.4326171875 0.5651041671875 0.41015625 0.5325520828125 0.4013671875 0.4869791671875 0.3974609375 0.4947916671875 0.3720703125 0.4947916671875 0.3583984375 0.4713541671875 0 0.4908854171875 0.0009765625 0.5052083328125 0.0498046875 0.5208333328125 0.0673828125 0.5052083328125 0.1103515625 0.5104166671875 0.1259765625 0.6145833328125 0.5537109375 0.7890625 0.55859375 0.8111979171874999 0.55078125 0.9934895828125001 0.59375 0.99609375 0.60546875 0.7955729171875 0.8623046875 0.6848958328125 0.8818359375 0.5546875 0.5810546875 0.5052083328125
5 0.140625 0.87890625 0.115234375 0.52734375 0.1083984375 0.5104166671875 0.0625 0.51171875 0.0615234375 0.6223958328125 0 0.59765625 0.0029296875 0.6536458328125 0.068359375 0.6861979171875 0.0693359375 0.7213541671875 0.0283203125 0.6901041671875 0.0009765625 0.6822916671875 0 0.73828125 0.076171875 0.7903645828125 0.0859375 0.89453125 0.0830078125 0.9036458328125001 0.0078125 0.9309895828125001 0.0078125 0.98046875 0.0205078125 0.9973958328125001 0.412109375 0.99609375 0.4140625 0.9674479171874999 0.4052734375 0.953125 0.2412109375 0.8515625 0.140625 0.87890625
5 0.05859375 0.58203125 0.0517578125 0.5208333328125 0 0.5065104171875 0.0009765625 0.5598958328125 0.05859375 0.58203125
5 0.9365234375 0.5364583328125 0.9306640625 0.5234375 0.890625 0.5221354171875 0.8408203125 0.8489583328125001 0.7314453125 0.8098958328125001 0.6103515625 0.8723958328125001 0.6015625 0.8841145828125001 0.6015625 0.91015625 0.607421875 0.91796875 0.6064453125 0.9973958328125001 0.6474609375 0.9973958328125001 0.6533203125 0.9765625 0.6962890625 0.9973958328125001 0.8876953125 0.9973958328125001 0.9267578125 0.9583333328125001 0.935546875 0.9674479171874999 0.9365234375 0.9973958328125001 0.96875 0.99609375 0.96875 0.8815104171874999 1 0.7044270828125 0.9990234375 0.5208333328125 0.9365234375 0.5364583328125
14 1 0.39453125 0.974609375 0.37109375 0.982421875 0.35546875 0.98828125 0.3059895828125 0.9716796875 0.2838541671875 0.9560546875 0.2838541671875 0.939453125 0.30078125 0.935546875 0.3346354171875 0.94140625 0.3606770828125 0.9306640625 0.3776041671875 0.888671875 0.4049479171875 0.876953125 0.4674479171875 0.8837890625 0.515625 0.939453125 0.51953125 0.966796875 0.5143229171875 0.9638671875 0.4661458328125 1 0.46484375 1 0.39453125
3 0.3720703125 0.4166666671875 0.404296875 0.42578125 0.4072265625 0.4661458328125 0.4580078125 0.4661458328125 0.478515625 0.45703125 0.48828125 0.1315104171875 0.494140625 0.09505208281250001 0.5078125 0.06119791718749999 0.5029296875 0.05208333281250001 0.3447265625 0 0.064453125 0.00390625 0.06640625 0.3971354171875 0.0869140625 0.3958333328125 0.0947265625 0.40625 0.1923828125 0.40625 0.2099609375 0.3984375 0.216796875 0.4075520828125 0.21875 0.47265625 0.234375 0.4752604171875 0.3564453125 0.46875 0.36328125 0.4596354171875 0.36328125 0.4283854171875 0.3720703125 0.4166666671875
5 0.2041015625 0.8125 0.2119140625 0.796875 0.2294921875 0.7916666671875 0.2646484375 0.8046875 0.267578125 0.85546875 0.2724609375 0.8619791671874999 0.287109375 0.8580729171874999 0.2880859375 0.6822916671875 0.1513671875 0.625 0.123046875 0.62890625 0.126953125 0.6888020828125 0.14453125 0.7096354171875 0.14453125 0.7903645828125 0.13671875 0.7981770828125 0.13671875 0.8111979171874999 0.142578125 0.8763020828125001 0.150390625 0.8763020828125001 0.166015625 0.8684895828125001 0.1689453125 0.8098958328125001 0.1865234375 0.8046875 0.2041015625 0.8125
5 0.2138671875 0.4765625 0.21484375 0.40234375 0.0947265625 0.4088541671875 0.0908203125 0.3984375 0.0712890625 0.3984375 0.0703125 0.4778645828125 0.095703125 0.48046875 0.0986328125 0.46875 0.1923828125 0.4661458328125 0.1962890625 0.4765625 0.2138671875 0.4765625
15 0.740234375 0.4934895828125 0.7412109375 0.4765625 0.693359375 0.47265625 0.6962890625 0.4895833328125 0.740234375 0.4934895828125
15 0.6923828125 0.421875 0.685546875 0.4309895828125 0.6923828125 0.4505208328125 0.744140625 0.4544270828125 0.751953125 0.43359375 0.7431640625 0.4166666671875 0.7236328125 0.4296875 0.6923828125 0.421875
15 0.7705078125 0.4583333328125 0.767578125 0.46484375 0.765625 0.4986979171875 0.7705078125 0.5026041671875 0.8828125 0.5143229171875 0.880859375 0.4856770828125 0.8720703125 0.46875 0.7919921875 0.4583333328125 0.7705078125 0.4583333328125