19 0.3797210421875 0.5342831359375 0.38577316562499997 0.552098178125 0.403945834375 0.5797738984375 0.5423118796875 0.708455859375 0.61959971875 0.74071651875 0.6332404281249999 0.7437568437500001 0.648909378125 0.7355559109375001 0.6741625531250001 0.7528778171875 0.675686790625 0.7396151109375 0.668622584375 0.7241995218749999 0.6797555 0.697805546875 0.6706793531249999 0.6678618078125 0.6818081921875 0.6479101828125 0.7171944234375001 0.6219105093749999 0.7217508359375 0.6078917984375 0.719759271875 0.56115189375 0.7142152281249999 0.5389159484375 0.7051268562499999 0.5282992640625 0.6713708171875 0.3735350984375 0.6724155015625 0.3195968375 0.6309852968749999 0.3148967640625 0.507678240625 0.3434935546875 0.5086577218749999 0.3926329140625 0.49902051875 0.4508606421875 0.5100882296875 0.5275442859374999 0.5070356796875 0.5605120484375 0.494398903125 0.5679569734375 0.4807581953125 0.5649166484375 0.45348900312499996 0.5395089453125 0.395902146875 0.5152189515625001 0.3797210421875 0.5342831359375
11 0.8822261265625 0.13255391249999998 0.856451621875 0.1405905515625 0.84835495625 0.1597861703125 0.8795542984375 0.36242425 0.88915075 0.368620034375 0.9750811703125001 0.357393953125 0.9794778187500001 0.35629774687500004 0.921643365625 0.1243364234375 0.89852405 0.1284903828125 0.8822261265625 0.13255391249999998
21 1 0.5187159765625 0.694953046875 0.6360443546875 0.6732115984375 0.6586420000000001 0.678747490625 0.693762646875 0.688843871875 0.7084222312499999 0.7201695453125 0.7113474203125 0.7322900906250001 0.7212081 0.859600653125 0.7538793625 0.9514679296875 0.9027432171875001 1 0.8906428125 1 0.8451530171874999 0.9727542765624999 0.8008159078125001 1 0.803835 1 0.5187159765625
19 0.2885990875 0.7048847109375 0.28409565312499996 0.6351528562500001 0.2734952703125 0.6184718234375 0.366484659375 0.590992740625 0.3912582828125 0.5676390875 0.38116597812499997 0.5465371546875 0.361964925 0.547030290625 0.35390493749999996 0.5082447484375 0.33370810156249997 0.48536793125 0.3332081734375 0.47690413125 0.34584495 0.46945920625 0.34130483906250003 0.4577085125 0.20233290781250002 0.488063884375 0.19778057031250001 0.49564024375000004 0.20483662656249998 0.523940534375 0.2149248546875 0.551484821875 0.2290614171875 0.569431296875 0.22955319531249999 0.5907798015625 0.1375758875 0.61585943125 0.1289874453125 0.613706546875 0.12245984531250001 0.548773596875 0.10176715624999999 0.510990628125 0.0082778375 0.5300059109374999 0.049695815625 0.5540330375 0.084504690625 0.6419742375 0.058727134375000004 0.6548426390625 0.0450864265625 0.6518023140625 0.022381796875000002 0.5994911968750001 0.0067250734375 0.588365075 0.030917262499999997 0.6853946484375 0.0465780625 0.69007841875 0.052626109374999994 0.7143358125 0.0430133578125 0.733909434375 0.055298453125 0.7831822640625 0.07017505156250001 0.7794731125000001 0.2885990875 0.7048847109375
15 0 0.5613922796875 0.006914075 0.58912311875 0.026106976562500002 0.601514684375 0.046791515625 0.6521823546875 0.060494715624999994 0.6562806546875 0.0728129140625 0.6532093828125001 0.0831735296875 0.649552634375 0.08167374375 0.6241612328125 0.04685671875 0.549104734375 0 0.530008015625 0 0.5613922796875
15 0.186743259375 0.470748090625 0.159441465625 0.49687919843749995 0.09779405 0.5015140671875 0.1220188421875 0.5470048296875001 0.12955445000000002 0.615980678125 0.2341644578125 0.589898475 0.23064050468750003 0.5693059765624999 0.2139798484375 0.547694603125 0.1933116109375 0.4712575296875 0.186743259375 0.470748090625
15 0.461144665625 0.518544559375 0.4505687328125 0.46320941875 0.339926978125 0.43926482499999997 0.3474870375 0.46958656562499995 0.3323220921875 0.479808946875 0.3540309390625 0.5087501125 0.36209092656249997 0.547535653125 0.3848281578125 0.5483079609375 0.395424465625 0.5714313453125001 0.45703927968749997 0.6183352875 0.4832923125 0.65258479375 0.5115898875 0.6498236390625001 0.5424034078125 0.6636120828125 0.548333434375 0.6747478421875 0.563557475 0.6709520625 0.553540396875 0.6307757546875 0.5459599609375 0.63266576875 0.54444795 0.6266014203125 0.5490043609375 0.612582709375 0.539932290625 0.5761966203125 0.5232594078125 0.5739123015625001 0.5070823796874999 0.5865341359375 0.46011628125000004 0.5467134171875 0.461144665625 0.518544559375
19 0.44797756250000004 0.46573419375 0.45551724531250004 0.528267690625 0.4595492765625 0.544439284375 0.46762964062499995 0.551013071875 0.5176564390625 0.544981325 0.506580578125 0.48118238281250003 0.505605171875 0.425600675 0.3853343640625 0.4469991078125 0.44797756250000004 0.46573419375
5 1 0.43860772031249995 0.9932749265625 0.411634925 0.9579049953125001 0.4118651921875 0.94678430625 0.418932115625 0.9391834953125 0.4530338859375 0.9426829968750001 0.512280490625 0.9505184 0.537434190625 0.9592796343750001 0.53524976875 1 0.5212526734375 1 0.43860772031249995
5 0.8032518890624999 0.4697485484375 0.7552492562500001 0.4709813890625 0.7385682234375001 0.48158177343749997 0.725915146875 0.5147961046875 0.7248704625 0.568734365625 0.7333838578125 0.61572691875 0.7849414140625 0.6028721765625 0.8663501874999999 0.567813296875 0.8613182984375 0.5347141 0.8381015156249999 0.49326623593749996 0.8032518890624999 0.4697485484375
5 0.542756959375 0.703782275 0.52507199375 0.7038974109375 0.516479475 0.7081868765625 0.512931071875 0.7262484875 0.5184588140625 0.7742538359375 0.55575103125 0.9302834453125 0.579505025 0.9938736515625 0.7810637546875 0.943619415625 0.74880624375 0.8714138171875 0.676607346875 0.7820594359374999 0.594787546875 0.72516338125 0.542756959375 0.703782275
21 0.4503408515625 0.6237628359375 0.41297120468750004 0.5901379015625 0.3866896453125 0.600984853125 0.3796254390625 0.5855692640625 0.35385195937499997 0.591995315625 0.27753545156250004 0.621758715625 0.2866156734375 0.645260103125 0.2971753046875 0.7263646484375 0.3022234953125 0.733694440625 0.311828096875 0.7270055203125 0.3158886546875 0.6980806578125 0.310852690625 0.6714238109374999 0.32550955625 0.6656223328124999 0.334597928125 0.6762390171875 0.36447965 0.776949421875 0.36864145625 0.7759117671875 0.3830475109375 0.7672205421875 0.380072390625 0.67778363125 0.462453246875 0.6465082171875001 0.4503408515625 0.6237628359375