15 0.1078125 0.56875 0.2625 0.5708333328124999 0.278125 0.5 0.30625 0.41875 0.175 0.4 0.1640625 0.41041666718750003 0.14375 0.48125 0.1078125 0.56875
19 1 0.6895833328125 0.9296875 0.75625 0.8984375 0.7645833328125 0.859375 0.7 0.859375 0.6645833328124999 0.7765625 0.6291666671875 0.78125 0.6083333328125 0.8296875 0.5208333328125 0.7453125 0.5104166671875 0.7328125 0.54375 0.7375 0.6354166671875 0.7203125 0.6458333328125 0.6703125 0.63125 0.5625 0.6208333328125 0.559375 0.6104166671875 0.578125 0.5354166671875 0.5765625 0.49583333281249997 0.496875 0.4791666671875 0.484375 0.5229166671875001 0.4828125 0.6125 0.4625 0.6145833328125 0.3828125 0.5958333328125 0.3734375 0.6083333328125 0.371875 0.70625 0.3765625 0.7125 0.4765625 0.7270833328124999 0.4984375 0.7395833328125 0.45625 0.7979166671875 0.45625 0.8854166671874999 0.628125 0.9208333328125 0.615625 0.9666666671874999 0.6140625 1 1 1 1 0.6895833328125
15 0.55625 0.6145833328125 0.559375 0.6229166671875 0.6578125 0.6291666671875 0.7203125 0.6458333328125 0.7390625 0.6375 0.7359375 0.5458333328125 0.7484375 0.475 0.584375 0.45625 0.5765625 0.46875 0.575 0.5416666671875 0.55625 0.6145833328125
15 0.3109375 0.5708333328124999 0.3703125 0.5729166671875 0.378125 0.6 0.4609375 0.6145833328125 0.4859375 0.6104166671875 0.484375 0.53125 0.5 0.45416666718750004 0.4984375 0.43333333281249997 0.340625 0.42083333281249996 0.328125 0.4291666671875 0.3265625 0.475 0.3109375 0.5708333328124999
15 1 0.46458333281249997 0.8796875 0.45 0.815625 0.5375 0.8 0.575 0.78125 0.6 0.7734375 0.63125 0.859375 0.6666666671875 0.85625 0.6979166671875 0.878125 0.73125 0.9609375 0.73125 1 0.6833333328125 1 0.46458333281249997
19 0.215625 0.4125 0.303125 0.42083333281249996 0.275 0.5145833328125 0.2671875 0.56875 0.30625 0.5729166671875 0.321875 0.5229166671875001 0.334375 0.4291666671875 0.340625 0.42291666718750004 0.403125 0.425 0.365625 0.3958333328125 0.3203125 0.375 0.265625 0.3729166671875 0.21875 0.3875 0.2015625 0.40416666718750005 0.215625 0.4125
19 0 0.65625 0.1390625 0.6729166671875 0.1390625 0.5791666671875 0.1109375 0.5708333328124999 0.1109375 0.5583333328125 0.1546875 0.45208333281249996 0.1546875 0.43125 0.1421875 0.4291666671875 0 0.44166666718750003 0 0.65625
21 0.45 1 0.4484375 0.8875 0.4546875 0.80625 0.49375 0.75 0.4875 0.7333333328125 0.3671875 0.7145833328125 0.35 0.7479166671875 0.3421875 0.7416666671875001 0.3296875 0.7458333328125 0.3171875 0.7291666671875 0.215625 0.71875 0.19375 0.7270833328124999 0.16875 0.725 0.1609375 0.75 0.153125 0.7520833328125 0.15 0.7041666671875 0.140625 0.6895833328125 0.10625 0.6875 0.0921875 0.6791666671875001 0.0609375 0.6854166671875 0.046875 0.6708333328125 0.0109375 0.6645833328124999 0 0.69375 0 0.8895833328125 0.2671875 0.95625 0.2890625 0.9708333328125001 0.290625 1 0.3125 1 0.3171875 0.9583333328125001 0.353125 0.9270833328125001 0.415625 0.84375 0.4359375 0.83125 0.440625 0.8729166671874999 0.4375 1 0.45 1
9 0.3546875 0.7895833328124999 0.3703125 0.7770833328125 0.371875 0.5770833328125 0.15 0.56875 0.1375 0.5791666671875 0.14375 0.7833333328125 0.3546875 0.7895833328124999
2 0 0.74375 0.00625 0.75 0.0234375 0.7583333328124999 0.0421875 0.75625 0.10625 0.7395833328125 0.121875 0.7229166671875 0.09375 0.6770833328125 0.0625 0.6770833328125 0.0109375 0.65625 0 0.6604166671875 0 0.74375
14 0.784375 0.27291666718749996 0.7953125 0.2770833328125 0.796875 0.2875 0.7703125 0.38333333281250004 0.7625 0.47083333281249995 0.7734375 0.4770833328125 0.7734375 0.5145833328125 0.8234375 0.5166666671875 0.8265625 0.4875 0.8390625 0.46666666718750005 0.84375 0.325 0.8296875 0.2541666671875 0.8375 0.23958333281250002 0.8390625 0.2166666671875 0.8234375 0.1979166671875 0.8078125 0.19583333281249998 0.7921875 0.20833333281250002 0.78125 0.24583333281250003 0.784375 0.27291666718749996