21 0.0009765625 0.4557291671875 0 0.6236979171875 0.09375 0.6184895828125 0.091796875 0.9908854171874999 0.0947265625 0.9973958328125001 0.115234375 0.99609375 0.12109375 0.5481770828125 0.1396484375 0.5442708328125 0.142578125 0.5247395828125 0.0009765625 0.4557291671875
5 0.052734375 0.77734375 0.0556640625 0.75 0.0732421875 0.7473958328125 0.091796875 0.7591145828125 0.0908203125 0.7265625 0.052734375 0.7278645828125 0.052734375 0.6731770828125 0.091796875 0.66015625 0.091796875 0.62109375 0.0849609375 0.6171875 0 0.62890625 0.001953125 0.80078125 0.017578125 0.80078125 0.017578125 0.7565104171875 0.0302734375 0.7552083328125 0.033203125 0.8502604171874999 0.048828125 0.8528645828125001 0.05078125 0.8033854171874999 0.08984375 0.79296875 0.0888671875 0.7734375 0.052734375 0.77734375
5 0.1669921875 0.40625 0.1435546875 0.390625 0.13671875 0.3971354171875 0.12890625 0.51171875 0.1435546875 0.5208333328125 0.1494140625 0.4947916671875 0.1630859375 0.4973958328125 0.169921875 0.5013020828125 0.169921875 0.52734375 0.1611328125 0.6119791671875 0.134765625 0.5950520828125 0.140625 0.5455729171875 0.1259765625 0.5442708328125 0.123046875 0.55078125 0.12109375 0.6575520828125 0.126953125 0.6653645828125 0.130859375 0.71484375 0.12109375 0.7252604171875 0.12109375 0.7356770828125 0.1328125 0.7408854171875 0.134765625 0.7591145828125 0.12109375 0.76953125 0.12109375 0.78515625 0.1708984375 0.7786458328125 0.17578125 0.81640625 0.19140625 0.8216145828125001 0.1953125 0.80859375 0.181640625 0.6002604171875 0.19921875 0.40234375 0.1669921875 0.40625
7 0.2646484375 0.1015625 0.26171875 0.1106770828125 0.25390625 0.60546875 0.2744140625 0.6276041671875 0.3037109375 0.640625 0.3203125 0.6393229171875 0.310546875 0.62109375 0.3203125 0.08984375 0.3076171875 0.0859375 0.2646484375 0.1015625
4 1 0.7669270828125 0.9921875 0.7643229171875 1 0.76171875 0.9990234375 0.5390625 0.3984375 0.4361979171875 0.3984375 0.5768229171875 0.408203125 0.58984375 0.4091796875 0.671875 0.9501953125 0.9401041671874999 0.9765625 0.95703125 0.9775390625 0.9921875 1 0.9934895828125001 1 0.7669270828125
4 0.783203125 0.13671875 0.751953125 0.1236979171875 0.787109375 0.1002604171875 0.791015625 0.009114582812499999 0.7802734375 0 0.2666015625 0.0052083328125 0.263671875 0.09765625 0.2724609375 0.1015625 0.2998046875 0.0859375 0.3203125 0.08723958281250001 0.318359375 0.21744791718749998 0.3232421875 0.22395833281250002 0.3759765625 0.21354166718749998 0.39453125 0.21744791718749998 0.390625 0.3736979171875 0.501953125 0.37890625 0.509765625 0.3736979171875 0.5126953125 0.234375 0.7802734375 0.20833333281250002 0.783203125 0.13671875
13 0.314453125 0.52734375 0.380859375 0.5481770828125 0.388671875 0.3684895828125 0.3212890625 0.3619791671875 0.31640625 0.3841145828125 0.314453125 0.52734375
10 0.388671875 0.36328125 0.392578125 0.21484375 0.3212890625 0.22395833281250002 0.3203125 0.3580729171875 0.388671875 0.36328125
6 0.7666015625 0.4348958328125 0.7548828125 0.421875 0.5302734375 0.4088541671875 0.4423828125 0.3932291671875 0.4326171875 0.3828125 0.4111328125 0.3802083328125 0.3955078125 0.3828125 0.390625 0.3971354171875 0.396484375 0.4309895828125 0.4091796875 0.4375 1 0.53515625 0.9990234375 0.4557291671875 0.9013671875 0.453125 0.7802734375 0.4375 0.7666015625 0.4348958328125
20 0.7744140625 0.4296875 0.75390625 0.4309895828125 0.8994140625 0.453125 1 0.4544270828125 0.9990234375 0.4375 0.9599609375 0.4296875 0.7802734375 0.4192708328125 0.7744140625 0.4296875
18 0.6328125 0.3841145828125 0.6328125 0.33984375 0.6083984375 0.3203125 0.595703125 0.33203125 0.5966796875 0.3385416671875 0.6083984375 0.3255208328125 0.62890625 0.3424479171875 0.62890625 0.3815104171875 0.615234375 0.3919270828125 0.6240234375 0.40625 0.5634765625 0.3932291671875 0.490234375 0.3997395828125 0.5966796875 0.4166666671875 0.703125 0.4153645828125 0.6376953125 0.4114583328125 0.634765625 0.40234375 0.64453125 0.3919270828125 0.6328125 0.3841145828125