19 1 0.6110675156250001 0.9010565046875 0.6086735046875 0.884339559375 0.64394746875 0.88558703125 0.6857125328125 0.6834161375 0.6755394156250001 0.6220408890625 0.7343604375 0.5991081828125 0.7702877046875 0.5939516921875 0.79596738125 0.6068994828125 0.9789496984375001 0.61752973125 0.9904012671875 1 0.9502020218749999 1 0.6110675156250001
21 0.6686933609375 0.6849423765625 0.6791898515625 0.680173234375 0.6785956828125 0.6446239328125001 0.7482756687500001 0.649869125 0.7525762640625 0.676125928125 0.7533831171875 0.6760411234375 0.758440815625 0.6718436234375 0.7578170796875 0.650961090625 0.882756053125 0.658777565625 0.8968302171874999 0.6133073234374999 0.941894490625 0.608570878125 0.9515541703125001 0.5509957640625001 0.94757521875 0.54303473125 0.9300463375 0.540687475 0.8758761890625 0.5484757953125 0.870749265625 0.5594887015625 0.8480934625 0.5681543484375 0.8864473046875 0.5892609046875 0.88330985625 0.6042543265625 0.8702250296875 0.5993451703125 0.8034055890625 0.6063681765625 0.7648339796875 0.5831896999999999 0.7536095625 0.536188828125 0.7382953140625 0.5362273140625 0.7324680406249999 0.5368397859375 0.6349267171874999 0.6177915921875 0.6626503109375 0.627446578125 0.667153296875 0.68510424375 0.6686933609375 0.6849423765625
19 0.6491867359375 0.6039858015624999 0.648127465625 0.578959428125 0.6772463656250001 0.557045628125 0.7132047640625 0.5553610578125 0.7303276765625 0.5388977046875 0.7549729562499999 0.5342125734375001 0.73846298125 0.466819146875 0.7697299906249999 0.48029132187499995 0.7853688953125 0.539397065625 0.8521883359375 0.5323740609375001 0.8481098843750001 0.46367402812499997 0.768235184375 0.451121109375 0.677671103125 0.456450159375 0.5912741734375 0.48647893125 0.6165943515625 0.6974881828124999 0.6497987421875 0.6994971343749999 0.6553346546875 0.6989152859375001 0.6714473703125 0.6812488546875 0.6657854125 0.6273789171875 0.6369434140625 0.6220310984374999 0.6491867359375 0.6039858015624999
19 0.78461046875 0.6816619359375 0.84275956875 0.6818346453124999 0.8512417078125001 0.6579002375 0.7593710203125 0.6507977640625 0.759341453125 0.6654645359375 0.7786420421875 0.6697203890625001 0.78461046875 0.6816619359375
19 0.677883246875 0.6677417109375 0.7495822750000001 0.6623006484375 0.7465039609375 0.6479605296875001 0.6770417421875 0.6447872578125 0.677883246875 0.6677417109375
15 0.6488652375 0.600615528125 0.649674584375 0.6005304625 0.7055711671875 0.5574726375 0.68160875625 0.5537067609374999 0.647828034375 0.5761105390625 0.6488652375 0.600615528125
9 0.7710661640625001 0.47805607656250004 0.7382452140625 0.464747225 0.7699585578125 0.587102553125 0.8020966375 0.6088624125 0.884086815625 0.6041726640625 0.889557990625 0.6035976203125 0.8898001734375001 0.5912651640625 0.8512285640625 0.5680866890625 0.7961873453125 0.5675873265625 0.7710661640625001 0.47805607656250004
4 0 0.1513655796875 0.2160911703125 0.19048097656250002 0.22140629375 0.1962067609375 0.2279393234375 0.25836437968750003 0.2805259640625 0.2654061546875 0.294699628125 0.2806749140625 0.40524716875 0.2711507078125 0.3885381953125 0.08227928125 0.33243770625 0.0567535453125 0.3178285046875 0.03734094375 0.2783562578125 0.020541556250000002 0 0.049797978124999996 0 0.1513655796875
11 0.200032703125 0.5459296453125 0.19673662187500002 0.52951760625 0.30666042656250003 0.49911086875 0.2838243921875 0.266892434375 0.029749726562500002 0.24122653437500002 0.0538628 0.5005432640625 0.11533754843749999 0.502461240625 0.1212468421875 0.5437363296875 0.178307103125 0.533549434375 0.17871307187500002 0.5523600453124999 0.1240778203125 0.5706712953124999 0.1269383671875 0.58293949375 0.1686769921875 0.5764577796875 0.1690660453125 0.5944846140625 0.1700078296875 0.5943856281250001 0.196212384375 0.5693740734375 0.28634093125 0.55990118125 0.283698153125 0.54970490625 0.200032703125 0.5459296453125
4 0 0.5262038921875 0.032954310937499995 0.8397432171875 0.034622509375 0.8395678828124999 0.1427443578125 0.79311576875 0.1467824421875 0.771743259375 0.1640935546875 0.7720185984375 0.1711508203125 0.7943197468750001 0.18936257031249998 0.7882159984375 0.3020178546875 0.7240052265625 0.300958584375 0.6989788531250001 0.30652104375 0.6921097890625 0.43294402343750005 0.6243571671875 0.42162010624999996 0.51661729375 0.32729484062499997 0.5160572359375 0.224705203125 0.5415035031250001 0.2364538578125 0.5486479046875 0.28350760625000004 0.547891975 0.2921483796875 0.555363028125 0.1944678984375 0.5677244703125 0.1704463546875 0.5932921328125 0.16982261875 0.5724096015625 0.1247583453125 0.5771460484375 0.116918709375 0.5025569062499999 0.1085971953125 0.501860425 0.0991764390625 0.5028505859375 0 0.5210884250000001 0 0.5262038921875
2 0.7855322203124999 0.5409510046875 0.79147108125 0.5675593234375 0.8423515437500001 0.56771044375 0.8511895796875001 0.5667815296875001 0.8747305640624999 0.552523971875 0.866337125 0.5324580671875 0.81328538125 0.535939221875 0.7855322203124999 0.5409510046875
3 0.408914478125 0.007081184375000001 0.31567805 0.016880728125 0.329139278125 0.0552672640625 0.39011935625 0.08237494375 0.40013666875 0.1776832921875 0.405709925 0.2755535375 0.3468779546875 0.2838318359375 0.3661705734375 0.51223308125 0.40032769687499997 0.5233066859375 0.42320126875 0.5167129578125 0.43576826874999997 0.621441815625 0.4378386609375 0.6212242078125 0.5940460171875 0.5427474375 0.5659431953125 0.17073036875 0.5742962671875 0.10072373125 0.408914478125 0.007081184375000001