7 0 0.53058130625 0.02578400625 0.7405751859375 0.06147848593750001 0.7396032953125 0.0696454015625 0.7386005250000001 0.0565956359375 0.5940614359375 0 0.1542020421875 0 0.53058130625
4 0.1496553390625 0.60834763125 0.117821615625 0.6311471296875 0.126056184375 0.6469278828125 0.154733228125 0.6497037203125 0.15978363125 0.703657059375 0.140610628125 0.7270009953125001 0.14292316562500001 0.7330139875 0.540931434375 0.7043473875 0.556378646875 0.7024507078125 0.5408617125 0.49944314375000004 0.1472538265625 0.5246833468750001 0.14336295 0.5314580234374999 0.1496553390625 0.60834763125
4 0.13858089843750002 0.23608917499999998 0.1445029296875 0.24585693281249998 0.1754925109375 0.2546457640625 0.214771634375 0.254020853125 0.41247966875 0.24155211406250002 0.4304114109375 0.23935037343749999 0.46366985468750005 0.2297569296875 0.44219877187499995 0.0036045578125 0.11651956562500002 0.0435929375 0.13858089843750002 0.23608917499999998
4 0.66201350625 0 0.6619883843750001 0.0115133109375 0.6714924265625 0.037633084375 0.879533184375 0.026781742187500002 0.9045103328125 0.4225209078125 0.9109401546875 0.4364242765625 0.9940368484375 0.44248837031250005 0.9966539171875001 0.442167034375 0.9423626328125 0 0.66201350625 0
5 1 0.47215553593750004 0.9610562640625 0.47277511250000004 0.9610012906250001 0.49796960781250005 0.71779869375 0.5173362375 0.6909263984375 0.5164377828125 0.6865827062500001 0.49388235468749997 0.65815955625 0.49317432187500004 0.64910833125 0.49638465 0.6482916734375 0.5153757328124999 0.6659818265624999 0.697913790625 0.70500705625 0.6952210734375 0.705343409375 0.659497134375 0.8847071234375001 0.6458699546875 0.97412134375 0.643287184375 0.9797345078124999 0.676181634375 1 0.6755638140625 1 0.47215553593750004
4 0.9370265484375 0.50143808125 0.9610647640625001 0.498486559375 0.9579228203125 0.472897478125 0.9419064984375 0.470666078125 0.7640936375 0.48410283749999994 0.767648159375 0.5130520984375 0.9370265484375 0.50143808125
21 1 0.6764613359375 0.0258157421875 0.7408336609374999 0.0576373671875 1 0.530581309375 1 1 0.9423626328125 1 0.6764613359375
4 0.9781201812500001 0.6758551046875 0.9738991859375 0.64147785625 0.7756713375000001 0.6553222812499999 0.781792290625 0.6923523406250001 0.959800725 0.6781044515625 0.9781201812500001 0.6758551046875
4 0.7806242640625001 0.6059128796875 0.9459316624999999 0.594798715625 0.9694304515625 0.591913428125 0.9652582734375 0.5454610546875001 0.771682984375 0.55873421875 0.77416695625 0.604606759375 0.7806242640625001 0.6059128796875
6 0.9073623953125001 0.4329279828125 0.73704990625 0.44334483437500005 0.7362607359375 0.44973866874999996 0.757945196875 0.459670025 0.7271820234375 0.4655462453125 0.5615220953125 0.47539183281249997 0.5390484640625 0.4718543109375 0.5277121890625 0.45645440156249995 0.4460522359375 0.4580850671875 0.1423663578125 0.48487811093750005 0.09711022968750001 0.5009297578125 0.0965474671875 0.5219886453125 0.127029259375 0.5266418671875 0.9773148562499999 0.471303553125 0.999891071875 0.4685315421875 0.9962413390625 0.4388068515625 0.9414536828125 0.44133597187499995 0.9073623953125001 0.4329279828125
13 0.762828415625 0.48661953750000003 0.7426673218750001 0.489095009375 0.6901922015624999 0.497637121875 0.6909263984375 0.5164377828125 0.7658751484375 0.5114331921875 0.762828415625 0.48661953750000003
13 0.7795928234375 0.6876373265625 0.773898325 0.653703371875 0.7038560296874999 0.6602045046875 0.7082991828125 0.696391084375 0.7795928234375 0.6876373265625
13 0.768581278125 0.5591150609375 0.693632528125 0.5641196515625 0.7009024578124999 0.6107164125 0.7738178515625 0.601763528125 0.768581278125 0.5591150609375
13 0.65247876875 0.6985222671875 0.665879365625 0.6968768812499999 0.6480335296875 0.5004522046875 0.5418138171875 0.507197409375 0.558179525 0.7045909390625 0.65247876875 0.6985222671875
20 0.5684554546875 0.4805750875 0.711712028125 0.46455962656249994 0.7583927828125 0.45882795156249995 0.71660318125 0.443494025 0.5323330125 0.4556246640625 0.5335749984375 0.4785609328125 0.5684554546875 0.4805750875