11 0.79912130625 0 0.636582715625 0.0684582921875 0.6609352296875 0.2754165140625 0.7332705234375 0.27366568125 0.7688499484375 0.3696480765625 0.8532736484375001 0.3640945203125 0.873982246875 0.1970871359375 0.884523359375 0.1935018734375 0.9242679078125 0.20685040781250003 0.9272649218750001 0.21694824218750003 0.9080088203125 0.36060960937500003 0.9846960515625 0.35614334375 0.93464336875 0 0.79912130625 0
9 0.9295621640625 0.21083991562499999 0.8747321953125 0.1911962671875 0.8504439156249999 0.377641009375 0.7328495828125 0.39416781562500003 0.7342017281250001 0.41501585937499996 0.831593434375 0.41079548125 0.8585163265625001 0.40701171562500005 0.906821178125 0.3970672 0.9089511390625 0.3673145484375 0.9158177765625 0.360038084375 0.9295621640625 0.21083991562499999
21 1 0.46503659375 0.9861820140625 0.3667165203125 0.916651365625 0.365969378125 0.9092048390624999 0.369119725 0.9115243921875 0.38562419375 0.9021430546874999 0.3974616921875 0.8504048953125001 0.4110444390625 0.6890040203125001 0.4190012 0.6654070937500001 0.43073276250000003 0.5939416328125 0.43867276874999994 0.48282919687500003 0.4227314921875 0.052681504687500005 0.48318480781249995 0.0442675734375 0.49067873124999994 0.04571729375 0.5009940234375 0.0591578453125 0.51803934375 0.183998 0.5867503109375 0.20575490937500002 0.6068344578125 0.22458459843749998 0.942901115625 0.22197212500000002 1 0.2609762828125 1 0.2656924046875 0.84245245625 0.2595198984375 0.6413544296875 0.2635818921875 0.6365759390625 0.2897883140625 0.6434119046875 0.3854250328125 0.6951890703125 0.476810165625 0.705487609375 0.5433438015625 0.6961369171875 1 0.5728373859375 1 0.46503659375
2 0.7025309921875 0.41420737343749997 0.702918509375 0.40573768125000004 0.7152968609375 0.40399801718750006 0.731929575 0.41007567187499994 0.706400615625 0.39683307343749996 0.6791292140625 0.40487343437499995 0.688608125 0.3825031859375 0.6338729515625 0.385988096875 0.6068914953125 0.396091515625 0.562407490625 0.39392810625 0.543354871875 0.41554004375 0.54596436875 0.4341075703125 0.5891910218749999 0.438551496875 0.6474319703125 0.43194412031249996 0.6668892203125 0.42920958281250005 0.6685881015625 0.408458696875 0.6760346265625 0.40530835 0.679031640625 0.415406184375 0.7025309921875 0.41420737343749997
5 0.7050373984375 0.656581903125 0.7177056937499999 0.6569053 0.71528856875 0.65093358125 0.680958159375 0.6536545984375 0.671286878125 0.6634290390625 0.639457278125 0.8298955687499999 0.64261041875 0.8523313296874999 0.6431906546875 0.8522497828125 0.6513505375 0.8471583468749999 0.673698446875 0.7367233734374999 0.711416165625 0.7019691906250001 0.7209898734375 0.7027275015625001 0.737915309375 0.6772069046875 0.736465590625 0.6668916125 0.7229274625000001 0.6603790421875 0.7169306578125 0.6738446828125 0.70522976875 0.6691777125 0.7050373984375 0.656581903125
5 0.7702941265625001 0.96534856875 0.7785300656249999 0.9641910828125001 0.7794999578125 0.9506430015625 0.766948684375 0.7041576875 0.7681112390625 0.6787486125 0.776427596875 0.681787440625 0.77236838125 0.6529046203125 0.7802024234375 0.64128458125 0.835615059375 0.631393034375 0.8442213593749999 0.6364949203125 0.9471903609375 0.897622346875 0.9554091437500001 0.9111939250000001 0.9659502578125 0.907608659375 0.8630788296875 0.635948484375 0.8662709921875 0.6249808171875 0.9074680374999999 0.614983334375 0.9245858453125001 0.6020585484375001 0.9228461812500001 0.5896801968750001 0.9089205359375001 0.5916373187499999 0.7437448328125 0.6400969390625 0.76228735625 0.9404392296875 0.7702941265625001 0.96534856875
5 0.6039056359375 0.39730007968750003 0.62150575625 0.39903415781249996 0.6590283265625 0.38534547343750003 0.7178763828125 0.395220259375 0.7712925015625001 0.3877131125 0.7481970390625 0.30128417500000004 0.733016821875 0.2718605046875 0.5750004796875 0.2814454078125 0.6039056359375 0.39730007968750003
5 0.41637511250000003 1 0.3937358328125 0.7655505171875 0.470038325 0.7358926343750001 0.5000112390625 0.8032096687499999 0.508617540625 0.8083115546874999 0.4953776921875 0.7028781140625 0.3934514453125 0.6961648390625 0.26116476718750004 0.630604221875 0.2617390984375 0.7020529578125 0.27517965 0.7190982796875 0.26705566406250003 0.728655259375 0.261831115625 0.7588428265625 0.263077353125 0.891207546875 0.26317492656249997 0.8806747984375001 0.2856120765625 0.8606910015624999 0.2844523015625 0.8524387687500001 0.27081659999999996 0.8564589484375 0.2687869921875 0.8420175390625 0.2817507875 0.7770813734375001 0.2905522375 0.761117759375 0.2884278328125 0.723547790625 0.3158916046875 0.7281032390625 0.3635649921875 0.7529602921875 0.3939009640625 1 0.41637511250000003 1
5 0.35816770937500003 0.44577401562499996 0.3195631765625 0.32760084218749996 0.300708484375 0.2944859703125 0.1088369578125 0.294628209375 0.1050367390625 0.2951622953125 0.10400979375 0.3095073234375 0.15660389375 0.47042029999999996 0.33311599062499997 0.44929480625 0.35816770937500003 0.44577401562499996
19 0.2129199515625 0.938492028125 0.22230128906250002 0.926654528125 0.210137534375 0.6716995265625 0.19979156874999998 0.6542192890625 0.136840390625 0.6104713140625 0.11624325625000001 0.5986393999999999 0.0955485484375 0.5973402375 0.01131721875 0.6154896 0.063362159375 0.9858085984375 0.0692537734375 0.9849805859374999 0.2129199515625 0.938492028125
14 0.0375124859375 0.6110191687500001 0.041284534375 0.60417761875 0.0359679703125 0.5775753171875 0.016048296875 0.5593367703125 0.003090059375 0.5569503171875 0.0113897046875 0.616005365625 0.0212536984375 0.614619071875 0.0375124859375 0.6110191687500001
3 0.3189498234375 0.2895555328125 0.32677830937499996 0.3452581125 0.3541389515625 0.42766893125000005 0.3918538921875 0.4265760546875 0.3876998796875 0.374564678125 0.41216663750000004 0.3690222921875 0.4510413546875 0.3761816515625 0.45587282812499996 0.42178639687499997 0.472228125 0.4202767359375 0.500756371875 0.416267353125 0.5035489937500001 0.41298214062499994 0.49243632656249997 0.3114573609375 0.5023975515625 0.3037459796875 0.55810013125 0.29591749218749996 0.566505728125 0.389407496875 0.5942594437500001 0.39602600468750004 0.6014160234375 0.3908125953125 0.5733807 0.281147103125 0.65567721875 0.2716848890625 0.6521003171875 0.2574609375 0.637594784375 0.2552919421875 0.6284141515624999 0.178741321875 0.625807434375 0.1265124859375 0.6435051281249999 0.11771381562500001 0.6377062484375 0.0764526453125 0.538874590625 0.06930445468749999 0.26344794843749997 0.20899590156249997 0.2763030578125 0.2892377234375 0.3189498234375 0.2895555328125