11 0.315387390625 0.5254398953125 0.3111073953125 0.509031815625 0.42231606875 0.48663640468749997 0.4128556375 0.2617485140625 0.1619714734375 0.23543521093750003 0.172158534375 0.47071439374999996 0.22120467187499998 0.47772685625 0.2256698859375 0.5191830296875 0.29552045625 0.5101217609375001 0.293856328125 0.5311223359375 0.228827165625 0.5419348796875 0.226581734375 0.55462241875 0.2778733046875 0.5489473406250001 0.27435983125 0.5659003921875 0.28371199375 0.565246425 0.3073431609375 0.5447981875 0.3963340359375 0.540663759375 0.3909313234375 0.5305994515625 0.315387390625 0.5254398953125
4 0.2329835609375 0.578974753125 0.22118650624999997 0.47746707343750006 0.20857162968749998 0.4762607703125 0.01134414375 0.5004943640625 0.0307123921875 0.7998725734375001 0.03518544375 0.805041890625 0.039170740625 0.8047632124999999 0.23214009062500002 0.746107384375 0.2418883390625 0.72871835625 0.251385828125 0.730142646875 0.26048723125 0.748302 0.27437015 0.7452427921875 0.39474576875 0.697145315625 0.39923663125000003 0.6717702359375 0.5503501484375 0.615258096875 0.5429385234375 0.5092669171875001 0.39159989687499996 0.5177611234375 0.38750511875 0.526401140625 0.3916397875 0.5407309609375 0.2329835609375 0.578974753125
4 0 0.0897321625 0.33359877031249996 0.1586928234375 0.3374427875 0.168866125 0.3587230890625 0.18199700624999998 0.362105478125 0.25276678750000003 0.3672175375 0.25867457968749996 0.40959292343750003 0.2598882453125 0.4152862875 0.2741090703125 0.4515722234375 0.2778369734375 0.538568425 0.2675767640625 0.5318691875 0.0821757859375 0.5253437609375 0.078455246875 0.33730886875 0.0101555234375 0 0.0337424578125 0 0.0897321625
19 1 0.6453919609375001 0.9815377171874999 0.6441044078125 0.9775882656249999 0.654822684375 0.9806802593749999 0.9676085109375 1 0.9662575421874999 1 0.6453919609375001
19 0.72598915 0.598538328125 0.8263226640625 0.5523644390625 0.8364014578125 0.5621017640625 0.8451723156250001 0.5531347625 0.9175988625 0.558512309375 0.9515994750000001 0.5519579125 0.95075316875 0.47265710937499994 0.8936229093750001 0.4620331015625 0.819720296875 0.46354613906250003 0.806211628125 0.46449075781250004 0.70292085 0.489987234375 0.7073604140625 0.5982746609375 0.720328634375 0.59893415 0.72598915 0.598538328125
19 0.7972848625 0.6522896765625 0.7933354109375 0.6630079515625 0.7997155109375 0.6646502328125 0.8005874671875001 0.6771197828125 0.7885538953125 0.6842265140625 0.76361479375 0.6859704265625 0.723630165625 0.674147478125 0.689629553125 0.680701875 0.6141654046875 0.72148199375 0.5697298046875 0.7580039625 0.5609988375 0.7899408 0.564025034375 0.9004154812499999 0.5700090484375 0.9187928234375 0.5643954703125 0.9505116734374999 0.575927521875 0.9810315828125 0.5953077984374999 0.9929900625 0.9572497296875 0.9676806171875001 0.9531542453125 0.6413902265625 0.9083482093749999 0.6278160046875 0.8391843765625 0.6242987296875 0.7972848625 0.6522896765625
9 0.8454373187499999 0.624122534375 0.9290653734375001 0.632893634375 0.9501604562500001 0.62097641875 0.9194881 0.58552966875 0.8473522062500001 0.5843086390625001 0.823521578125 0.48990769062500006 0.808621378125 0.478419090625 0.830933203125 0.595898871875 0.8454373187499999 0.624122534375
21 0.8354931703125 0.54911265 0.84575793125 0.5854643328125 0.849762915625 0.5851842765625 0.8613441187499999 0.582808125 0.870656390625 0.559184321875 0.892332778125 0.5555801390624999 0.8354931703125 0.54911265
2 0.867738825 0.562259915625 0.862957309375 0.5834784765625 0.9229351031249999 0.589465471875 0.92562385625 0.5892774562499999 0.9520935109374999 0.581422309375 0.9486455781249999 0.55451394375 0.8814764171875 0.5571224484374999 0.867738825 0.562259915625
21 1 0.577092790625 0.99638734375 0.5652723515625 0.9837724671875 0.56406605 0.9799426921875 0.6436938375000001 0.9930017421875 0.6456522390625 0.9998210249999999 0.6451753874999999 1 0.6448984156249999 1 0.577092790625
21 0.8138491906249999 0.6427777015625 0.851799253125 0.62550503125 0.82935634375 0.5957480828125 0.82489113125 0.5542919078125 0.8169523359375 0.5527586234374999 0.6909232453125 0.6096051109375 0.67932565 0.6229466171875 0.7096674640625 0.6312670125000001 0.7147814296874999 0.68233676875 0.7183118687500001 0.6820898953125 0.72406614375 0.680382253125 0.7237356 0.6532559 0.8058049609375001 0.6621359953125 0.8138491906249999 0.6427777015625
3 0.52987095625 0.053599731250000004 0.5391176843750001 0.07383734374999999 0.5180226015625 0.085754559375 0.532315846875 0.155761378125 0.5383141046875 0.2639398125 0.5295432453125 0.2729068125 0.48589981875 0.2759586578125 0.4848568875 0.3282421015625 0.49365622968749995 0.49887728437499995 0.50558436875 0.51266213125 0.55136779375 0.517814325 0.557398821875 0.60406205 0.560646096875 0.603834978125 0.595566875 0.589906765625 0.6125272890625 0.56365973125 0.6301089 0.5686955671875 0.6775564515625 0.5528471875000001 0.6858913328125 0.5376454109375 0.6844380734375 0.5168628281250001 0.694873059375 0.486895253125 0.7306831265625 0.4614185421875 0.7343020328125001 0.42357391250000004 0.72296660625 0.261469753125 0.7177092218750001 0.2534837046875 0.7117650984375 0.2580762 0.70858216875 0.30215560468749997 0.7022020671875 0.30051332343750004 0.6926646859375001 0.27611919375 0.7029144546875 0.22110352500000002 0.7148027015625 0.211918534375 0.7226360625 0.23434339999999998 0.7301388796875 0.2296419109375 0.7330568078125 0.1145747359375 0.7318941999999999 0.0979486671875 0.666930578125 0.0648997953125 0.612336403125 0.045744765625 0.5369377953125001 0.0426634671875 0.52987095625 0.053599731250000004