14 0.6734375 0.276822915625 0.6734375 0.25390625 0.65 0.2247395828125 0.6265625 0.22265625 0.6078125 0.233072915625 0.5984375 0.25390625 0.596875 0.34140625 0.6125 0.35598958281250004 0.58125 0.38723958281250004 0.571875 0.40807291562500003 0.5640625 0.51640625 0.602294925 0.5234375 0.706982421875 0.5234375 0.7109375 0.51640625 0.6953125 0.40598958281249997 0.659375 0.32890625 0.6734375 0.276822915625
19 1 0.41640625 0.990625 0.41640625 0.9703125 0.4309895828125 0.9328125 0.533072915625 0.903125 0.576822915625 0.79375 0.664322915625 0.6734375 0.745572915625 0.65 0.72890625 0.096875 0.59140625 0.084375 0.58515625 0.078125 0.56640625 0.065625 0.5559895828125 0 0.5622395828125 0 0.9984375 0.9505122953124999 0.9984375 1 0.87265625 1 0.41640625
15 0.0625 0.45234375 0.053125 0.45859375 0.053125 0.47109375 0.0859375 0.5877604171875 0.31767216249999997 0.64375 0.318713378125 0.64375 0.3 0.5106770843749999 0.2921875 0.49817708437499997 0.2359375 0.504427084375 0.0625 0.45234375
15 0.9546875 0.48489583437499995 0.959375 0.4515625 0.9390625 0.44739583437499997 0.8703125 0.47447916718750005 0.828125 0.5182291671875 0.7875 0.5307291671875001 0.553125 0.5182291671875 0.428125 0.5223958343749999 0.4125 0.5390625 0.4265625 0.6703125 0.6390625 0.7244791671875 0.671129259375 0.746875 0.6726380828125 0.746875 0.803125 0.6578125 0.90625 0.5744791671875 0.9296875 0.5432291671875 0.9546875 0.48489583437499995
9 0.3046875 0.458072915625 0.296875 0.45598958281249996 0.265625 0.46432291562500005 0.2625 0.46640625 0.2625 0.476822915625 0.26875 0.49973958281249997 0.290625 0.49765625 0.296875 0.5059895828125 0.303125 0.570572915625 0.309375 0.5934895828125 0.3550781265625 0.596875 0.36658380625000003 0.596875 0.39375 0.5747395828124999 0.39375 0.56640625 0.3828125 0.5622395828125 0.321875 0.558072915625 0.3125 0.5184895828125 0.3046875 0.458072915625
11 0 0.459375 0.004785165625 0.459375 0.0765625 0.4515625 0.084375 0.3682291671875 0.08125 0.24322916718749998 0 0.22864583437500002 0 0.459375
4 0 0.15859375 0.04375 0.1690104171875 0.0453125 0.23359375 0.075 0.2377604171875 0.08125 0.2481770828125 0.09375 0.2502604171875 0.2155273421875 0.2578125 0.22813165781250003 0.2578125 0.2296875 0.0752604171875 0 0.0002604171875 0 0.15859375
19 0.76875 0.4692708328125 0.765625 0.4796875 0.7640625 0.5255208328125 0.76953125 0.5328125 0.7744419609375 0.5328125 0.828125 0.5192708328125 0.8703125 0.477604165625 0.7828125 0.465104165625 0.76875 0.4692708328125
19 0.56875 0.4734375 0.5625 0.4692708328125 0.4671875 0.45885416562500003 0.334375 0.47552083281249996 0.33591452187500004 0.5453125 0.3554687359375 0.5453125 0.4140625 0.5421875 0.434375 0.5234375 0.565625 0.5171875 0.56875 0.4734375
21 0.41875 0.56640625 0.4125 0.56640625 0.3953125 0.5684895828125 0.375 0.5872395828125 0.30625 0.5830729156250001 0.3203125 0.6455729156250001 0.35 0.65390625 0.3859375 0.64765625 0.38878348281249997 0.6609375 0.39857700937499996 0.6609375 0.4 0.64765625 0.421875 0.651822915625 0.4203125 0.576822915625 0.41875 0.56640625
2 0.3703125 0.552604165625 0.3734375 0.5630208328124999 0.399414065625 0.5703125 0.40572916406250004 0.5703125 0.41875 0.565104165625 0.4140625 0.5401041656250001 0.384375 0.5401041656250001 0.3703125 0.552604165625