16 0.3 0.28125 0.3171875 0.2875 0.3203125 0.32083333281250004 0.2984375 0.3291666671875 0.30625 0.3458333328125 0.30625 0.3791666671875 0.2953125 0.4 0.3171875 0.41875 0.315625 0.45416666718750004 0.3234375 0.43333333281249997 0.3328125 0.4375 0.3375 0.42291666718750004 0.3484375 0.41875 0.3640625 0.45208333281249996 0.3640625 0.40833333281249995 0.38125 0.41041666718750003 0.384375 0.4458333328125 0.3875 0.40625 0.41875 0.40416666718750005 0.425 0.2916666671875 0.440625 0.2666666671875 0.4390625 0.23541666718749998 0.4296875 0.2104166671875 0.4296875 0.15625 0.3828125 0.1291666671875 0.3328125 0.1145833328125 0.2953125 0.11875 0.2953125 0.2666666671875 0.3 0.28125
14 0.7765625 0.3541666671875 0.7125 0.3916666671875 0.7046875 0.40625 0.6859375 0.6 0.6890625 0.60625 0.7296875 0.60625 0.746875 0.6 0.7734375 0.6145833328125 0.903125 0.6145833328125 0.9078125 0.4458333328125 0.9015625 0.4125 0.8515625 0.3770833328125 0.8296875 0.35208333281250004 0.8296875 0.3291666671875 0.8390625 0.3125 0.8390625 0.25625 0.825 0.23125 0.8 0.2270833328125 0.784375 0.23541666718749998 0.7734375 0.25833333281250004 0.7765625 0.3541666671875
21 1 0.76875 0.890625 0.75 0.8734375 0.825 0.66875 0.8229166671874999 0.6546875 0.8125 0.6296875 0.7583333328124999 0.63125 0.7458333328125 0.6640625 0.7395833328125 0.653125 0.7270833328124999 0.5578125 0.7125 0.5671875 0.7166666671875 0.5640625 0.7333333328125 0.575 0.7416666671875001 0.5765625 0.7541666671875 0.5265625 0.7833333328125 0.478125 0.7604166671875 0.4484375 0.7625 0.4015625 0.7479166671875 0.3921875 0.7333333328125 0.409375 0.7104166671875001 0.4515625 0.6895833328125 0.4859375 0.6875 0.465625 0.6770833328125 0.425 0.6729166671875 0.2828125 0.75 0.2140625 0.7979166671875 0.26875 0.8229166671874999 0.2671875 1 0.2859375 1 0.2875 0.8479166671874999 0.3015625 0.8458333328125001 0.4265625 0.8833333328125 0.453125 0.8833333328125 0.9140625 1 1 1 1 0.76875
9 0.6296875 0.7479166671875 0.6328125 0.7708333328125 0.659375 0.81875 0.821875 0.8270833328125 0.878125 0.8229166671874999 0.90625 0.6145833328125 0.684375 0.6041666671875 0.6765625 0.6104166671875 0.6625 0.7458333328125 0.6296875 0.7479166671875
19 0.5140625 0.43125 0.6 0.43958333281249995 0.578125 0.53125 0.5734375 0.6 0.5609375 0.6145833328125 0.4125 0.5895833328125 0.4421875 0.5 0.4515625 0.45416666718750004 0.4484375 0.44375 0.2765625 0.46458333281249997 0.2703125 0.4895833328125 0.2671875 0.6958333328124999 0.271875 0.7479166671875 0.29375 0.7479166671875 0.415625 0.675 0.665625 0.7104166671875001 0.675 0.6270833328125 0.628125 0.6229166671875 0.6234375 0.6166666671875001 0.634375 0.45208333281249996 0.64375 0.44166666718750003 0.690625 0.4479166671875 0.6984375 0.44166666718750003 0.625 0.3958333328125 0.5671875 0.3875 0.5203125 0.4 0.4875 0.42083333281249996 0.5140625 0.43125
15 0.6703125 0.6229166671875 0.684375 0.6020833328124999 0.6921875 0.56875 0.6984375 0.45208333281249996 0.64375 0.43958333281249995 0.6328125 0.45 0.621875 0.61875 0.6703125 0.6229166671875
15 1 0.4875 0.9109375 0.4791666671875 0.903125 0.6520833328125 1 0.66875 1 0.4875
15 0.4109375 0.5916666671875 0.5671875 0.6125 0.5734375 0.6020833328124999 0.5859375 0.48541666718750004 0.6015625 0.43958333281249995 0.4640625 0.4166666671875 0.4515625 0.43333333281249997 0.440625 0.5 0.4109375 0.5916666671875
19 1 0.6645833328124999 0.909375 0.65 0.896875 0.68125 0.89375 0.75 1 0.7708333328125 1 0.6645833328124999
19 0.05625 1 0.071875 0.625 0 0.6125 0 1 0.05625 1
4 1 0.125 0.9734375 0.125 0.6140625 0.1354166671875 0.6125 0.19583333281249998 0.6984375 0.2 0.6984375 0.2916666671875 0.76875 0.29375 0.78125 0.2416666671875 0.796875 0.2270833328125 0.8140625 0.225 0.8375 0.24583333281250003 0.8421875 0.2645833328125 0.8390625 0.28958333281250004 0.8453125 0.2958333328125 1 0.3 1 0.125
7 0.6515625 0.41041666718750003 0.684375 0.43333333281249997 0.690625 0.43333333281249997 0.6984375 0.1979166671875 0.6203125 0.1979166671875 0.609375 0.20416666718749998 0.603125 0.3916666671875 0.6515625 0.41041666718750003
10 0.6984375 0.3791666671875 0.7140625 0.3770833328125 0.7140625 0.375 0.7265625 0.375 0.7265625 0.3729166671875 0.7453125 0.3729166671875 0.7453125 0.375 0.7484375 0.375 0.7484375 0.3729166671875 0.759375 0.3708333328125 0.759375 0.36875 0.7671875 0.3645833328125 0.76875 0.325 0.7703125 0.325 0.7703125 0.3166666671875 0.771875 0.3166666671875 0.771875 0.3083333328125 0.7734375 0.3083333328125 0.7734375 0.29375 0.771875 0.2916666671875 0.6953125 0.28958333281250004 0.69375 0.36875 0.6953125 0.36875 0.6984375 0.3791666671875
2 0.3921875 0.7416666671875001 0.446875 0.7625 0.475 0.7583333328124999 0.5203125 0.7854166671875 0.578125 0.7541666671875 0.5765625 0.7416666671875001 0.5640625 0.7333333328125 0.5703125 0.71875 0.45625 0.6833333328125 0.4078125 0.7125 0.3953125 0.725 0.3921875 0.7416666671875001
18 0.9109375 0.3645833328125 0.909375 0.3645833328125 0.909375 0.3854166671875 0.9078125 0.3854166671875 0.9078125 0.3895833328125 0.90625 0.3895833328125 0.90625 0.3916666671875 0.9015625 0.3916666671875 0.9015625 0.4 0.903125 0.4 0.903125 0.40208333281249997 0.90625 0.40208333281249997 0.9078125 0.40625 0.9109375 0.40625 0.9109375 0.40833333281249995 0.9234375 0.40833333281249995 0.925 0.40416666718750005 0.921875 0.40208333281249997 0.921875 0.39375 0.915625 0.3895833328125 0.915625 0.3583333328125 0.9125 0.35625 0.9125 0.3583333328125 0.9109375 0.3583333328125 0.9109375 0.3645833328125