19 1 0.476263621875 0.986696946875 0.38160748125 0.9826089546875 0.3791840859375 0.6819774140625 0.387248221875 0.6679541953125 0.39973809375 0.6470378625000001 0.44738360000000005 0.457494365625 0.4740222015625 0.4492125140625 0.49227957499999997 0.4544660125 0.5507108281249999 0.3500236765625 0.565389240625 0.305840425 0.5808029515625 0.3215434078125 0.72060304375 0.49819806875 0.8759143609375 0.51995775625 0.8623372 0.5939386125 0.84142083125 0.60953351875 0.8260803140625 0.63672965625 0.8511854984375 0.8053498749999999 0.956345678125 0.984866075 0.9320367359375 1 0.9299098015625 1 0.476263621875
5 0.1391761125 0.5042952374999999 0.16226355312500002 0.5141993078125 0.153429375 0.6337800390624999 0.172293096875 0.5574956546875 0.1669751421875 0.54772400625 0.16981707031249998 0.532860925 0.1817232203125 0.54039178125 0.173078940625 0.5560703328125001 0.191695253125 0.5481944609375 0.19411376875 0.537335525 0.2157514890625 0.5369243 0.20021756562499998 0.5456818484375 0.21327199062500002 0.55436620625 0.19343600156250002 0.69390145625 0.207947090625 0.62874783125 0.22402639375 0.6028202 0.21520263437499998 0.5961710203125 0.2223971953125 0.570177178125 0.22874145625 0.5942682625 0.2394993328125 0.6006456203125 0.2588370328125 0.6400040328125 0.270307940625 0.721623784375 0.2703714046875 0.7216148640625 0.264639384375 0.639188565625 0.2686295875 0.6254789828125 0.2807186890625 0.6132609328124999 0.29262136562499996 0.6628684265625 0.2897863828125 0.5935782359374999 0.308585646875 0.5659534578125001 0.325206859375 0.564932378125 0.304297471875 0.5284246125000001 0.3210406515625 0.5142375953125 0.33174101718750004 0.485121284375 0.3412187 0.3245095421875 0.3408742703125 0.3220587921875 0.23547245625 0.3264017140625 0.22216715156250003 0.42820250625 0.135917715625 0.43900919375 0.1391761125 0.5042952374999999
5 0.19483179374999998 0.40561515937500003 0.2059529546875 0.40405218125 0.21601647656249998 0.40198040625000003 0.21976621562499998 0.37252606250000003 0.2114878375 0.34870679843749997 0.13150235 0.356134875 0.12875588124999998 0.35652086562499996 0.1322465390625 0.3953451875 0.13798790625 0.4011126890625 0.17473613593749998 0.3959480625 0.19483179374999998 0.40561515937500003
5 0 0.534963409375 0.007510798437500001 0.5884055125 0.0716712046875 0.7684746234375 0.071807515625 0.768455465625 0.0412265234375 0.6479712656250001 0.0441294359375 0.6265252140625 0.0371788109375 0.6261871796875 0.034943246875 0.6172972109375 0.043827990625 0.6173634203125 0.0571838609375 0.6352095703125 0.0687850921875 0.6756552734375 0.088315053125 0.7142766296875 0.08798293593749999 0.711913490625 0.0690290265625 0.6493233968750001 0.0342218609375 0.570062928125 0.060334181249999994 0.54535500625 0.0495763046875 0.53897765 0.043171059375 0.5214695328125 0.0065586890625 0.3451616734375 0.0008173203125 0.339394171875 0 0.3395090390625 0 0.534963409375
9 0.075969128125 0.4110122515625 0.069323421875 0.377759375 0.067026875 0.37545237343750004 0.0648522953125 0.359979434375 0.060320184374999995 0.3487824640625 0.050649596875 0.3501415765625 0.048353049999999995 0.3478345765625 0.010818978125 0.3544245265625 0.0119062671875 0.3621609953125 0.0142028140625 0.36446799531249996 0.024110390625 0.42093028125 0.0275552125 0.4243907828125 0.06043520625 0.41976979999999997 0.062731753125 0.42207680156249994 0.099977103125 0.4155375421875 0.0994320640625 0.411659390625 0.0890845359375 0.41311364062499994 0.0867879890625 0.410806640625 0.0813480671875 0.4142009296875 0.075969128125 0.4110122515625
21 0.286904659375 0.577985534375 0.28923977343749996 0.581689653125 0.29248909218749997 0.581232990625 0.29360606875 0.5807604390625001 0.291619953125 0.5666284890625 0.286797203125 0.5617837875 0.2848630859375 0.562055609375 0.2847059171875 0.562340675 0.286904659375 0.577985534375
21 0.2933205953125 0.6124102671875 0.2953874875 0.6144865671875 0.29574991875 0.6170653890625 0.29850577500000003 0.619833790625 0.29908600937499996 0.61975224375 0.29532881875 0.59301844375 0.2932738921875 0.592430659375 0.2910735296875 0.5964215625 0.2933205953125 0.6124102671875
21 0.27837420156250003 0.5327253296875 0.28054878125 0.54819826875 0.288389103125 0.558141371875 0.290387690625 0.5578604890625 0.286799634375 0.532330140625 0.284962396875 0.5304845406250001 0.2791600453125 0.5313000078125001 0.27837420156250003 0.5327253296875
21 0.33598403125 0.41076022031250004 0.33695806093749997 0.41404201562500004 0.3586975390625 0.41098673124999996 0.3591690453125 0.41013153750000003 0.3616718953125 0.402679434375 0.36112825000000004 0.3988112015625 0.3581427390625 0.3958121 0.33880156562499997 0.39853032499999996 0.3355201203125 0.40745932500000004 0.33598403125 0.41076022031250004
21 0.3289536265625 0.4982673578125 0.3285302125 0.502271503125 0.3191000890625 0.5193753765625 0.31946251875 0.5219541999999999 0.321759065625 0.5242612015625 0.323571215625 0.5371553171875 0.3258677625 0.53946231875 0.3291296328125 0.5626717265625001 0.33395238125 0.5675164265625 0.341302028125 0.5664835015625 0.3414591953125 0.5661984375 0.3419307015625 0.56534324375 0.338886290625 0.5436811296874999 0.3381973265625 0.5429890296875 0.3331233078125 0.50688550625 0.330826759375 0.5045785046875 0.3289536265625 0.4982673578125
21 0.225794865625 0.41261537812500004 0.22466042968750002 0.4045434515625 0.0345420953125 0.4249866953125 0.0266235765625 0.4260995703125 0.0306236703125 0.447627371875 0.21809712499999998 0.42759111875 0.22590642343749998 0.42649359374999996 0.225794865625 0.41261537812500004