21 0.2685546875 0.5442708328125 0.3173828125 0.5494791671875 0.3203125 0.5768229171875 0.3369140625 0.5885416671875 0.6767578125 0.6458333328125 0.681640625 0.62109375 0.6953125 0.60546875 0.673828125 0.5716145828125 0.666015625 0.5247395828125 0.4404296875 0.4947916671875 0.4306640625 0.4947916671875 0.4228515625 0.5182291671875 0.3916015625 0.5182291671875 0.3837890625 0.4895833328125 0.3408203125 0.484375 0.0009765625 0.5338541671875 0 0.9934895828125001 0.02734375 0.9934895828125001 0.0322265625 0.6510416671875 0.2509765625 0.703125 0.25 0.55078125 0.2685546875 0.5442708328125
5 0.68359375 0.62109375 0.681640625 0.64453125 0.6708984375 0.6458333328125 0.3271484375 0.5859375 0.318359375 0.58203125 0.318359375 0.5533854171875 0.3056640625 0.546875 0.2626953125 0.546875 0.25 0.5559895828125 0.2578125 0.81640625 0.2705078125 0.9973958328125001 0.33203125 0.9934895828125001 0.3291015625 0.9010416671874999 0.6279296875 0.9973958328125001 0.740234375 0.99609375 0.748046875 0.9361979171874999 0.7509765625 0.6197916671875 0.6962890625 0.6119791671875 0.68359375 0.62109375
5 0.240234375 0.9466145828125001 0.2548828125 0.9505208328125001 0.2529296875 0.9375 0.26171875 0.9440104171874999 0.255859375 0.70703125 0.1298828125 0.6744791671875 0.0341796875 0.7005208328125 0.03125 0.7591145828125 0.0361328125 0.765625 0.1123046875 0.7864583328125 0.119140625 0.7981770828125 0.11328125 0.88671875 0.0712890625 0.9114583328125001 0.0341796875 0.9010416671874999 0.03125 0.92578125 0.1181640625 0.9635416671874999 0.1240234375 1 0.146484375 0.9986979171874999 0.150390625 0.89453125 0.1865234375 0.8723958328125001 0.2392578125 0.8880208328125001 0.240234375 0.9466145828125001
3 0.0009765625 0 0 0.4075520828125 0.0166015625 0.421875 0.0322265625 0.421875 0.0947265625 0.4192708328125 0.1103515625 0.4166666671875 0.1162109375 0.40625 0.1376953125 0.40625 0.14453125 0.4986979171875 0.1494140625 0.5078125 0.171875 0.5065104171875 0.279296875 0.4856770828125 0.287109375 0.1080729171875 0.3046875 0.0221354171875 0.2626953125 0 0.0009765625 0
5 0.1181640625 0.5104166671875 0.1416015625 0.5104166671875 0.138671875 0.4127604171875 0.1181640625 0.40625 0.1123046875 0.4192708328125 0.0146484375 0.4244791671875 0.0087890625 0.4114583328125 0.0009765625 0.4114583328125 0 0.5299479171875 0.005859375 0.5299479171875 0.017578125 0.5247395828125 0.0185546875 0.5 0.1142578125 0.4921875 0.1181640625 0.5104166671875
21 0.4990234375 0.6875 0.3642578125 0.6666666671875 0.3486328125 0.65625 0.322265625 0.6627604171875 0.3291015625 0.7083333328125 0.67578125 0.78515625 0.6796875 0.73828125 0.6728515625 0.7265625 0.5029296875 0.6953125 0.4990234375 0.6875
21 0.8349609375 0.625 0.7939453125 0.6458333328125 0.755859375 0.6471354171875 0.7529296875 0.8203125 0.998046875 0.8763020828125001 0.9990234375 0.5625 0.8779296875 0.546875 0.859375 0.6002604171875 0.8349609375 0.625
14 0.896484375 0.41015625 0.8896484375 0.3932291671875 0.84765625 0.36328125 0.857421875 0.30078125 0.8466796875 0.2838541671875 0.8310546875 0.28125 0.814453125 0.30078125 0.8125 0.3294270828125 0.818359375 0.35546875 0.8037109375 0.3723958328125 0.76953125 0.3893229171875 0.7578125 0.4544270828125 0.7822265625 0.4583333328125 0.7841796875 0.4479166671875 0.8017578125 0.4505208328125 0.8017578125 0.5052083328125 0.865234375 0.51171875 0.88671875 0.5065104171875 0.88671875 0.4674479171875 0.896484375 0.4544270828125 0.896484375 0.41015625
19 0.5205078125 0.4635416671875 0.4462890625 0.4739583328125 0.435546875 0.4856770828125 0.4404296875 0.4947916671875 0.623046875 0.5143229171875 0.625 0.5013020828125 0.6181640625 0.4921875 0.5361328125 0.4817708328125 0.5205078125 0.4635416671875
15 0.51171875 0.4440104171875 0.5302734375 0.4791666671875 0.58984375 0.4830729171875 0.5458984375 0.421875 0.5146484375 0.4114583328125 0.505859375 0.4153645828125 0.51171875 0.4440104171875
15 0.560546875 0.41796875 0.55859375 0.4361979171875 0.5908203125 0.484375 0.625 0.48828125 0.626953125 0.47265625 0.5986328125 0.4088541671875 0.5869140625 0.421875 0.560546875 0.41796875
19 1 0.55859375 0.9990234375 0.4817708328125 0.869140625 0.5143229171875 0.8779296875 0.546875 1 0.55859375
4 0.74609375 0.24869791718749998 0.7509765625 0.2552083328125 0.98046875 0.26171875 1 0.2591145828125 0.9990234375 0.1614583328125 0.75 0.1705729171875 0.74609375 0.24869791718749998