4 0.27789969999999997 0.17627474062499998 0.14559602968750002 0.1998696421875 0.1417896890625 0.2048541734375 0.17432994375 0.3640704515625 0.28257531875 0.352845440625 0.2981049703125 0.3498267828125 0.3273679546875 0.34068985625 0.30771360625 0.3296539875 0.304364609375 0.28785843906249997 0.27789969999999997 0.17627474062499998
6 0.8704258390625 0.41579313281249997 0.8705946859375 0.44122822968750003 0.795780090625 0.449403734375 0.7788520906249999 0.4442049 0.7779444890625 0.42315805468749995 0.77180931875 0.4243506109375 0.7515287796875 0.4346597265625 0.7707856093750001 0.44365053750000005 0.7620929390625 0.464441159375 0.7671481171875 0.47407016406249997 0.8542330515625001 0.463509546875 0.8830338734375 0.4642782140625 0.889225325 0.4715640234375 0.7530590312500001 0.491665090625 0.713236709375 0.5078950718749999 0.4903267171875 0.532123446875 0.4448230265625 0.56006940625 0.44612814843750004 0.5831613078125 0.9378928765625 0.5565475375 0.9490942 0.5543702203125 0.9600013687500001 0.5490665921875 0.9581897046875 0.4496694 0.93456016875 0.4181829671875 0.8704258390625 0.41579313281249997
4 0.758144121875 0.476881528125 0.7671780296875 0.449657596875 0.7341170671875 0.4433500375 0.43559744218749996 0.47166380625000004 0.431791103125 0.4766483359375 0.44610177812499996 0.5502703734375001 0.45303198437500003 0.55316793125 0.48018644843749997 0.53727800625 0.5212013265625 0.5271831953125 0.8274324671875 0.5095738390625 0.8465473859375001 0.505858275 0.8922629984375 0.49538031406250005 0.8875490562499999 0.47931800156250004 0.7666644046875 0.48795931093749995 0.758144121875 0.476881528125
4 0.5719999812500001 0.1907359546875 0.508773253125 0.2093929640625 0.5498302484375001 0.4369905296875 0.568689559375 0.44393628124999995 0.6356685484375 0.43383508437499996 0.6662337734375 0.42789380625 0.668614740625 0.401167203125 0.6361343109375001 0.1931257875 0.6226151328125 0.180897365625 0.5719999812500001 0.1907359546875
4 0.6709197625 0.5604242187499999 0.614169440625 0.5714553640625 0.5964464031250001 0.5621664156249999 0.5343559484375 0.578480228125 0.4545424578125 0.5855050937499999 0.4511336375 0.59253468125 0.4914518765625 0.8245204968750001 0.505368575 0.8387939765624999 0.5359375656250001 0.8384230734375 0.943542915625 0.7591926203125 0.9039401109374999 0.5554538531250001 0.836738196875 0.5536602984375001 0.74238181875 0.5677566671875 0.6740436296875 0.56830630625 0.6709197625 0.5604242187499999
21 0 0.5481445265625 0.0227020453125 0.6649364234374999 0.14284794218750002 0.6606833640625001 0.19730800937499998 0.9408561234375 0.2059883578125 0.947127559375 0.20953524843750002 0.9464381124999999 0.2184398671875 0.9431154859375 0.166991103125 0.6538680828125 0.274528965625 0.60112994375 0.263285875 0.5269116265625 0.13319846875000002 0.537341771875 0.12234935625000001 0.5224720140625 0.030023645312500003 0.53882656875 0 0.5446625734375 0 0.5481445265625
7 0 0.5478460640625 0.010041554687499999 0.545894184375 0.1200205265625 0.5186800390624999 0.1230318296875 0.509605396875 0.10457711875 0.3900976953125 0.080043521875 0.2802609140625 0.009461810937499999 0.275410253125 0 0.2772494421875 0 0.5478460640625
13 0.3332242734375 0.4854614453125 0.35946050937499996 0.6204351828125 0.4052969421875 0.6250553140624999 0.4224836265625 0.6217145609375 0.45040806718750004 0.6133683999999999 0.43377210312500003 0.47865088437500003 0.4118452078125 0.472301409375 0.3332242734375 0.4854614453125
6 0.700842690625 0.44345094218750003 0.72551118125 0.4386558734375 0.7291049859375 0.42575393124999994 0.6918401656250001 0.42238584687499997 0.507672503125 0.4412058015625 0.41871254062499996 0.45849786718749996 0.3228513921875 0.46280568281249995 0.3182500203125 0.46370009999999995 0.315097125 0.4659047046875 0.31827727499999997 0.482265159375 0.34054540625 0.482181325 0.700842690625 0.44345094218750003
5 0.3993249484375 0.8418975765625 0.3527554328125 0.6514510859375 0.335553103125 0.4892534171875 0.322487725 0.48754841875 0.330269253125 0.503014453125 0.32112278125 0.513281653125 0.32350789375 0.52555199375 0.305158665625 0.537608028125 0.2852193640625 0.5414838343749999 0.27959781875 0.5043746765625 0.26005603593750004 0.510295540625 0.274929534375 0.6687012359375 0.24078858125 0.6732152375 0.17846945625 0.71291909375 0.2196425578125 0.9001698875 0.22964035 0.9024711640625 0.2372530296875 0.8925021046875001 0.23089273124999998 0.8597811984374999 0.25276334375 0.8576523078125 0.31882898593750003 0.8617890609375 0.3306419828125 0.906184028125 0.33711794687499996 0.9057211000000001 0.34766276875 0.90367139375 0.32962535625 0.8108769499999999 0.37069651718749996 0.8092605046875001 0.3817144765625 0.8495653593749999 0.3993249484375 0.8418975765625
18 0.2387487375 0.47437834843750004 0.24113384999999998 0.4866486890625 0.312483340625 0.47702440625 0.3396378046875 0.4611344796875 0.25175783125 0.46760498437500003 0.2387487375 0.47437834843750004