19 1 0.6655892999999999 0.8921353328125001 0.625974746875 0.9382513890625 0.5138803703125 0.8507319843750001 0.5148520109375 0.8477923140625 0.56498514375 0.859779065625 0.639612271875 0.835085125 0.6488130171875001 0.78460663125 0.6359835421875 0.6718116281250001 0.629499415625 0.680197709375 0.5562454531250001 0.6767457718750001 0.5021663140625 0.59481819375 0.48418125625 0.5887174171875 0.4885635078125 0.5834164187499999 0.5158484640625 0.5906458171875 0.5885571203125 0.602303728125 0.6089960484375 0.6007108015625 0.7424662796875 0.6729782609375 0.7524502640625 0.6890299859375 0.7643973453124999 0.6648136171875 0.921588240625 0.7842910578125 0.9403466328125001 0.8248913109375 0.9389288406249999 0.8368747453125 0.923918146875 0.853435421875 0.950439678125 0.8578672484375 0.9878077718749999 1 0.9828443874999999 1 0.6655892999999999
15 1 0.491272475 0.998159471875 0.43856664375000004 0.987228634375 0.43894835781249997 0.9706332640625 0.45620470781250005 0.9338484843750001 0.522111959375 0.8871507718749999 0.6175498234375 0.8892212703125001 0.6320697421875 1 0.6657231921875 1 0.491272475
19 0.1922965328125 0.5980380015625 0.22846164062500002 0.46961429218750006 0.227589153125 0.44462952187499993 0.21353521875 0.44512029531249997 0.0500816125 0.46542044374999997 0.016163796875 0.47911249843750003 0.024088890625 0.7060574984375 0.0292824859375 0.7204683578125 0.11109934375 0.6905114078125 0.32437343125 0.717199090625 0.339787971875 0.716660803125 0.3557914671875 0.71323561875 0.3583295890625 0.6068322203125 0.3288055890625 0.612032428125 0.1922965328125 0.5980380015625
15 0.23914543125 0.41738670000000005 0.228796253125 0.434424928125 0.21855779375 0.4994051625 0.18754826875 0.5963797875 0.3490420953125 0.6095017281249999 0.3563408859375 0.594654625 0.3695190140625 0.4795412578125 0.38502377656250003 0.4310539453125 0.3706790140625 0.4232164625 0.23914543125 0.41738670000000005
15 0.41938692499999997 0.4301145328125 0.410308465625 0.4387699734375 0.40504879687499995 0.601552696875 0.5663422125 0.5977442328125 0.589356209375 0.5969405671875 0.5824456171875 0.5328197671875 0.5907589921875 0.45748374218750004 0.5869815296875001 0.43885422500000004 0.41938692499999997 0.4301145328125
15 0.679921740625 0.4587998890625 0.67389366875 0.4652642046875 0.6781106921875 0.5860239296875001 0.66819775625 0.615554540625 0.6719025109375 0.6321019953125 0.7093069609375 0.6287111999999999 0.8278253187500001 0.64646078125 0.84514429375 0.6458559890625 0.8568195609375 0.644405978125 0.8453037484375001 0.5384933546874999 0.85078485625 0.471594646875 0.679921740625 0.4587998890625
14 0.9025563578125 0.342365375 0.89946795625 0.29869655625 0.882325621875 0.2555185125 0.8898045218749999 0.20105766093750002 0.8752416359374999 0.18697398437499999 0.8596261546875 0.18751928906249998 0.846008465625 0.20050244843749998 0.8363136515624999 0.23627925468750002 0.8370407249999999 0.2570998953125 0.84884405 0.28170295312500004 0.8267675703125 0.3658580109375 0.821940828125 0.451495296875 0.8239386203124999 0.4639331515625 0.8509211828125001 0.47549851875 0.85815703125 0.5078177625 0.8694294453125 0.5074241203125001 0.8879274 0.5054752812500001 0.8887618749999999 0.4846001078125 0.9005998937499999 0.4654252859375 0.9025563578125 0.342365375
21 0.4921276671875 1 0.6516065640625001 0.9911019234375 0.6878410625 0.77512245625 0.6809405046875 0.756602 0.5977422078125 0.746999728125 0.5901525890625 0.7535185734375001 0.58960894375 0.7827220046875001 0.5810394343749999 0.8059518921875 0.44064551406249997 0.8150237625000001 0.3660547375 0.8280515453125 0.3555221328125 0.7950657015625 0.353922571875 0.7492602890625 0.3438989171875 0.73084889375 0.32040298749999996 0.7295847859375 0.29334771875 0.715937353125 0.2370592765625 0.7158183874999999 0.208515165625 0.70430755 0.0955020390625 0.691577228125 0.007802525 0.7321626218749999 0.014637009375000001 0.9278766578125 0.09663729531250001 0.94794378125 0.09967769531250001 1 0.13248251718749998 1 0.12227643125000001 0.9658098718750001 0.1280863796875 0.9530993640625001 0.4370770390625 1 0.4921276671875 1
2 0.24783892812500002 0.800650109375 0.29522901875 0.7698107656250001 0.2912334359375 0.74493505625 0.27176778437500004 0.7247687796875 0.22477592500000002 0.7222405640625 0.19125634062500002 0.7025650625 0.16924925156249998 0.6991643609375 0.09567637812499999 0.7413410421875 0.0883775875 0.7561881453125 0.088959246875 0.7728446578125 0.1192830265625 0.7905471578125 0.169325275 0.7908842468749999 0.2106526015625 0.810287096875 0.24783892812500002 0.800650109375
9 0.5901435 0.753258315625 0.6026672640624999 0.6194063703125 0.5973282546875 0.6008313843749999 0.5861065875 0.5928848390625 0.52542433125 0.6012577203125 0.40496699999999997 0.5992103734375 0.3613890671875 0.6049013546875 0.35401756875 0.6176663921875 0.35115392343749996 0.7595194125 0.3531170203125 0.815735146875 0.360017578125 0.834255603125 0.5846623937500001 0.8201570234375 0.59435720625 0.7843802171875 0.5901435 0.753258315625
19 0.4166182765625 0.4403736578125 0.42264634687499997 0.4339093421875 0.4774459484375 0.43616490625 0.48035092187500006 0.42980965156249995 0.40543130625 0.388649234375 0.3442400984375 0.382447665625 0.307053771875 0.3920846546875 0.26732600624999997 0.4184872171875 0.38190068125 0.43116300625 0.3824823390625 0.4478195203125 0.36436343125000004 0.51099034375 0.3580478484375 0.5987642234375 0.403478159375 0.6013469687499999 0.41662159374999996 0.5300114796875001 0.4166182765625 0.4403736578125