14 0.89375 0.2916666671875 0.88125 0.3166666671875 0.871875 0.46666666718750005 0.875 0.7354166671875 0.8453125 0.75625 0.85 0.7645833328125 0.89375 0.78125 0.925 0.7729166671875001 0.93125 0.7604166671875 0.9390625 0.6208333328125 0.9515625 0.5291666671875 0.9671875 0.48541666718750004 0.978125 0.3604166671875 0.9765625 0.3125 0.9484375 0.25833333281250004 0.93125 0.2541666671875 0.953125 0.2416666671875 0.9578125 0.20625 0.946875 0.1895833328125 0.9296875 0.1875 0.909375 0.20208333281250002 0.9109375 0.2791666671875 0.89375 0.2916666671875
9 0.7453125 0.4604166671875 0.75625 0.46666666718750005 0.7546875 0.4770833328125 0.7640625 0.4770833328125 0.7671875 0.40208333281249997 0.7015625 0.39791666718749996 0.6953125 0.42083333281249996 0.6984375 0.4583333328125 0.7453125 0.4604166671875
21 0.8078125 0.575 0.803125 0.5166666671875 0.8265625 0.51875 0.8203125 0.56875 0.834375 0.51875 0.871875 0.5208333328125 0.8671875 0.48125 0.815625 0.4875 0.7171875 0.4770833328125 0.7265625 0.5041666671875 0.78125 0.5104166671875 0.8015625 0.58125 0.8078125 0.575
5 0.784375 0.4791666671875 0.8140625 0.46458333281249997 0.796875 0.44375 0.76875 0.44166666718750003 0.7640625 0.45416666718750004 0.7671875 0.4770833328125 0.784375 0.4791666671875
5 0.7203125 0.5541666671875001 0.7484375 0.5666666671875 0.7875 0.5604166671875 0.7828125 0.5125 0.7515625 0.5083333328124999 0.7546875 0.54375 0.728125 0.5458333328125 0.7203125 0.5541666671875001
19 0.40625 0.47291666718750003 0.3828125 0.5625 0.3734375 0.5604166671875 0.3640625 0.51875 0.3484375 0.50625 0.253125 0.5 0.23125 0.4916666671875 0.1953125 0.5 0.1859375 0.5145833328125 0.1859375 0.5395833328124999 0.190625 0.54375 0.1875 0.5958333328125 0.1953125 0.6583333328125 0.23125 0.6916666671875 0.275 0.7125 0.434375 0.7395833328125 0.471875 0.7395833328125 0.490625 0.7291666671875 0.5125 0.7041666671875 0.53125 0.6645833328124999 0.553125 0.6604166671875 0.55625 0.6395833328125 0.5625 0.6354166671875 0.5625 0.5854166671875001 0.55625 0.5541666671875001 0.5421875 0.55 0.540625 0.5416666671875 0.553125 0.4145833328125 0.5703125 0.3541666671875 0.5609375 0.3479166671875 0.45 0.34375 0.43125 0.3895833328125 0.4265625 0.4479166671875 0.40625 0.47291666718750003
5 0.5765625 0.5104166671875 0.5796875 0.48541666718750004 0.5734375 0.46458333281249997 0.5515625 0.4458333328125 0.5390625 0.5479166671875 0.55625 0.5520833328125 0.5765625 0.5104166671875
5 0.9640625 0.5895833328125 0.94375 0.58125 0.9421875 0.6020833328124999 0.984375 0.59375 0.990625 0.5770833328125 1 0.5916666671875 0.996875 0.46875 0.975 0.5125 0.9734375 0.5833333328125 0.9640625 0.5895833328125
5 0.6578125 0.5833333328125 0.6984375 0.5875 0.7015625 0.5604166671875 0.7234375 0.5229166671875001 0.7234375 0.49791666718750005 0.703125 0.4625 0.665625 0.45208333281249996 0.6375 0.475 0.634375 0.51875 0.6578125 0.5833333328125
21 0.596875 0.4895833328125 0.6359375 0.4916666671875 0.6453125 0.46666666718750005 0.5828125 0.4583333328125 0.5734375 0.4625 0.578125 0.48541666718750004 0.596875 0.4895833328125
21 0.3703125 1 0.35625 0.8020833328125001 0.3765625 0.7916666671875 0.375 0.7770833328125 0.1234375 0.6916666671875 0.1109375 0.69375 0.109375 0.75625 0.0984375 0.7666666671875 0.0796875 0.7645833328125 0.078125 0.6791666671875001 0.03125 0.6645833328124999 0 0.6729166671875 0 0.9520833328125 0.015625 0.9604166671875 0.0203125 1 0.1296875 1 0.140625 0.9520833328125 0.3046875 0.86875 0.340625 1 0.3703125 1
11 0 0.42083333281249996 0.065625 0.4270833328125 0.1921875 0.4145833328125 0.190625 0.21875 0.184375 0.20625 0 0.175 0 0.42083333281249996