3 0.331936653125 0 0.3100038578125 0.11083480625 0.0752917796875 0.029254765625 0.069141740625 0.064133371875 0.159296865625 0.0927229859375 0.168712825 0.11130705156250001 0.23035500468749998 0.13063811875 0.1945400671875 0.3337547171875 0.19037724218750002 0.339367115625 0.145753140625 0.3314986828125 0.1258409265625 0.3364495109375 0.0250061625 0.3144386765625 0 0.4562556703125 0 0.5482844609375 0.0009962125 0.5484601203125 0.0291123546875 0.5520955843750001 0.06601259375 0.3428239375 0.21219499375 0.3685998390625 0.24984881875 0.37100828125 0.262067221875 0.364700825 0.3068396484375 0.1377780078125 0.4249625640625 0.1607217390625 0.4570731453125 0.00560781875 0.461482671875 0 0.331936653125 0
3 0.47968169375 0 0.4873949265625 0.0046079515625 0.45573780625 0.16614824374999998 0.5174716796875 0.1939573671875 0.42930877812499996 0.172065453125 0.3674882203125 0.17174218125000001 0.328504065625 0.365838071875 0.39096147187499997 0.3895438328125 0.405533865625 0.3878823921875 0.44352441249999996 0.20841960624999997 0.449226 0.2030785328125 0.5193772171875 0.22814091875 0.4843725 0.3996683 0.48980401406249996 0.40485696718749997 0.5144242078125 0.40919817031249994 0.5359468421875 0.2691410875 0.550881003125 0.2654279671875 0.600213084375 0.282588434375 0.6064598265625001 0.292151790625 0.6048343796875 0.31936631718749997 0.6141636546875 0.365436234375 0.607111703125 0.423426003125 0.515692896875 0.419999234375 0.5831283578125 0.4424672875 0.5752611765625 0.49608236562499997 0.6264937875000001 0.5114624734375 0.6342792921875 0.5212971578125 0.613021721875 0.6148605890625001 0.6346560859375 0.6271372000000001 0.641804740625 0.6135893953125 0.6609934203125001 0.612741934375 0.6947344578125 0.46637739843750003 0.737728103125 0.46549644843750004 0.7333818890625 0.45415273437500003 0.6975369 0.44148587812500006 0.7282004125 0.2945786921875 0.737703059375 0.285676903125 0.7799731703125 0.288899321875 0.77562695625 0.27755560625000003 0.7505533015625 0.266788028125 0.7813085078124999 0.12835889843749998 0.7869184015624999 0.1145397671875 0.8217647749999999 0.10587581875 0.8128022765624999 0.093718128125 0.6753641078125 0.0232081171875 0.54374433125 0 0.47968169375 0
2 0.1787407140625 0 0.160378409375 0.059595004687499994 0.24827406718749997 0.0891083828125 0.253505528125 0.09003083125 0.2843418125 0 0.1787407140625 0
2 0.1339885125 0.3355062421875 0.1518077296875 0.26116908437499997 0.1171397359375 0.2508252375 0.1393859046875 0.10666478906250002 0.0661571625 0.081059753125 0.0249157203125 0.31495159687499996 0.09297222656250001 0.3282739640625 0.1339885125 0.3355062421875
3 0 0.61134809375 0.062701309375 0.6135493671875001 0.053840521875000005 0.68179755 0.0758366515625 0.692022478125 0.0887835984375 0.7175755671874999 0.07063296875 0.8383946734375 0.10900882812499998 0.845161371875 0.3456751953125 0.8263366484375 0.351015015625 0.8230472593749999 0.349384559375 0.8142978765625 0.330374259375 0.79613754375 0.335438996875 0.7674139859375 0.3749016578125 0.7595640109375 0.381235084375 0.7416415171875 0.40348626249999997 0.633444978125 0.383752428125 0.6193880109375 0.4283464765625 0.4114729890625 0.581499153125 0.4427088828125 0.5736319734374999 0.4963239609375 0.6314730921875 0.51921574375 0.6113925171875 0.6151021859375 0.63302688125 0.6273787953125 0.6386367749999999 0.6135596671875 0.6616265125 0.609151490625 0.6938287875 0.46251562812499997 0.7345601375 0.46546671875 0.7040549671874999 0.44951047343750006 0.47007143281249997 0.399790975 0.4096979421875 0.39126097187500003 0.34905437968749997 0.3932607078125 0.310610371875 0.5662971234375 0.2833661140625 0.5678396421875 0.25259087187499996 0.5624131359375 0.2505986484375 0.5557154375 0.2837028375 0.38596841249999997 0.275555565625 0.37818541250000004 0.21400508125 0.3673324015625 0.1757444609375 0.557324928125 0.036262262499999996 0.5475387578124999 0.0211497234375 0.570259675 0 0.568727321875 0 0.61134809375
2 0 0.8374897375 0.0641357140625 0.8393645046874999 0.07327659375 0.8325143984375 0.09118155624999999 0.7129741453125 0.0766958484375 0.68714973125 0.0620317625 0.6803331125 0 0.6822481734375 0 0.8374897375
2 0.46795592656249996 0.807704071875 0.48514236562499996 0.7282310921875 0.4502909828125 0.7009311328125001 0.42720955156249996 0.696861253125 0.40421981406249996 0.7012694296875 0.3913745796875 0.756122215625 0.33082271093750004 0.7666000093750001 0.3265732 0.799698259375 0.35419342187499997 0.82492986875 0.3595507828125 0.825874515625 0.3751445703125 0.8257346406250001 0.40772738750000004 0.8209080406249999 0.43039379687499996 0.8137736875 0.46795592656249996 0.807704071875
16 0.5517890359375001 0.6112033328125 0.5249932312500001 0.5832083156250001 0.486524178125 0.576425184375 0.4016221890625 0.5720320328125 0.389857246875 0.5847658609375 0.38660134375 0.6032310062499999 0.3916642859375 0.6157588374999999 0.420882434375 0.6209107859375 0.5746920890625 0.6342810078125 0.5992205875 0.63014415625 0.5956896031250001 0.6231751328125 0.5517890359375001 0.6112033328125
2 0.6076366796875 0.618406440625 0.6188564671875 0.59076818125 0.6334188421875 0.517178925 0.610251446875 0.5051608671875 0.5547444515625 0.49537348750000004 0.5336844046875 0.5969047703125 0.5640464796875 0.6144223875 0.5706503281249999 0.6155868250000001 0.6076366796875 0.618406440625
2 0.5288434078125 0.28243243281249997 0.51416708125 0.4104750015625 0.5849639359375 0.4229583984375 0.604512825 0.28519763125 0.5401548890625001 0.26327223125 0.5313757765625 0.268070653125 0.5288434078125 0.28243243281249997
3 0.6417378828125 0.7849320671875 0.6705008671875 0.6398052375 0.657013775 0.635311628125 0.582521353125 0.6348694359375 0.5564691171875 0.746626690625 0.494648559375 0.74630341875 0.5164462765625 0.63168050625 0.51219175625 0.6288148484375 0.433444815625 0.6255069984375 0.41734367812500006 0.6988249296875 0.4522817453125 0.6986390375 0.48523259999999996 0.727719353125 0.4699466890625 0.8054119765625 0.47310842812500004 0.8094058984375 0.4770009125 0.8100922484374999 0.616939309375 0.799598659375 0.6569471250000001 0.8066531171875001 0.6602947218749999 0.7966660265625001 0.6417378828125 0.7849320671875
16 0.6348357171875 0.6171203828125 0.6338598531249999 0.63149218125 0.68211790625 0.640001378125 0.6999171859375 0.63494241875 0.6905929203125 0.6248364093750001 0.64859288125 0.611084253125 0.6348357171875 0.6171203828125