21 1 0.642113065625 0.9533934640625 0.6432358890625001 0.9446935578125 0.6650983765625 0.9473067687500001 0.6899614234375 0.9350930125 0.69333995 0.61103189375 0.704357246875 0.5886234234375001 0.7004280453125 0.5793884828125 0.6574076890625 0.371190028125 0.6646265671875 0.369883421875 0.65219504375 0.355462421875 0.6495211328125 0.33389545625 0.668546384375 0.20726550625 0.838966396875 0.2412048625 0.84796808125 0.15814437812499998 0.9844814328125 0.1553826671875 1 0.52620389375 1 0.59859108125 0.9923918 0.593812309375 0.9889663015625001 0.59098133125 0.962031334375 0.5129079062499999 0.9367202390625 0.5000704140625001 0.9192162328125001 0.35937426875 0.9109610968749999 0.366738003125 0.89133385625 0.4352887859375 0.7961469046875 0.4506104234375 0.7924417265625 0.5424219765625 0.8288777390625001 0.5510331828125 0.8510155625 0.585932309375 0.8243046203125 0.6263347609375 0.82005815 0.6846720625 0.8369695500000001 0.679515571875 0.8626492265625 0.6967971171875 0.877591334375 0.70407215 0.9019644046874999 0.670501721875 0.9848336874999999 0.8923343890625001 0.9615181343750001 0.8148374578125 0.8945121203124999 0.8113531765625 0.8613613890625 1 0.82574796875 1 0.642113065625
2 0.7011843828125001 0.889437215625 0.703203425 0.8787509625000001 0.6830317671875 0.8662074265624999 0.6890888953125 0.8341486625 0.621210184375 0.8161452953125 0.5810255 0.8224636859375 0.5605769390625001 0.8371817703125 0.5399697453125001 0.82049439375 0.4751989140625 0.802164375 0.43861678125000003 0.7829664125 0.39386977500000003 0.8505137812499999 0.3513891453125 0.89478004375 0.347351059375 0.916152553125 0.5242233703125 0.9247950406250001 0.51754250625 0.935971271875 0.554371975 0.9425743828125001 0.5876284609375 0.960027075 0.59471529375 0.9676614546875 0.5988824453125 0.9923611765624999 0.675025528125 0.9843582156249999 0.7084889828125001 0.8991435171875001 0.7011843828125001 0.889437215625
9 1 0.8192489765625 0.8077553171874999 0.85702621875 0.8065777781250001 0.890666928125 0.8850224265625 0.9607155453124999 1 0.948630915625 1 0.8192489765625
19 0.756252340625 0.54638510625 0.8010397125000001 0.5689102796875 0.827615334375 0.597539203125 0.849717334375 0.64339679375 0.8569332328125 0.6971034031250001 0.92552438125 0.69198899375 0.9357486625 0.6846299515625 0.9462498437500001 0.6500092890625 0.9756160796875 0.6155006390625 0.9752692453125 0.5673564890625 0.9492178593749999 0.49887109531249996 0.93125344375 0.492379996875 0.8946121765624999 0.5025155765625 0.8815165515625001 0.39286710937499997 0.8856433375 0.327494290625 0.6663495328125 0.3337845265625 0.66056930625 0.3385816703125 0.671110853125 0.39403355 0.6717453875 0.5196553921875 0.6333915453125 0.4985488375 0.6118541468750001 0.5029073171875 0.59976945625 0.552358075 0.6069557890625 0.6207314546875 0.6255735062500001 0.6334383156250001 0.6512081249999999 0.5783737875 0.6847710796875 0.5538980890625 0.756252340625 0.54638510625
5 0.6593884875 0.56651625 0.636020246875 0.598299675 0.618808634375 0.6587633375 0.621610046875 0.7003650765625 0.8491047046875 0.6926891937499999 0.8563888140625 0.691923603125 0.849910228125 0.630283965625 0.8125161562500001 0.57346478125 0.7624136609375001 0.5452138234375 0.6918330375 0.54634771875 0.6593884875 0.56651625
19 0.5827756109375 0.6148936593750001 0.5784202578125 0.5734552468749999 0.6024122359375 0.562554353125 0.60337200625 0.5268417249999999 0.5034842828125 0.5331507296875 0.4992875625 0.523117778125 0.5093532093750001 0.48435327656249993 0.49725772187499995 0.429064721875 0.4113554609375 0.43390379531249995 0.4073469421875 0.44060953437499994 0.4261824296875 0.45538831718750006 0.43544693749999996 0.48374190156249997 0.4417621984375 0.5438276 0.42532215625 0.5518399453125 0.4120195625 0.54485886875 0.3868392484375 0.484661159375 0.3644012109375 0.4953987265625 0.3620757 0.5480133703125001 0.3733996171875 0.65575324375 0.38048645 0.663387621875 0.5869131953125 0.65426015 0.5880907359374999 0.62061944375 0.5827756109375 0.6148936593750001
15 0.378883690625 0.4538133359375 0.37950742656249997 0.4746958671875 0.3987193140625 0.52295203125 0.41065616875 0.5468351234375 0.43373642031250004 0.54781335625 0.43908231249999996 0.54725148125 0.4402697390625 0.499731625 0.42792691562499996 0.4570379203125 0.38826646875000004 0.423499840625 0.378883690625 0.4538133359375
15 0.9930097859375 0.4371848359375 0.98638805625 0.419027528125 0.954220409375 0.41193444062499995 0.9328712109374999 0.43303161250000005 0.9278733546875 0.49011674843749997 0.947609478125 0.4985164421875 0.9566562187500001 0.5247981078125 0.9713111171875 0.5353029671875 0.9721269375 0.5352172203125 0.986240221875 0.492361378125 0.9842803124999999 0.47371409375000006 0.9940690578125 0.46221120937500004 0.9930097859375 0.4371848359375
15 0.58654241875 0.41156313750000006 0.5785549484375 0.4103078453125 0.5461104 0.430476378125 0.496631640625 0.4231079515625 0.5078264906250001 0.4847755921875 0.49863191406249996 0.5318277765625 0.58954986875 0.529865596875 0.59900300625 0.5288720312499999 0.600103146875 0.510688675 0.589284696875 0.48249841718750003 0.5842760421875 0.4348442421875 0.58654241875 0.41156313750000006
19 0.8867476671875 0.412741684375 0.8942947734375 0.4994067234375 0.8983646265624999 0.49897896406250003 0.92653718125 0.4923519953125 0.9375330328124999 0.432541634375 0.9513302953125 0.41433301250000004 0.8867476671875 0.412741684375
19 1 0.48526303750000005 0.9960881 0.45152495625 0.9842803124999999 0.47371409375000006 0.9759863734374999 0.514387190625 0.9648614562500001 0.5281253203125 0.9790351203125001 0.5433940796875001 0.983608240625 0.5869044125 0.97957015625 0.6082769203125 0.9646544875 0.6307927109375 0.967297265625 0.6409889875 1 0.6429675875 1 0.48526303750000005
19 0.6000463578125 0.52509645625 0.608934465625 0.519972659375 0.6149620265625 0.502580665625 0.6318376046874999 0.49871216250000006 0.665529625 0.5203086953125 0.67485326875 0.5193287421874999 0.6741596000000001 0.4230404390625 0.5882573390625 0.4278795125 0.5837541515625 0.45977495 0.6000463578125 0.52509645625