19 0.5631165328125001 0.6391032140624999 0.551571971875 0.6276367406250001 0.5765267015625 0.449968940625 0.6356757609375 0.45514381249999997 0.557536175 0.39811649375 0.4991134125 0.3846399984375 0.4513273390625 0.3930070078125 0.4137108484375 0.410628903125 0.4361512890625 0.42304864531249997 0.5379759953125001 0.44241360781249994 0.514861940625 0.5094040046874999 0.499738575 0.6105541578125 0.489309803125 0.62218950625 0.32924390937500003 0.587272640625 0.3722812921875 0.4718343171875 0.37591278125 0.43032620625 0.1788014625 0.442359278125 0.1734055015625 0.450252359375 0.149285115625 0.7437984109375 0.1683007953125 0.7454620671875001 0.27191200625 0.686821315625 0.6271182421875 0.7680888265625 0.6528519546875 0.6532279203125 0.5631165328125001 0.6391032140624999
15 0.5395325484375 0.44254978906250003 0.53385105625 0.4357788484375 0.44704716875 0.4240019109375 0.3889875546875 0.4063746046875 0.3581170734375 0.508238353125 0.3259492265625 0.5890756859375 0.46579611875 0.620916559375 0.48155622343750004 0.6222953890625 0.4957175953125 0.6206588234375 0.511360753125 0.6032058 0.5284814375 0.47922618593750005 0.5395325484375 0.44254978906250003
15 0.550822978125 0.6361977875 0.7479606390625 0.6597189718750001 0.739943609375 0.5900049593750001 0.7545222515625001 0.495081025 0.7514867578125 0.47599383125 0.5832749453125 0.4445468734375 0.5699146390625 0.45383445624999996 0.550822978125 0.6361977875
15 0.843372496875 0.5193233312500001 0.83943054375 0.6360907703125 0.830480709375 0.6666771312499999 0.8346056484375 0.673311890625 0.8984243718749999 0.67889530625 0.9050400796875 0.710843475 0.939647421875 0.7096886421875 0.976988615625 0.7221049734375 0.9824365515625001 0.72258160625 0.9990279187500001 0.5329414171875 0.85828935625 0.5101719328125001 0.843372496875 0.5193233312500001
14 1 0.3627723875 0.9759410296875 0.4203445484375 0.9570558734375 0.510709128125 0.9602729406250001 0.5277209171874999 0.9924158562500001 0.53680693125 0.9986420718750001 0.5373516546875 1 0.5207699796874999 1 0.3627723875
21 0.9581655859374999 1 0.9583552375 0.9978322765625001 0.9455133124999999 0.9653393828124999 0.9195175875 0.8501353203124999 0.9095295796875 0.8388050265624999 0.86493423125 0.8286295640624999 0.8409899203125001 0.8871821578124999 0.625822290625 0.8725400125 0.6111646203125 0.860801175 0.624394625 0.7992199109375 0.624005134375 0.7678164656249999 0.2752066890625 0.685018271875 0.028650195312499998 0.8140203500000001 0.0036677109375 0.8306562874999999 0 0.8383264859375 0 0.8484867390625 0.0609234109375 0.8754000468750001 0.0518773765625 0.9611358015624999 0.07325683125 0.9630062609375001 0.086166496875 0.9633514765625 0.08987560156249999 0.90302853125 0.102509609375 0.9020425734374999 0.2488520484375 0.9503978312499999 0.2531585625 0.9549571828125 0.24961766875000002 0.978435834375 0.2713283578125 0.9803352734375 0.27303061875 0.960878346875 0.2901527140625 0.9623763359374999 0.3701695515625 0.9889827578125001 0.4960972078125 1 0.9581655859374999 1
2 0.396131759375 0.719124871875 0.374521575 0.7151429359375 0.3119226 0.7494007703125 0.2997556984375 0.76297534375 0.2975768046875 0.787880209375 0.36095476249999997 0.81642926875 0.392448996875 0.8150020734375 0.43712795312499997 0.841130946875 0.44246976406250005 0.8415982937500001 0.46882411093750004 0.8384143609375 0.5120181374999999 0.810823978125 0.513289159375 0.796296140625 0.5042090234375001 0.7745888187500001 0.48698296875 0.756351403125 0.43460485000000004 0.7454950375 0.396131759375 0.719124871875
9 0.6486841046875 0.664103971875 0.623599075 0.7894780859375 0.5708182859375001 0.7993372515625 0.602794215625 0.8838572984375 0.607580725 0.893686875 0.6661849484375 0.89881408125 0.8404022875000001 0.9109191859375001 0.89917121875 0.7062141578125 0.9012142984375 0.68286165625 0.9012090359375 0.6820144578125 0.6931754953125 0.65754000625 0.65563661875 0.6563470734375 0.6486841046875 0.664103971875
19 0.7462437953125 0.5359211671875 0.7405110296874999 0.583519315625 0.747853609375 0.658141140625 0.834031584375 0.6656807359375 0.841998928125 0.6425893484375 0.8451369671875 0.552938365625 0.7549344390625 0.5262250453124999 0.7462437953125 0.5359211671875
18 0.7565136906250001 0.5261018015625 0.74608491875 0.53773715 0.740896875 0.5791090796875 0.746812628125 0.6549131296875 0.7548873390625 0.6634619171875 0.7650049609375 0.66434709375 0.8320599609375 0.6665538875 0.8422031999999999 0.6402545187500001 0.8451596640625001 0.552678940625 0.7565136906250001 0.5261018015625
19 0.9581655874999999 1 0.9826635203125 0.7199873484375 0.9061068296875 0.6986504671875 0.8916570765625 0.7203904828125001 0.863899703125 0.8225265921875 0.8692180484375 0.8334483453124999 0.9001675578125001 0.8382473671874999 0.91189369375 0.8476384375 0.95225574375 1 0.9581655874999999 1
18 0.9581655874999999 1 0.9828223968750001 0.7181713703125 0.9043460046874999 0.7008491171875 0.89145280625 0.7227253140625 0.8664453921874999 0.8292845968749999 0.9001448609375 0.83850679375 0.9132459765625001 0.85010945 0.952244828125 1 0.9581655874999999 1