19 0 1 0.0625 0.9791666671874999 0.0984375 0.9791666671874999 0.1265625 0.9520833328125 0.1296875 0.9333333328125001 0.1359375 0.8333333328125001 0.13125 0.70625 0.1015625 0.6770833328125 0 0.6229166671875 0 1
21 1 1 0.9984375 0.43958333281249995 0.9484375 0.43541666718750005 0.9296875 0.4604166671875 0.7265625 0.46458333281249997 0.65625 0.45416666718750004 0.640625 0.43333333281249997 0.5109375 0.43333333281249997 0.109375 0.43958333281249995 0.0890625 0.4479166671875 0.0953125 0.48125 0.11875 0.49791666718750005 0.2859375 0.5479166671875 0.2375 1 0.2828125 0.9958333328125001 0.35 0.5791666671875 0.353125 0.5708333328124999 0.371875 0.5708333328124999 0.88125 0.7208333328125 0.8828125 0.75 0.86875 0.7958333328125 0.865625 0.8958333328125001 0.8703125 0.9041666671874999 0.878125 0.8958333328125001 0.89375 0.7833333328125 0.9109375 0.7354166671875 0.934375 0.7375 0.9421875 0.75 0.94375 1 1 1
5 0.2 0.6958333328124999 0.2484375 0.7270833328124999 0.2203125 0.7458333328125 0.1375 0.9958333328125001 0.159375 1 0.18125 0.9375 0.19375 0.9208333328125 0.2484375 0.8958333328125001 0.2578125 0.8041666671875 0.2453125 0.78125 0.2453125 0.7604166671875 0.2515625 0.7375 0.2640625 0.7395833328125 0.26875 0.725 0.2875 0.5479166671875 0.14375 0.5083333328124999 0.153125 0.5854166671875001 0.1703125 0.6458333328125 0.2 0.6958333328124999
3 0.059375 0.53125 0.1234375 0.55625 0.1421875 0.55625 0.1453125 0.5479166671875 0.1421875 0.5125 0.1046875 0.4895833328125 0.0890625 0.45625 0.09375 0.44166666718750003 0.1234375 0.43541666718750005 0.1234375 0.42291666718750004 0.08125 0.2375 0.0859375 0.225 0.1953125 0.2416666671875 0.23125 0.23958333281250002 0.2609375 0.25 0.2828125 0.2770833328125 0.2875 0.3 0.2984375 0.3145833328125 0.3015625 0.34375 0.3078125 0.3375 0.3046875 0.3020833328125 0.3125 0.2958333328125 0.4140625 0.29375 0.41875 0.32083333281250004 0.415625 0.3583333328125 0.3078125 0.35 0.309375 0.3875 0.3265625 0.43333333281249997 0.5140625 0.43333333281249997 0.51875 0.4270833328125 0.5234375 0.30416666718749996 0.53125 0.2520833328125 0.5328125 0.1 0.5171875 0.08541666718749999 0.44375 0.0625 0.4203125 0.0625 0.0625 0.1458333328125 0.0578125 0.1520833328125 0.059375 0.53125
5 0.128125 0.43958333281249995 0.3234375 0.4375 0.2890625 0.29375 0.2703125 0.2541666671875 0.0796875 0.21875 0.0765625 0.23125 0.1 0.30416666718749996 0.128125 0.43958333281249995
5 0.4 1 0.3921875 0.8104166671874999 0.4546875 0.7854166671875 0.51875 0.9979166671874999 0.540625 1 0.478125 0.7729166671875001 0.54375 0.7229166671875 0.553125 0.7 0.51875 0.6770833328125 0.3984375 0.6229166671875 0.371875 0.5979166671875 0.3625 0.5708333328124999 0.353125 0.56875 0.303125 0.8645833328125001 0.303125 0.9083333328125001 0.3296875 0.9375 0.3671875 1 0.4 1
11 0.665625 0.3020833328125 0.6953125 0.40416666718750005 0.890625 0.4270833328125 0.9171875 0.0270833328125 0.915625 0.010416667187500001 0.9015625 0.010416667187500001 0.528125 0.08125 0.5234375 0.2833333328125 0.665625 0.3020833328125
5 0.696875 0.41041666718750003 0.6765625 0.31875 0.6671875 0.3 0.5265625 0.2875 0.55 0.43333333281249997 0.64375 0.43541666718750005 0.696875 0.41041666718750003
5 0.534375 0.875 0.5796875 0.7604166671875 0.61875 0.7375 0.6390625 0.7375 0.665625 0.7854166671875 0.6640625 0.8395833328125001 0.6734375 0.8416666671874999 0.6765625 0.825 0.68125 0.8333333328125001 0.68125 0.9979166671874999 0.696875 1 0.7015625 0.8229166671874999 0.7359375 0.7645833328125 0.75 0.7541666671875 0.796875 0.7979166671875 0.8328125 0.93125 0.840625 0.9458333328125 0.8484375 0.9416666671874999 0.7859375 0.6875 0.7578125 0.6833333328125 0.7296875 0.6979166671875 0.7078125 0.6708333328125 0.66875 0.65625 0.6453125 0.6833333328125 0.6328125 0.6875 0.61875 0.66875 0.6203125 0.6416666671875 0.6046875 0.6375 0.525 0.8583333328125 0.525 0.88125 0.534375 0.875
9 0.8359375 0.4291666671875 0.834375 0.43541666718750005 0.8625 0.45625 0.9359375 0.4604166671875 0.9890625 0.2666666671875 0.9890625 0.2541666671875 0.9828125 0.2541666671875 0.965625 0.2791666671875 0.921875 0.43125 0.8359375 0.4291666671875
2 0.6484375 0.45 0.7171875 0.4625 0.8578125 0.4604166671875 0.853125 0.4479166671875 0.8390625 0.43958333281249995 0.8578125 0.43333333281249997 0.8546875 0.4166666671875 0.85 0.4270833328125 0.8359375 0.4270833328125 0.834375 0.41875 0.8125 0.4145833328125 0.7328125 0.4125 0.65625 0.42291666718750004 0.6484375 0.43333333281249997 0.6484375 0.45
3 0.84375 0.80625 0.859375 0.8 0.86875 0.7854166671875 0.871875 0.7583333328124999 0.8671875 0.725 0.84375 0.70625 0.803125 0.69375 0.7921875 0.70625 0.8203125 0.8020833328125001 0.84375 0.80625
3 0.53125 0.6833333328125 0.565625 0.7145833328125 0.58125 0.7041666671875 0.6 0.65 0.5984375 0.6375 0.5875 0.63125 0.4671875 0.59375 0.43125 0.5895833328125 0.4265625 0.59375 0.4296875 0.6354166671875 0.53125 0.6833333328125