14 0.921875 0.25234375 0.8953125 0.223177084375 0.86875 0.22109375 0.846875 0.585677084375 0.917466515625 0.6 0.9187635640625 0.6 0.9265625 0.45026041718750004 0.903125 0.33359375 0.9203125 0.2877604171875 0.921875 0.25234375
19 0.3734375 0.5755208328125 0.4078125 0.5734375 0.3984375 0.5234375 0.403125 0.49427083281249995 0.409375 0.4984375 0.428125 0.5692708328125 0.4828125 0.5755208328125 0.5546875 0.565104165625 0.5609375 0.515104165625 0.5578125 0.49010416562500003 0.490625 0.47135416562500004 0.425 0.465104165625 0.353125 0.47135416562500004 0.275 0.4921875 0.278103884375 0.6453125 0.2802556796875 0.6453125 0.325 0.6234375 0.3296875 0.6005208328125 0.34375 0.590104165625 0.3734375 0.5755208328125
21 0.596875 0.59140625 0.5578125 0.58515625 0.5125 0.60390625 0.509375 0.6122395828125 0.5375 0.6434895828125 0.534375 0.65390625 0.4359375 0.65390625 0.4171875 0.62265625 0.409375 0.5747395828124999 0.375 0.57265625 0.33125 0.595572915625 0.3234375 0.62265625 0.2578125 0.66015625 0.2484375 0.6747395828125 0.2796875 0.683072915625 0.291796875 0.7234375 0.292578125 0.7234375 0.2984375 0.70390625 0.415625003125 0.7234375 0.424939903125 0.7234375 0.4546875 0.69765625 0.5890625 0.7122395828125 0.603125 0.689322915625 0.596875 0.59140625
9 0.415625 0.51015625 0.3953125 0.48723958281249996 0.4140625 0.6184895828125 0.4308708640625 0.653125 0.5376171875 0.653125 0.5390625 0.6434895828125 0.5078125 0.608072915625 0.4328125 0.6059895828124999 0.415625 0.51015625
2 0.4515625 0.57265625 0.45625 0.58515625 0.446875 0.6059895828124999 0.4989257828125 0.609375 0.5126220703125 0.609375 0.546875 0.5934895828125 0.54375 0.5684895828125 0.4921875 0.5684895828125 0.4515625 0.57265625
4 0 0.6734375 0.0033892453124999998 0.6734375 0.0921875 0.639322915625 0.0953125 0.5122395828124999 0 0.50390625 0 0.6734375
4 0 0.21875 0.0109375 0.2208333328125 0.0125 0.23125 0.073437515625 0.2328125 0.09375402656250001 0.2328125 0.0953125 0.03125 0.0238281078125 0.0296875 0.000046503125 0.0296875 0.0078125 0.1166666671875 0 0.1208333328125 0 0.21875
19 1 0.766927084375 0.8453125 0.74609375 0.8359375 0.75234375 0.834375 0.766927084375 0.8234497078125 1 1 1 1 0.766927084375
19 0.425 0.720572915625 0.4078125 0.751822915625 0.265625 0.7372395828125 0.18125 0.79140625 0.1109375 0.8497395828125001 0.0859375 0.8809895828125001 0.078125 0.9059895828125001 0.07504340312499999 0.9984375 0.7766424 0.9984375 0.790625 0.7705729156250001 0.7875 0.7393229156250001 0.453125 0.69765625 0.425 0.720572915625
15 0.60625 0.71484375 0.78698508125 0.7375 0.7890727796875 0.7375 0.7953125 0.579427084375 0.6125 0.53359375 0.5953125 0.5440104171875 0.60625 0.71484375
15 0.8453125 0.5877604171875 0.8390625 0.748177084375 0.903125 0.754427084375 0.9125 0.76484375 0.9359375 0.75859375 0.9983984343750001 0.76875 0.9999986890624999 0.76875 0.9984375 0.45859375 0.9171875 0.554427084375 0.9203125 0.598177084375 0.8453125 0.5877604171875