11 0.82367325625 0.48464388437499994 0.8571575640625 0.48875524062500003 0.9550517718749999 0.4992009046875 0.99859864375 0.3240356109375 0.9939113984375 0.313489940625 0.9702091968750001 0.310579675 0.82309831875 0.304585859375 0.7984770703125 0.3897198609375 0.7869968468749999 0.45757656718749995 0.82367325625 0.48464388437499994
14 0.3192876140625 0.8052520031249999 0.3266509828125 0.77073584375 0.291715553125 0.747555503125 0.27897244374999997 0.8003019218749999 0.3192876140625 0.8052520031249999
14 0.29908274218750003 0.67473345 0.283292828125 0.662299796875 0.2417221390625 0.7957281593750001 0.271442246875 0.7972783515625 0.27837985781249996 0.7792393734374999 0.29908274218750003 0.67473345
14 0.3040152578125 0.21146477031250002 0.290167525 0.2601399734375 0.27699249843749996 0.3802630546875 0.2626644625 0.4456711140625 0.2699384265625 0.4633560765625 0.26618498281249997 0.5195676390624999 0.23058478437500002 0.7838657703125 0.234151421875 0.790075890625 0.23463329375000003 0.79013505625 0.27861278125 0.6491312875 0.26953406874999997 0.6333237109375001 0.26558821875 0.6013545390624999 0.2753526703125 0.457723925 0.284122515625 0.45040481093749996 0.293709015625 0.46207677968749994 0.3090736015625 0.5164377828125 0.30376930468749996 0.5724589250000001 0.287327653125 0.616617678125 0.285323984375 0.6457573609375 0.291273503125 0.6485868499999999 0.308559296875 0.6360164265625 0.3404885109375 0.4657216015625 0.35622345312500003 0.45296075625 0.36931601875000003 0.2950459328125 0.3585490203125 0.216061696875 0.36058017656249997 0.19951925937499998 0.37685039374999996 0.1952200546875 0.386354434375 0.16910027968750002 0.3870336578125 0.1251051234375 0.374825753125 0.09631945625 0.354915115625 0.090201525 0.3508441296875 0.08970167031250001 0.337351378125 0.0938171609375 0.3257612078125 0.1112848765625 0.3240938921875 0.1761484984375 0.3040152578125 0.21146477031250002
19 0.39839686093750004 0.5069402562499999 0.4242260921875 0.5017157734375 0.41562768281249995 0.46917533906250003 0.39981028125 0.44414443906249995 0.3762661 0.4307586828125 0.3656915078125 0.43995517968750003 0.3634064578125 0.4585654203125 0.4013546203125 0.55977789375 0.43479417031249995 0.6079623093750001 0.469053640625 0.617416290625 0.4758478484375 0.6182505140625 0.47348304375000005 0.5749310859375 0.408546125 0.5396711109375001 0.39326399843750004 0.5231018515625 0.39839686093750004 0.5069402562499999
5 0.34052846875 0.6320705765625 0.28887000625 0.6425195453125 0.290873675 0.6133798609375 0.30525668437500003 0.573166296875 0.3095179171875 0.512819125 0.3001303375 0.4738848578125 0.28690685312499997 0.4533704078125 0.27320306875 0.449588815625 0.2660600203125 0.610333128125 0.27440453593749997 0.644941365625 0.29617145625 0.672801753125 0.320091903125 0.6809862625 0.36986690312500003 0.6870978640625001 0.4305604234375 0.680906728125 0.4049026265625 0.6462716656249999 0.3857571109375 0.6355249765625001 0.34052846875 0.6320705765625
19 0.37001196406250003 0.39194678125000004 0.3640624453125 0.38911729375 0.354839784375 0.42576651249999997 0.355937821875 0.45528703750000005 0.34121845781250004 0.4597766640625 0.3400188125 0.48193101406250005 0.35926349375 0.48429396406249997 0.3676104515625 0.475611065625 0.3675279921875 0.437819321875 0.3739578140625 0.423915953125 0.37001196406250003 0.39194678125000004
19 0.40157280625 0.378505390625 0.40190916093749995 0.41422932812499996 0.4163746296875 0.4118075078125 0.41561294687499994 0.41801092031250003 0.3998780046875 0.43077176406250006 0.38566643125 0.43112578125 0.3986085328125 0.4411107875 0.417059003125 0.47564801875 0.4266912546875 0.47683071093749996 0.432020596875 0.4766979546875 0.45102867968749993 0.42445840468749996 0.44970423437499996 0.40960293124999997 0.40157280625 0.378505390625
15 0.4024486875 0.4098352453125 0.4192541796875 0.413997678125 0.4172230234375 0.43054011562500005 0.40227725156250005 0.44969479218749997 0.4283444125 0.475459459375 0.4291536765625 0.47555882499999996 0.44925566874999995 0.4260773125 0.44948207656249994 0.41141226093750005 0.39850283750000004 0.3778660734375 0.4024486875 0.4098352453125
19 0.09505583749999999 0.49015970624999994 0.09972509375000001 0.5279898921874999 0.11355352187500001 0.529687809375 0.264942996875 0.5425039078125 0.2696570453125 0.4528266328125 0.26446921093750003 0.44379373125 0.2774728015625 0.3635301984375 0.2389828484375 0.36929911875 0.2200912265625 0.3564846265625 0.2100244234375 0.361545515625 0.1420407703125 0.3510991921875 0.1285136609375 0.3394681234375 0.1276606921875 0.3393633921875 0.11652040625 0.37945036718749997 0.1093014140625 0.386959903125 0.102672671875 0.428125571875 0.09505583749999999 0.49015970624999994
15 0.137326721875 0.4407764703125 0.159951353125 0.4472276375 0.16320260312499998 0.447626840625 0.16586633281250002 0.3750143921875 0.1299611234375 0.33964585 0.12922446875 0.3395554 0.123204121875 0.3634791953125 0.1253177375 0.384728503125 0.1372442609375 0.40298472656250006 0.137326721875 0.4407764703125
15 0.21395128749999998 0.35520599218750004 0.21586598124999998 0.40371759999999995 0.2034532234375 0.44154935625 0.2653207078125 0.449145728125 0.26526688125 0.4244761203125 0.279087128125 0.36320366875 0.2434449875 0.3714212375 0.21395128749999998 0.35520599218750004
19 0.511249565625 0.45966406875 0.5593260203125 0.465567115625 0.57822415625 0.3629385765625 0.4660274390625 0.340766634375 0.42716645781249996 0.5036510375 0.43140223281249995 0.5041711265625 0.495850978125 0.5081488515625 0.4873075421875 0.5008029125 0.4885770140625 0.4904638921875 0.511249565625 0.45966406875
21 0.55123511875 0.6212099703125 0.5946590140625 0.6265417546875 0.5998743359375001 0.6481719046875 0.6128164375 0.6581569093749999 0.6513063906250001 0.6523879875 0.6589507109375 0.6029511000000001 0.6947642875 0.5548739859375 0.6980924015625 0.540589775 0.48948888124999995 0.508679546875 0.40653196875 0.50479065625 0.3920939875 0.5198097234375 0.4260138390625 0.5512612828125001 0.46895743124999995 0.5733259234375 0.475442225 0.5846170500000001 0.47208010937499995 0.701747046875 0.4350245484375 0.7727604343750001 0.42630967656249996 0.8052740421875001 0.42814191093750004 0.8159939062499999 0.438997884375 0.8173268531250001 0.4578070453125 0.7923496015625 0.47168226718749995 0.7562716468749999 0.48408909375000003 0.7577950125 0.49124659687500005 0.8405340171875 0.5003527953125 0.86893884375 0.4980677453125 0.887549084375 0.509416134375 0.9073085546874999 0.5097834421874999 0.9073536546875 0.5130135171875 0.8683944046875001 0.5031246625 0.7181527125 0.514152071875 0.679626109375 0.55123511875 0.6212099703125
5 0.53987135625 0.624012634375 0.5373324125 0.6446906796875 0.5685467562500001 0.650097553125 0.579635375 0.6514590640625 0.60630415625 0.6342685343750001 0.60007325625 0.6209096046875 0.5525045921875 0.61087095 0.53987135625 0.624012634375
9 0.8038340765624999 0.4614805234375 0.7420538359375 0.4517958859375 0.72296329375 0.4662436921875 0.6975528765625 0.5449838578125 0.635010953125 0.5415026328125 0.628835025 0.553338196875 0.6774853671875001 0.5705937203125 0.684408815625 0.5714438125 0.6973264671875 0.5596489109375 0.7334763984375 0.5472957328125 0.776111121875 0.5462336828125001 0.8038340765624999 0.4614805234375
5 0.65196039375 0.49320827187500005 0.64015618125 0.5266544203125 0.6524888843750001 0.5281686859375 0.7070844046875 0.53146133125 0.713713146875 0.4902956625 0.672855684375 0.47688308125 0.65196039375 0.49320827187500005
5 0.579628796875 0.5181731015625 0.5767260109375 0.49052996093749995 0.5609086109375 0.4654990609375 0.522898959375 0.45453512500000004 0.49374161406250006 0.47404382187499994 0.48322199374999997 0.5084348140625 0.579628796875 0.5181731015625
5 0.7936380609375 0.570162625 0.7832623890625 0.5520968234375 0.7439557796875 0.5388746624999999 0.7034071843749999 0.5485887734375 0.670413934375 0.5865172859375 0.6599218015625 0.6335055281249999 0.6680124234375 0.6701815718749999 0.6644304140624999 0.6865335859374999 0.5925833703125 0.6819098359375 0.5858721671875 0.6852837625 0.58640744375 0.6937454 0.611783859375 0.7178510203124999 0.6501926796874999 0.7341114140625 0.6662181484375 0.73607909375 0.72888703125 0.7385264171875 0.7786033140625 0.66696859375 0.7965408453125 0.5978057671875 0.7936380609375 0.570162625
2 0.51353831875 0.53157274375 0.6080434453125 0.543176515625 0.6089003390625 0.536197675 0.5959582375 0.5262126687500001 0.5173725046875 0.5123655968749999 0.5106887890625 0.52833676875 0.51353831875 0.53157274375