14 0.9193617656249999 0.45285414218750003 0.9008383468750001 0.49211797500000004 0.9638268140624999 0.49497236562499997 0.9744898453124999 0.43757460468750004 0.9672795515624999 0.283449865625 0.947356221875 0.2350019390625 0.9481352062499999 0.172195046875 0.9295605140625 0.157089790625 0.913994971875 0.1584515984375 0.90089385625 0.1700542546875 0.8918913375 0.2105764078125 0.8959899328125 0.23949590625 0.9093502390625 0.24878348906249997 0.9009187859375001 0.2599776 0.8876873703125 0.3238739390625 0.885143915625 0.420295865625 0.9196472984374999 0.4381901234375 0.9193617656249999 0.45285414218750003
19 1 0.5800753171874999 0.9986706484375001 0.5167580078125 0.9925483906249999 0.50056330625 0.9058484625000001 0.49560081875 0.8810212109375 0.5165945437499999 0.8418218218750001 0.534663084375 0.68650320625 0.5879862390625 0.6665271921875 0.6106468265625 0.6401697296875 0.596222475 0.5626275515625 0.588367496875 0.5508238000000001 0.578943734375 0.58084050625 0.4738443375 0.5274768984375 0.45550884375 0.5162954859375 0.47112613124999997 0.491493165625 0.5820432015625 0.435561171875 0.5702062859375 0.374310834375 0.569291121875 0.3699267046875 0.5550356453124999 0.40866039687500005 0.424078115625 0.474580396875 0.4245847359375 0.45719911093750004 0.40519248750000003 0.4143682328125 0.3817529171875 0.3690465859375 0.38362675625 0.339549671875 0.405029025 0.3345944765625 0.4201015859375 0.381472678125 0.418091565625 0.391719875 0.42765150937499996 0.37815165156249997 0.45184278125 0.35493222812499997 0.5270694125000001 0.33448910625 0.562318615625 0.2600600375 0.554191275 0.24999441406249998 0.5467067390625 0.2859518046875 0.4557266390625 0.28312422812500004 0.44133498125 0.121424165625 0.45757319374999994 0.11574267187500001 0.464344134375 0.11945177656249999 0.524667078125 0.1518538828125 0.5364713 0.1644352046875 0.608565775 0.17193244375 0.622548890625 0.3272759890625 0.6591490828125 0.32232079375 0.6742216453125 0.2953922640625 0.689125334375 0.30138422187499997 0.7576137187499999 0.24853899531249998 0.7810587 0.229107703125 0.8099455062500001 0.23507331874999998 0.9139881484375 0.24752865625 1 0.503902790625 1 0.848328884375 0.9698666218750001 0.9826088343749999 0.8172178953125 0.9859298593749999 0.78346668125 1 0.7589528859375 1 0.5800753171874999
15 0.269860590625 0.486935340625 0.249313509375 0.53892396875 0.25058453125 0.5534518078125 0.338152384375 0.5643508234375 0.339557609375 0.5642278828125 0.358635453125 0.5335421203124999 0.3929586734375 0.42388336875 0.3072705765625 0.412558484375 0.269860590625 0.486935340625
15 0.3679484359375 0.5682792921875001 0.49117310312500007 0.583901084375 0.495017565625 0.5835647374999999 0.531206465625 0.4264272953125 0.4130123046875 0.4200376140625 0.40458085156249995 0.43123172656250003 0.3679484359375 0.5682792921875001
15 0.7262714265625 0.45092573593749996 0.5921485750000001 0.441747053125 0.5862855062500001 0.4464425875 0.5498346656249999 0.5855655578125 0.661335503125 0.6050885781249999 0.675344490625 0.60386295 0.6955020796875 0.58327776875 0.7037783015625 0.5344539921875 0.7241438078125 0.4803899578125 0.7262714265625 0.45092573593749996
15 0.680220659375 0.695453159375 0.6743326609375 0.6102253484375 0.6477409375 0.6648341046875 0.642318634375 0.6924952828125 0.646158040625 0.7005245437500001 0.680220659375 0.695453159375
15 0.7376666359375 0.45567983593749994 0.6851401140625 0.587321259375 0.6868674968749999 0.5871701328125 0.8248586031249999 0.53797705625 0.8349769125 0.47435307812499994 0.8327980187499999 0.44944821093750004 0.8213574156250001 0.44417526093750004 0.79305390625 0.46129053437499995 0.761922821875 0.46401415156250003 0.7376666359375 0.45567983593749994
15 0.9124905125 0.42809839062500005 0.85674009375 0.41833688281250003 0.8307194375 0.44361759999999995 0.8341693515624999 0.48305030625 0.8269049624999999 0.525511684375 0.8308448578125001 0.536930503125 0.8335039703125 0.5366978609374999 0.8886224078125 0.513838234375 0.9208956234375 0.4524585359375 0.92099958125 0.4357191109375 0.9124905125 0.42809839062500005
21 0.07947765625 1 0.078094190625 0.9841869093750001 0.11449234531250001 0.91617245 0.10325966093750001 0.8774206484375 0.176495325 0.8898349796874999 0.23564438437500002 0.8846601078124999 0.23491808593750002 0.8763584859375 0.1246882703125 0.8713633046875 0.0678484046875 0.8491493625000001 0.060195934375 0.7975365828125 0.06533270468749999 0.784539425 0.07228521875 0.7922963249999999 0.069976025 0.819685140625 0.0872796953125 0.82026255625 0.09176778437500001 0.8177786078124999 0.0846600375 0.7723920468750001 0.2843924265625 0.7068180265625 0.2877383828125 0.7629901593749999 0.29725928281249997 0.7642484781250001 0.30449733125 0.7573413578125 0.2995172046875 0.682490575 0.3342285046875 0.66690598125 0.3189484953125 0.6536037703125 0.1733074234375 0.6203373046875 0.1712837609375 0.6330621 0.176679721875 0.640955178125 0.228409159375 0.640612021875 0.23087358593750001 0.65085286875 0.1877308328125 0.677631575 0.1614509859375 0.6820220546875 0.0463699328125 0.6753600125 0.039158228125 0.6467128765625 0.0113218265625 0.6512395375 0.0220347203125 0.77368846875 0.038326559375 0.7806282828125 0.057519098437500006 1 0.07947765625 1
9 0.15291110624999998 0.5306277546875 0.016038293749999998 0.5258722437500001 0.0141962078125 0.5406724453125 0.0464153265625 0.675878865625 0.18066564375 0.6785111109375 0.1836498890625 0.6782500234375 0.23091897968750003 0.651371721875 0.2315676625 0.6408585140625 0.17306728437500002 0.6355201765625 0.15291110624999998 0.5306277546875
2 0.04094175 0.649170953125 0.0276077859375 0.6043291156249999 0.00773573125 0.610250278125 0.011843853125000001 0.6572063296875 0.01554066875 0.6568829 0.04094175 0.649170953125
19 0.290147890625 0.7546756015625 0.285608528125 0.702790459375 0.27782575781249996 0.7034713640625 0.21545963124999998 0.7256580234375 0.21600435468749998 0.731884240625 0.290147890625 0.7546756015625