21 0.6177014468750001 1 0.65728748125 0.8783256312500001 0.8334281765625 0.757183225 0.824595371875 0.77242624375 0.8283906828125 0.781424190625 0.82270535625 0.780006678125 0.8145051046875 0.796749353125 0.78046955625 0.9090383718749999 0.7861599765625 0.9185088218749999 0.78237230625 0.9215902843749999 0.795005515625 0.9233981531250001 0.8460562921875001 0.7509381546875 0.8542616375 0.74224841875 0.868126840625 0.6947114984375 0.8936788546875001 0.6778056890624999 0.8971610640625001 0.6638393109375 0.897790559375 0.6605072046875 0.6324498515625 0.554091990625 0.61289168125 0.5881319921875 0.5889031015625 0.6076479171875 0.55101620625 0.6223566609375 0.5270148906250001 0.621740240625 0.49037272343750005 0.6072365421875 0.4594006015625 0.5699915390625 0.44800193125 0.5228653515625 0.4530317828125 0.4865449796875 0.440393478125 0.476684171875 0.3443678390625 0.44200673281249997 0.3317473640625 0.46033121250000003 0.31974670625 0.4600230015625 0.3052158390625 0.45371616093749995 0.303935453125 0.426558028125 0.262243059375 0.416162946875 0.0261521046875 0.385386925 0.024668715625 0.391336475 0.020974984375 0.42310530156250004 0.050031621875 0.42766604375000006 0.180184503125 0.49500736874999995 0.20987623906250003 0.5050942375 0.2237618171875 0.489769075 0.23828758906249997 0.4880229765625 0.2869304140625 0.5028348859375 0.2901033625 0.5264390531250001 0.2624009734375 0.6658040578125 0.6130674265625 0.8659583890624999 0.5771135296875001 1 0.6177014468750001 1
5 0 0.7131638 0.15108471875 0.8216278499999999 0.13803748124999998 0.9218387546875 0.1970118109375 0.93654270625 0.21176385937500003 0.8931185421875 0.20294633750000002 0.9325203765625 0.2055398 0.9386689734375 0.304464521875 0.9633336765625 0.3153928578125 0.9659242234375001 0.3198130796875 0.96434241875 0.3147552125 0.9563716250000001 0.2692573171875 0.9208727187499999 0.22312941875 0.887900625 0.21176131250000002 0.8890920734375 0.2873135109375 0.5093717375 0.226672575 0.4982780875 0.1976923484375 0.61451143125 0.1882295390625 0.632281259375 0 0.5180621750000001 0 0.7131638
5 0.573424440625 1 0.5800152625 0.9852023187500001 0.585875071875 0.9629109093749999 0.5988846734375 0.9107322453125001 0.5900724171875 0.908535103125 0.566081290625 0.9240245609375 0.55030315 0.9429036906249999 0.54715821875 0.9635906875 0.5566388578125 0.9740061453125 0.5501578609375 1 0.573424440625 1
5 0.883366846875 1 0.88873775 0.9769619828125 0.904916734375 0.942750428125 0.9342434640624999 0.825127340625 0.9769562703125001 0.6513936203124999 0.8401000203125 0.9702030140625 0.81292575625 0.9459824265625001 0.6745573406250001 0.8712249609375 0.6594041109375001 0.8795243390625 0.62221344375 0.9963944781249999 0.6213961140625 1 0.883366846875 1
21 0.13309393281249998 0.5377493296875 0.105932403125 0.533661090625 0.069915146875 0.5085776421875 0.022534879687500002 0.4927385796875 0.015599731250000002 0.5124805703125 0.0219277984375 0.5315036171874999 0.16876027031250002 0.6154837171875001 0.184494934375 0.619406809375 0.189990496875 0.6203744234374999 0.1961681109375 0.601248725 0.1985441296875 0.5917190359375 0.19564780625 0.57750076875 0.12741370000000002 0.5443847578125001 0.1349915875 0.5422483031249999 0.13309393281249998 0.5377493296875
19 0.8289012328125 0.59005595625 0.7012938421875 0.55287208125 0.6949937921875 0.5781401984375 0.9009484796875 0.6603552015624999 0.8965384453125 0.678042884375 0.8693922000000001 0.6981134609375 0.8044711265625001 0.910057440625 0.8373230765624999 0.9236161296875001 0.8499410031249999 0.90126518125 0.8644718687499999 0.9075720234375 0.86951955 0.8994369375 0.978390375 0.6480637515625001 0.9949041718749999 0.5818305328125 0.89458985 0.5930145203125 0.8289012328125 0.59005595625
19 0.780809534375 0.8920804390624999 0.8131373500000001 0.7812443578125 0.8148546203125001 0.7743567578125 0.7028393796875 0.8494246499999999 0.7445445078125 0.8799520796875001 0.772151884375 0.8899218453125 0.780809534375 0.8920804390624999
14 0.882598959375 0.5083004156250001 0.8813211203125 0.48516875156249994 0.8497164453125 0.44642409218749995 0.8629669249999999 0.42557280000000003 0.8749421140625 0.3856163140625 0.8667189375 0.3661207640625 0.8515580671875 0.362340734375 0.83324971875 0.3752212328125 0.822534540625 0.41012409375000003 0.8238098328125 0.4292292875 0.8048714796875001 0.44463659843750003 0.7644569234375 0.45737318125000004 0.7417563703125001 0.516126646875 0.7607125531250001 0.5289046234375 0.7537901390624999 0.5687789624999999 0.7966833046875 0.580412790625 0.816439878125 0.5853386578124999 0.8333821640625001 0.5845976484375 0.8434596953125 0.5401421921875 0.87188378125 0.543203278125 0.882598959375 0.5083004156250001
15 0.8331296531250001 0.584803078125 0.8369523890625 0.587232334375 0.8457129609375 0.5894165890624999 0.9089263656250001 0.59162381875 0.9722939640625 0.5820933765625 0.972341609375 0.5819022781250001 0.8476274078125 0.5387658171874999 0.84239925 0.5411660578124999 0.8346375890625 0.5722963796875 0.8331296531250001 0.584803078125
15 0.5147015296874999 0.476558215625 0.5455072734375 0.4904118984375 0.5483464875 0.49111979375 0.5508335796875 0.48341983749999995 0.5561256203125 0.4621946171875 0.5411973953125 0.42680269531250004 0.5115031109375 0.4126893546875 0.5064681656250001 0.44095678749999995 0.5147015296874999 0.476558215625
15 0.5705173234375 0.49812374375 0.5762051968749999 0.503567725 0.6050124578125 0.5132998765625 0.621278815625 0.517355534375 0.6215443171875 0.5162906640625 0.6204125171875 0.49580261875 0.5736673484375 0.48548968593749997 0.5705173234375 0.49812374375
15 0.5631877890625 0.443557853125 0.5840339859375 0.44875539375000006 0.5864171687499999 0.4619638703125 0.6055198734375 0.46672670937499994 0.6171964859375 0.469141903125 0.6177730359375 0.4668294875 0.6124453359375 0.4316841328125 0.5916093265625 0.44259247031250004 0.56507525625 0.4319509484375 0.5631877890625 0.443557853125
11 1 0.43444336562499997 0.925298178125 0.4129328859375 0.8830649234375001 0.54599105 0.980288825 0.577880775 0.9862110640624999 0.5793573546874999 0.9961414484375 0.5768680828125 1 0.561392278125 1 0.43444336562499997
4 1 0.276221725 0.848800825 0.24705118750000002 0.8273781109374999 0.32893631874999996 0.9930126046875 0.373320109375 1 0.3750622625 1 0.276221725
3 0.10965912343749999 0 0.037564578125 0.289155428125 0.08936506875 0.3034126875 0.12031172187500001 0.3003929953125 0.1260046890625 0.3138899140625 0.110889665625 0.3825863359375 0.11367289218750001 0.3891848296875 0.1250435609375 0.39201985625 0.1323709609375 0.3933100046875 0.307970796875 0.4156208421875 0.3193159796875 0.37819116875000003 0.33068153906250003 0.3729732515625 0.4094474375 0.08128059843749999 0.4440942453125 0.007310471875 0.44527017031250005 0.0025940921875 0.441875425 0 0.10965912343749999 0