8 0 0.552552115625 0.0036168046875 0.56956784375 0.014748443750000001 0.5693316187499999 0.0296797625 0.6470931640625001 0.06774558124999999 0.6429955421875 0.070611253125 0.642386425 0.07553043125 0.637347303125 0.05644719375 0.56259815 0.0837533546875 0.5482745421875 0.0674979203125 0.47931394843749997 0 0.48832164687499996 0 0.552552115625
12 0.025552510937500002 0.63519118125 0.0194390890625 0.6364906296874999 0.06035937031250001 0.8365206265625 0.148570846875 0.8156408234375 0.172059575 0.8660249203125 0.1829015625 0.8677139031250001 0.18355960625 0.86757403125 0.17429931875 0.8314708296875001 0.1784512375 0.8284584359375 0.1696086734375 0.7643118171875 0.13712247187499998 0.6114762546875 0.074459890625 0.6247955968750001 0.068321803125 0.641009421875 0.034697979687500005 0.6481563875 0.025552510937500002 0.63519118125
8 0.806692334375 0.4774080578125 0.8405204 0.478737184375 0.82971633125 0.41287762031249997 0.8552652281249999 0.4053171578125 0.8431370453125 0.3482585484375 0.7704380328125 0.3594514484375 0.7779811484375 0.41748464375000005 0.7987160703125 0.41733705312499997 0.806692334375 0.4774080578125
1 1 0.555778340625 0.9824848125000001 0.5529256515625 0.9418812671874999 0.55729645 0.9032885593750001 0.5335514406249999 0.865537484375 0.528796421875 0.8127070937499999 0.535766115625 0.7682052046875001 0.52179664375 0.596596225 0.5561433828125 0.550337071875 0.548937059375 0.5178084546874999 0.5537213546875 0.5029333828125 0.573922159375 0.418211765625 0.596190046875 0.325415221875 0.6180444375 0.286135790625 0.6136142812500001 0.258625390625 0.619461796875 0.2196804453125 0.676726953125 0.19640287343750001 0.7626100515625 0.193272165625 0.8080029046874999 0.22666708125 0.807294225 0.2384361125 0.8175718984375001 0.256145903125 0.9309507578125 0.2761868515625 1 0.55255211875 1 0.9860447515624999 0.907858296875 1 0.9029884796875001 1 0.555778340625
12 0.7431093109375 0.48639705781250003 0.7398236921875 0.4934850671875 0.7463455984375 0.509137803125 0.779486940625 0.529781784375 0.8130860984374999 0.5375491953125 0.862859778125 0.5312292265624999 0.8960257859375 0.53695883125 0.9153524046875001 0.5490911390625001 0.9187195625 0.5483754265624999 0.9291917953125 0.5426884359375 0.9253427828125 0.49451941406250005 0.91622198125 0.466639834375 0.7431093109375 0.48639705781250003
2 0.85684501875 0.47287116874999996 0.8701895203125 0.47083341093750003 0.8906312734374999 0.46648838281250005 0.8780377546875 0.4598470078125 0.842019278125 0.4632432203125 0.843751875 0.47139445 0.85684501875 0.47287116874999996
15 0.5047083953125 0.42445353125 0.41473965625 0.4520964828125 0.26042506875 0.4550787921875 0.2842729484375 0.5522438281250001 0.2968836125 0.58151149375 0.2929359359375 0.5929999796875001 0.2987957859375 0.6130531921875 0.31298413593749996 0.612167240625 0.3197349484375 0.6213816921875 0.341131928125 0.616833625 0.49878146562500003 0.5769345515625 0.5112372171875 0.567897371875 0.4988554625 0.532191421875 0.5047083953125 0.42445353125
15 0.2262173921875 0.6172983546874999 0.22334025781250003 0.6413385484374999 0.228177759375 0.6568168453125 0.22887213437499998 0.6566692515625 0.256326690625 0.623677684375 0.29891640625 0.60610545625 0.30548764375 0.5919294390625 0.2894611171875 0.5165305625000001 0.281615096875 0.5096787796875 0.2618451375 0.45424447968750004 0.3185985375 0.4507006765625 0.347612628125 0.459442675 0.43995135625000004 0.450464853125 0.42955577187499994 0.4015574734375 0.2874186984375 0.43176964062499995 0.198594496875 0.42722117031250006 0.18376875625 0.417593221875 0.2262173921875 0.6172983546874999
15 0.6023483921875 0.410355371875 0.522898565625 0.412333821875 0.5019594015625 0.40400532031249997 0.5047625390625 0.4247082578125 0.5354352312499999 0.48634461562500003 0.5510532734375 0.5447913093750001 0.5925618 0.558598334375 0.7511747875 0.524884103125 0.732543775 0.47426616875 0.7266030125 0.3711649796875 0.65780234375 0.4006981484375 0.6023483921875 0.410355371875
15 0.5068988078125 0.41972819218749996 0.49951060312499995 0.399999840625 0.45587501250000007 0.3901059859375 0.4745744328125 0.4329885796875 0.5068988078125 0.41972819218749996
15 0.6537539015625 0.3741365125 0.52188216875 0.4000368390625 0.55963324375 0.40479185781250004 0.5882388515625 0.39658167187500004 0.62576101875 0.40777497656249995 0.6653838203125 0.40254770312500004 0.6795975171874999 0.3995264890625 0.6886525078125 0.3880173484375 0.6893392296874999 0.3687024953125 0.6801937625 0.3557372890625 0.6537539015625 0.3741365125
15 0.5889009078125 0.3921811953125 0.5256009359375 0.3949866375 0.5321228421875001 0.410639375 0.5609326921875 0.4109052796875 0.569898584375 0.4004800171875 0.598912675 0.4092220140625 0.626639671875 0.4043933984375 0.6561878578125 0.3981127375 0.6652940234375 0.3908524703125 0.6578811531250001 0.3860384953125 0.6568106125 0.3734867890625 0.5889009078125 0.3921811953125
15 0.5054294078125 0.4503912578125 0.505077171875 0.5314014265625 0.5172793515625 0.54371690625 0.5425611921875 0.5436677765625 0.547974115625 0.5425172234375 0.550470025 0.534532134375 0.53658458125 0.484236671875 0.519184609375 0.4474675 0.5054294078125 0.4503912578125