9 0.60327043125 0.5367929124999999 0.5530364375000001 0.5308422140625 0.1862709078125 0.574358153125 0.174230884375 0.5870584953125 0.17558625781249998 0.60374328125 0.236194759375 0.8574903812500001 0.25211250937499996 0.9477644265625 0.2623386890625 0.9607695796875 0.621048640625 0.9165585859375 0.64919981875 0.9052483562500001 0.614398525 0.5729092265625 0.60327043125 0.5367929124999999
21 1 0.6685031234375 0.7415555984375 0.6731853859375 0.7413672015625 0.7261054078125 0.751858446875 0.785604209375 0.726423025 0.7943201046875 0.709588334375 0.7888266265625 0.707876203125 0.734126246875 0.6946692015625 0.6772217781250001 0.6228925375000001 0.6750696359374999 0.6453070671875001 0.9101656984375 0.26161515468749996 0.9566662125000001 0.2540130375 0.9495447828125 0.2317618609375 0.8413482437500001 0.22262098125000002 0.8344981390624999 0.0743496546875 0.9114137046874999 0.0662023828125 0.9191967062499999 0.07126712187499999 0.9479202656249999 0.13480482031250002 0.9663334640624999 0.20540200312499998 1 0.5437443328125 1 1 0.919549815625 1 0.6685031234375
2 0.0836955921875 0.9081791609375 0.1043561421875 0.901627375 0.225653284375 0.833699028125 0.21389335156249997 0.785001290625 0.20592946875 0.775828178125 0.1703595609375 0.7630608624999999 0.1433853765625 0.7720480843749999 0.087271415625 0.7417485203124999 0.07188379375000001 0.744461771875 0.0393864015625 0.7671157156249999 0.0639865609375 0.9066301484375 0.0721548765625 0.9102140999999999 0.0836955921875 0.9081791609375
5 0.6206754625 0.67149405625 0.6824507953125 0.670914325 0.6839895609375 0.6706429984375 0.6789700421875 0.6421759 0.6545382453124999 0.5935970828125 0.62114395 0.5571759546874999 0.6046710265625 0.553734159375 0.6206754625 0.67149405625
5 0.1940060265625 1 0.1729535703125 0.9847280421875 0.0712219015625 0.9476638046874999 0.080450184375 1 0.1940060265625 1
5 1 0.5208178265625001 0.9686755781249999 0.5125560953125 0.9140953703125 0.5179491140625 0.8716418703125 0.53812764375 0.8447543718749999 0.5746007171875 0.8312622718749999 0.6150582359375 0.837590690625 0.668944640625 1 0.669506175 1 0.5208178265625001
19 0.780951609375 0.5096938703125 0.769543425 0.5349756343750001 0.772707634375 0.5619188359375 0.7494428156249999 0.582944828125 0.744276365625 0.63462714375 0.7500646375 0.6674540671875 0.7956823453124999 0.674218740625 0.834513165625 0.669487290625 0.8406782328125001 0.596474171875 0.8599636140625 0.5528796687499999 0.883320128125 0.52337561875 0.876900015625 0.477967271875 0.8576296593749999 0.4136700484375 0.84415759375 0.3102719328125 0.8380942390625 0.30287917656249996 0.818905559375 0.3020317140625 0.6386003203125 0.3232470328125 0.6257450671875 0.3403220640625 0.6430282093749999 0.37535307812499996 0.6601229546875 0.463304115625 0.690353040625 0.47278203906250005 0.7084564203125 0.467474453125 0.7201346765625 0.4527224296875 0.7342536078124999 0.460810240625 0.7722692 0.46045348124999996 0.780951609375 0.5096938703125
19 0.50805056875 0.536658965625 0.5495453609375 0.5293423140625 0.5294650890625 0.4781451671875 0.5114534046875 0.47497469687500005 0.49868984687499995 0.48357167187499994 0.50805056875 0.536658965625
15 0.5194687703125 0.43944938437500003 0.518831921875 0.4628318703125 0.5511359078125 0.5290618578124999 0.582634684375 0.52773871875 0.588703046875 0.4991675640625 0.573865590625 0.4510124765625 0.5416482890625 0.4122683421875 0.532415715625 0.41389629375 0.5194687703125 0.43944938437500003
15 1 0.4562556671875 0.990323715625 0.401378734375 0.8958323953124999 0.36938424531249997 0.9019774265624999 0.44022676250000004 0.8807915156250001 0.48204090781250003 0.88260035 0.49229932187500003 0.8921029953125 0.501201109375 0.9190771796874999 0.49221388906249997 0.9340869187499999 0.4948559484375 0.9389596625 0.4939967515625 0.9707632515625001 0.47040740625 1 0.471075953125 1 0.4562556671875
19 0.8686208375 0.458007959375 0.8835382546874999 0.4736235640625 0.884669428125 0.4734241078125 0.90220353125 0.4415090640625 0.8950598843750001 0.39199735156250004 0.8570442921874999 0.392354109375 0.8686208375 0.458007959375
19 0.6540583468750001 0.46490233593749997 0.6434754093749999 0.41388159062499996 0.5562194296875 0.4229207578125 0.55422720625 0.42961845624999995 0.570516740625 0.45001636562499997 0.5828218281249999 0.48380967343750003 0.5850791156249999 0.523605621875 0.5962122171875001 0.5237580265624999 0.609460165625 0.5394035703125 0.61011775625 0.53928761875 0.607075246875 0.5133806937500001 0.617943284375 0.46703945156250004 0.6435570859374999 0.47733135156250006 0.6540583468750001 0.46490233593749997