16 0 0.68359375 0.03125 0.6653645828125 0.03515625 0.54296875 0.0927734375 0.5416666671875 0.2939453125 0.5546875 0.29296875 0.6549479171875 0.298828125 0.6783854171875 0.294921875 0.6940104171875 0.306640625 0.7018229171875 0.298828125 0.7044270828125 0.30078125 0.72265625 0.287109375 0.7408854171875 0.283203125 0.8528645828125001 0.2626953125 0.8880208328125001 0.2373046875 0.890625 0.1142578125 0.8828125 0.107421875 0.8763020828125001 0.1044921875 0.8541666671874999 0.0712890625 0.8776041671874999 0.0595703125 0.8776041671874999 0.0009765625 0.6953125 0 0.99609375 0.015625 0.9934895828125001 0.01953125 0.91015625 0.0244140625 0.90625 0.2783203125 0.921875 0.279296875 0.99609375 0.306640625 0.99609375 0.3125 0.87890625 0.328125 0.8372395828125001 0.330078125 0.80078125 0.330078125 0.7643229171875 0.318359375 0.7565104171875 0.314453125 0.7122395828125 0.32421875 0.54296875 0.333984375 0.52734375 0.3359375 0.5065104171875 0.3359375 0.4596354171875 0.328125 0.4518229171875 0.333984375 0.2981770828125 0.333984375 0.2669270828125 0.328125 0.26171875 0.333984375 0.26171875 0.333984375 0.23046875 0.341796875 0.20703125 0.34375 0.0013020828125 0.31640625 0.0013020828125 0.3125 0.1393229171875 0.30859375 0.1419270828125 0.3076171875 0.1276041671875 0.2919921875 0.1302083328125 0.296875 0.16796875 0.2724609375 0.1744791671875 0.0302734375 0.15625 0.029296875 0.0013020828125 0.0087890625 0 0 0.15234375 0 0.68359375
2 0.1396484375 0.6536458328125 0.107421875 0.68359375 0.107421875 0.8763020828125001 0.1142578125 0.8828125 0.138671875 0.8815104171874999 0.1484375 0.8763020828125001 0.150390625 0.6809895828125 0.1728515625 0.65625 0.1396484375 0.6536458328125
2 0.1767578125 0.65625 0.150390625 0.68359375 0.1484375 0.87890625 0.1552734375 0.8854166671874999 0.177734375 0.8841145828125001 0.189453125 0.8736979171874999 0.19140625 0.68359375 0.2119140625 0.65625 0.1767578125 0.65625
2 0.2490234375 0.6588541671875 0.2158203125 0.6588541671875 0.19140625 0.6861979171875 0.189453125 0.8815104171874999 0.216796875 0.88671875 0.2255859375 0.8828125 0.23046875 0.8684895828125001 0.23046875 0.69140625 0.2490234375 0.6588541671875
2 0.2529296875 0.6614583328125 0.232421875 0.6861979171875 0.228515625 0.87890625 0.2333984375 0.8880208328125001 0.255859375 0.8893229171874999 0.267578125 0.8815104171874999 0.283203125 0.84765625 0.2861328125 0.6614583328125 0.2529296875 0.6614583328125
2 0.001953125 0.6888020828125 0.0546875 0.86328125 0.0615234375 0.8776041671874999 0.0703125 0.8763020828125001 0.107421875 0.84765625 0.107421875 0.7513020828125 0.0751953125 0.6536458328125 0.001953125 0.6888020828125
2 0.13671875 0.15234375 0.1474609375 0.1640625 0.294921875 0.1705729171875 0.294921875 0.1471354171875 0.2783203125 0.1276041671875 0.13671875 0.12109375 0.13671875 0.15234375
2 0.029296875 0.3372395828125 0.029296875 0.51171875 0.056640625 0.5169270828125 0.083984375 0.5065104171875 0.0830078125 0.3307291671875 0.0322265625 0.3307291671875 0.029296875 0.3372395828125
2 0.083984375 0.5143229171875 0.0888671875 0.5208333328125 0.1171875 0.51953125 0.130859375 0.5091145828125 0.130859375 0.3372395828125 0.0888671875 0.3307291671875 0.083984375 0.5143229171875
2 0.162109375 0.51953125 0.1640625 0.3372395828125 0.1337890625 0.3359375 0.130859375 0.51953125 0.162109375 0.51953125
2 0.1640625 0.33984375 0.162109375 0.5221354171875 0.1953125 0.5247395828125 0.208984375 0.5143229171875 0.2109375 0.3424479171875 0.1689453125 0.3359375 0.1640625 0.33984375
2 0.20703125 0.5169270828125 0.2099609375 0.5260416671875 0.236328125 0.52734375 0.25390625 0.5169270828125 0.255859375 0.3450520828125 0.2119140625 0.3411458328125 0.20703125 0.5169270828125