14 0.4423828125 0.828125 0.4365234375 0.8177083328125001 0.3935546875 0.8411458328125001 0.359375 0.8815104171874999 0.357421875 0.9049479171874999 0.3642578125 0.9114583328125001 0.4189453125 0.8880208328125001 0.3984375 0.9127604171874999 0.3984375 0.9283854171874999 0.4296875 0.93359375 0.490234375 0.8997395828125001 0.4951171875 0.7864583328125 0.4560546875 0.8046875 0.4423828125 0.828125
14 0.5908203125 0.3645833328125 0.5703125 0.3346354171875 0.580078125 0.2903645828125 0.576171875 0.24348958281250002 0.5634765625 0.22916666718749998 0.5419921875 0.22395833281250002 0.52734375 0.23307291718749998 0.515625 0.2721354171875 0.517578125 0.3294270828125 0.52734375 0.34765625 0.4814453125 0.3802083328125 0.47265625 0.40234375 0.474609375 0.50390625 0.46484375 0.5533854171875 0.4052734375 0.5807291671875 0.390625 0.6106770828125 0.390625 0.64453125 0.3974609375 0.65625 0.4873046875 0.6796875 0.4970703125 0.6796875 0.5029296875 0.6666666671875 0.5498046875 0.65625 0.5673828125 0.6614583328125 0.55859375 0.69140625 0.5712890625 0.6848958328125 0.5751953125 0.7005208328125 0.591796875 0.7044270828125 0.638671875 0.5481770828125 0.6328125 0.43359375 0.626953125 0.39453125 0.5908203125 0.3645833328125
15 0.3623046875 0.4036458328125 0.34765625 0.4231770828125 0.30078125 0.53515625 0.3837890625 0.5442708328125 0.384765625 0.5716145828125 0.408203125 0.5768229171875 0.416015625 0.5690104171875 0.466796875 0.4231770828125 0.3896484375 0.4140625 0.3623046875 0.4036458328125
19 1 0.7591145828125 0.9638671875 0.7786458328125 0.9267578125 0.7760416671875 0.921875 0.76953125 0.92578125 0.7278645828125 0.94921875 0.67578125 0.904296875 0.6471354171875 0.9140625 0.6184895828125 0.96875 0.53515625 0.9072265625 0.5234375 0.8740234375 0.5260416671875 0.861328125 0.55859375 0.85546875 0.6497395828125 0.8486328125 0.6588541671875 0.8310546875 0.6588541671875 0.7724609375 0.6380208328125 0.6767578125 0.6223958328125 0.705078125 0.5299479171875 0.70703125 0.4986979171875 0.6396484375 0.4791666671875 0.638671875 0.5559895828125 0.59375 0.7174479171875 0.552734375 0.7486979171875 0.55078125 0.84765625 0.568359375 0.86328125 0.548828125 0.8815104171874999 0.5390625 0.9049479171874999 0.537109375 0.9934895828125001 1 0.99609375 1 0.7591145828125
15 0.8623046875 0.4791666671875 0.7177734375 0.4661458328125 0.6953125 0.57421875 0.677734375 0.62109375 0.84765625 0.6575520828125 0.85546875 0.6419270828125 0.859375 0.55859375 0.884765625 0.4908854171875 0.8623046875 0.4791666671875
15 0.90625 0.6393229171875 0.9150390625 0.65625 0.95703125 0.6731770828125 0.9296875 0.71484375 0.923828125 0.7721354171875 0.966796875 0.7747395828125 1 0.75390625 0.9990234375 0.5052083328125 0.951171875 0.5638020828125 0.90625 0.6393229171875
16 0.390625 0.3450520828125 0.37890625 0.39453125 0.38671875 0.39453125 0.3974609375 0.3671875 0.4091796875 0.3958333328125 0.40234375 0.3450520828125 0.4228515625 0.2864583328125 0.4453125 0.29296875 0.443359375 0.3346354171875 0.427734375 0.3424479171875 0.443359375 0.3528645828125 0.443359375 0.3763020828125 0.44921875 0.37890625 0.451171875 0.3502604171875 0.4560546875 0.3463541671875 0.4716796875 0.3489583328125 0.474609375 0.3763020828125 0.48046875 0.3763020828125 0.4833984375 0.1692708328125 0.3857421875 0.1380208328125 0.341796875 0.1419270828125 0.3359375 0.37109375 0.3388671875 0.3776041671875 0.34375 0.3736979171875 0.349609375 0.3372395828125 0.345703125 0.2799479171875 0.353515625 0.2747395828125 0.345703125 0.2669270828125 0.345703125 0.21484375 0.3515625 0.21223958281250002 0.3486328125 0.1796875 0.369140625 0.24869791718749998 0.37109375 0.2669270828125 0.35546875 0.2747395828125 0.37109375 0.2825520828125 0.3671875 0.3736979171875 0.369140625 0.40234375 0.375 0.4049479171875 0.37890625 0.3033854171875 0.388671875 0.33203125 0.3828125 0.33984375 0.390625 0.3450520828125
19 0.3984375 0.4075520828125 0.46875 0.41796875 0.474609375 0.39453125 0.4697265625 0.3802083328125 0.4306640625 0.3854166671875 0.3984375 0.4075520828125
19 0.4697265625 0.4348958328125 0.44921875 0.47265625 0.423828125 0.5455729171875 0.421875 0.56640625 0.427734375 0.56640625 0.4541015625 0.5598958328125 0.462890625 0.5377604171875 0.47265625 0.4986979171875 0.4697265625 0.4348958328125
19 0.33984375 0.4361979171875 0.1708984375 0.4401041671875 0.1640625 0.4700520828125 0.1640625 0.6002604171875 0.1669921875 0.6067708328125 0.1796875 0.60546875 0.19921875 0.6028645828125 0.1982421875 0.53125 0.2978515625 0.5338541671875 0.33984375 0.4361979171875
21 0 0.7200520828125 0.0146484375 0.7213541671875 0.0166015625 0.7317708328125 0.0458984375 0.734375 0.0478515625 0.7421875 0.078125 0.7486979171875 0.0693359375 0.7526041671875 0.0927734375 0.7526041671875 0.0986328125 0.7630208328125 0.1162109375 0.7630208328125 0.1220703125 0.7734375 0.1396484375 0.7734375 0.134765625 0.77734375 0.1494140625 0.7838541671875 0.1728515625 0.7838541671875 0.173828125 0.79296875 0.1904296875 0.8072916671874999 0.2255859375 0.8046875 0.232421875 0.80859375 0.2275390625 0.8151041671874999 0.2490234375 0.8125 0.2666015625 0.8255208328125001 0.3515625 0.8502604171874999 0.3955078125 0.8255208328125001 0.4111328125 0.8255208328125001 0.4130859375 0.8177083328125001 0.4501953125 0.796875 0.4658203125 0.796875 0.4677734375 0.7864583328125 0.4892578125 0.7838541671875 0.4912109375 0.7760416671875 0.5283203125 0.7552083328125 0.5341796875 0.7630208328125 0.5458984375 0.7447916671875 0.5849609375 0.7239583328125 0.58984375 0.7122395828125 0.5595703125 0.6979166671875 0.4013671875 0.6588541671875 0.3896484375 0.6588541671875 0.388671875 0.6653645828125 0.4130859375 0.671875 0.416015625 0.68359375 0.3857421875 0.7265625 0.2197265625 0.7109375 0.208984375 0.7044270828125 0.203125 0.61328125 0.1982421875 0.6067708328125 0.1572265625 0.6067708328125 0.1103515625 0.625 0 0.6471354171875 0 0.7200520828125
9 0.19921875 0.5325520828125 0.2119140625 0.7083333328125 0.38671875 0.7252604171875 0.416015625 0.6809895828125 0.38671875 0.66796875 0.3818359375 0.5442708328125 0.19921875 0.5325520828125
2 0.0947265625 0.625 0.08203125 0.63671875 0.0869140625 0.6510416671875 0.1201171875 0.6614583328125 0.140625 0.6783854171875 0.2060546875 0.6666666671875 0.203125 0.6106770828125 0.1611328125 0.6067708328125 0.0947265625 0.625
21 0.17578125 0.8658854171874999 0.185546875 0.8684895828125001 0.193359375 0.85546875 0.193359375 0.82421875 0.1826171875 0.8125 0.17578125 0.8658854171874999
4 0.859375 0.37109375 0.853515625 0.3580729171875 0.859375 0.3190104171875 0.853515625 0.31640625 0.849609375 0.2877604171875 0.853515625 0.21223958281250002 0.9970703125 0.20833333281250002 0.9990234375 0.1223958328125 0.6640625 0.1471354171875 0.6669921875 0.20572916718749998 0.7373046875 0.20052083281250002 0.74609375 0.20703125 0.7451171875 0.2942708328125 0.8271484375 0.2942708328125 0.826171875 0.3893229171875 0.859375 0.39453125 0.880859375 0.3919270828125 0.8642578125 0.390625 0.853515625 0.37890625 0.859375 0.37109375
7 0.65625 0.4075520828125 0.7021484375 0.4010416671875 0.7080078125 0.4375 0.73046875 0.4361979171875 0.73828125 0.40234375 0.74609375 0.20703125 0.6669921875 0.20572916718749998 0.65625 0.4075520828125
6 0.9990234375 0.4270833328125 1 0.4127604171875 0.8974609375 0.4036458328125 0.841796875 0.4075520828125 0.8525390625 0.4244791671875 0.8798828125 0.4192708328125 0.89453125 0.4283854171875 0.9013671875 0.4088541671875 0.9111328125 0.421875 0.9853515625 0.4270833328125 0.9990234375 0.4270833328125
18 0.9677734375 0.3619791671875 0.970703125 0.3841145828125 0.9609375 0.40234375 0.97265625 0.4075520828125 0.982421875 0.3997395828125 0.974609375 0.39453125 0.974609375 0.3658854171875 0.9677734375 0.3619791671875
10 0.8203125 0.4075520828125 0.8271484375 0.3020833328125 0.744140625 0.30078125 0.73828125 0.43359375 0.75 0.43359375 0.7529296875 0.4166666671875 0.7900390625 0.4140625 0.8017578125 0.4010416671875 0.8203125 0.4075520828125