21 0 0.7838398375 0.0681940265625 0.7966757984374999 0.078984425 0.8051987484375 0.0772743609375 0.9926974609375 0.12414222187499999 0.9935155421875 0.1279575703125 0.9539927765625 0.120474675 0.8455123265625 0.1277054203125 0.7893799703125 0.1609492328125 0.7649564359375 0.1733746109375 0.7693406234375 0.1799145328125 0.752785571875 0.21007018125000002 0.7262244828125 0.3064952984375 0.66331441875 0.317758365625 0.644758159375 0.3285499453125 0.56368415 0.31470774218750003 0.5509406296875 0.068197575 0.5278849234375 0.05399178125 0.5359715625 0.0485050921875 0.58171610625 0.04011321875 0.52531105625 0.018277909375 0.5228462703125001 0.0039993953125 0.5350989421875 0 0.57946276875 0 0.5997954546875001 0.020020784375 0.60205541875 0.0359706375 0.5835809671875001 0.0405847046875 0.5878288078125 0.037242025 0.6002723640625 0.027868453124999998 0.6001087484375 0.0245621328125 0.610469290625 0 0.623401715625 0 0.7838398375
6 0.8995073124999999 0.5317167781250001 0.8419217734375 0.5182097140625 0.7952357078125 0.5069765515625 0.7829921265625 0.492177284375 0.6362122140625 0.48544792968749995 0.569144025 0.4780262984375 0.5396428421875 0.46709310156250006 0.076196409375 0.42774885312500005 0.0277299265625 0.4289865171875 0.015159112499999999 0.4329343953125 0.0134514140625 0.4412391890625 0.0351776453125 0.449953025 0.1912584109375 0.46101202812500003 0.281578734375 0.47925777968750005 0.503092709375 0.5018771765625 0.6280373125 0.5061417453125 0.8260809984374999 0.530435115625 0.8368713953125001 0.5389580656249999 0.8134011062500001 0.5406320421874999 0.8193592796875 0.5574052468749999 0.8445736281249999 0.5453434609375 0.8711320828125 0.545807040625 0.9360562625 0.586529659375 0.942050796875 0.60121985 0.9261373031250001 0.617611284375 0.9330193859374999 0.631014684375 0.9366460625 0.6310779890625 0.9667561156250001 0.6183202875 0.99785591875 0.6271977390625 0.9988012578125 0.573039321875 0.9646132890624999 0.5620243171875 0.9554215125000001 0.5514456203125 0.952624221875 0.5326439359374999 0.8995073124999999 0.5317167781250001
5 0.1582963828125 0.4692921890625 0.14129329531249998 0.4585771453125 0.09442543437499999 0.4577590640625 0.078657378125 0.46581843593750005 0.065650253125 0.49476250468750005 0.063760759375 0.513482378125 0.0714266328125 0.5219507906249999 0.1416557046875 0.52734394375 0.16229234374999998 0.5089513015625 0.171665915625 0.50911491875 0.184054934375 0.515582121875 0.1868158671875 0.536466821875 0.192992196875 0.5407419296875 0.26176118437499996 0.5458491421875 0.2667409046875 0.5459360640625001 0.2758284421875 0.5401041921874999 0.2722687921875 0.4754488875 0.261442034375 0.469008953125 0.1849275546875 0.46558973750000004 0.1627650125 0.48187209375 0.1582963828125 0.4692921890625
18 0.0183199953125 0.4309059171875 0.016539578125000003 0.44337674375 0.19917814375 0.46193163593750003 0.2164687984375 0.462233446875 0.2320590203125 0.4513059515625 0.2680637640625 0.44776711562499993 0.26504831875 0.441463528125 0.2042291765625 0.43415097343750003 0.04651343125 0.427230734375 0.0183199953125 0.4309059171875
5 0.35471299375 0.586800528125 0.3957681171875 0.5625133390625 0.39780304843750003 0.5354614015625 0.3853413109375 0.5331602296875 0.3616528671875 0.5473323015625 0.325648121875 0.5508711374999999 0.3147474640625 0.6381941953125 0.3066816390625 0.652638959375 0.118300034375 0.79103899375 0.1161912015625 0.9118539234374999 0.10710978906249999 0.9916555015625 0.130453409375 0.992062965625 0.1329761328125 0.9350670624999999 0.1392979 0.9310101078124999 0.1860203234375 0.9401602546875001 0.188147125 0.9930700140625 0.38187152812499997 0.9964514859375001 0.374474646875 0.7975941890625 0.3923515359375 0.6687198875 0.3937331859375 0.5895652796874999 0.3797819046875 0.5830708062500001 0.3529325765625 0.5992713546874999 0.35471299375 0.586800528125
13 0.2705247328125 0.48583669687500003 0.27110529843750003 0.5421054 0.2861601015625 0.5525259796875 0.29553369375 0.5526895953125 0.35844653437499996 0.55196455 0.40426116093750003 0.5235931375 0.4001197625 0.4922660890625 0.3939434328125 0.48799097812500003 0.275320596875 0.4796694578125 0.2705247328125 0.48583669687500003
20 0.4086298421875 0.47027584375 0.43191948125 0.46104548125000006 0.428904034375 0.45474189374999996 0.30403215 0.4463112953125 0.27881780312500004 0.45837308125 0.397147215625 0.47007541406250003 0.4086298421875 0.47027584375
5 0.07569429062500001 0.277456784375 0.22520198906250002 0.292047440625 0.2358123734375 0.292232646875 0.264582559375 0.28908844375 0.2713066421875 0.0829243953125 0.2668743703125 0.068261475 0.08107426718750001 0.0587673703125 0.076278403125 0.0649346109375 0.07569429062500001 0.277456784375
5 0.5675363140624999 0.48060280000000005 0.688470721875 0.4907878640625 0.692430628125 0.49085698437499997 0.7008376140625 0.4537584734375 0.7166092203125001 0.1769082265625 0.5729174718750001 0.17231642656249999 0.566013959375 0.2097016390625 0.5520954890625 0.46991502656249995 0.5675363140624999 0.48060280000000005
4 0.9926237453125 0.658361171875 0.991606871875 0.6270886625000001 0.9621420484375 0.6140724468750001 0.93456671875 0.5823363578125 0.899071003125 0.5567129703125 0.861831228125 0.5414773921875 0.755961003125 0.5187929140625 0.4112101234375 0.48360415625000003 0.399983415625 0.500077396875 0.4087752421875 0.533569271875 0.39017116875 0.7041038921875 0.42435913750000004 0.7151188984375 0.549158303125 0.727715528125 0.5646354859375 0.7363202875 0.5527080484375 0.9744296406249999 0.9869744375 0.9820097875 0.9907694265625 0.7645949890625 0.5588954671875 0.707048984375 0.54683368125 0.6818346375 0.5554812515625 0.6340616156250001 0.5918495890625 0.60969261875 0.9848124359374999 0.658224825 0.9926237453125 0.658361171875
10 1 0.449853003125 0.9791838593750001 0.44351055781250004 0.9655961703125 0.4161859234375 0.7986159296875 0.40285302031250003 0.7922578031249999 0.408992990625 0.789204815625 0.49436937812500004 0.7983602328125 0.507031090625 0.8622675390625 0.5164812000000001 0.9004506578125 0.5304309625 0.922768675 0.530820525 0.9636327734375 0.5286687890625 0.9966947906250001 0.514660334375 1 0.46450376093749995 1 0.449853003125
6 0.54425 0.6507952359375 0.5434864562499999 0.694538571875 0.5572559421875 0.711448125 0.7396406468750001 0.73755181875 0.7626019078125 0.7650400687500001 0.7752454421875 0.7569261593750001 0.8173901562499999 0.75974545 0.8331945734374999 0.7496030625000001 0.995415309375 0.767020190625 0.9973423453124999 0.6566203421875 0.9475317562500001 0.6453326406250001 0.5777846859375 0.609707571875 0.54926401875 0.6321299 0.54425 0.6507952359375