16 0.70625 0 0.70341796875 0.011328125 0.65263671875 0.8446614578125 0.64482421875 0.901953125 0.64189453125 0.890234375 0.62822265625 0.9032552078125 0.55986328125 0.890234375 0.53251953125 0.9006510421874999 0.53349609375 0.8889322921874999 0.52080078125 0.8798177078125 0.48564453125 0.8772135421874999 0.47587890625 0.8563802078125 0.44072265625 0.866796875 0.42900390625 0.835546875 0.41923828125 0.8459635421874999 0.41240234375 0.8420572921874999 0.41728515625 0.827734375 0.40654296875 0.8420572921874999 0.40751953125 0.858984375 0.39091796875 0.8602864578125 0.39189453125 0.874609375 0.64189453125 0.9345052078125 0.6428648609375001 0.9953125 0.6721938187500001 0.9953125 0.67802734375 0.9071614578125 0.69755859375 0.8524739578125 0.69951171875 0.7873697921875 0.68779296875 0.7795572921875 0.68779296875 0.7326822921875 0.69951171875 0.5712239578125 0.71123046875 0.5477864578125 0.71318359375 0.480078125 0.70732421875 0.47486979218750003 0.70732421875 0.43580729218750003 0.71904296875 0.253515625 0.72880859375 0.1962239578125 0.7328125 0.034999999999999996 0.7328125 0 0.70625 0
16 0.42578125 0.8791666671874999 0.4296875 0.8713541671874999 0.4228515625 0.86484375 0.3955078125 0.8622395828125 0.38671875 0.8713541671874999 0.38671875 0.8557291671874999 0.4296875 0.8114583328125 0.400390625 0.6890625 0.4052734375 0.6747395843749999 0.42578125 0.6630208343749999 0.43359375 0.5484375 0.4296875 0.5354166671875 0.4345703125 0.5315104171875 0.4384765625 0.54453125 0.4560546875 0.5497395843749999 0.4658203125 0.54453125 0.4931640625 0.5549479171875 0.6630859375 0.57578125 0.669921875 0.5588541671875 0.6669921875 0.55234375 0.6162109375 0.54453125 0.5498046875 0.54453125 0.427734375 0.525 0.431640625 0.35833333437500003 0.447265625 0.34270833437500003 0.455078125 0.233333334375 0.6904296875 0.23463541718749997 0.6953125 0.202083334375 0.6923828125 0.15390625 0.685546875 0.1604166671875 0.685546875 0.18645833437499998 0.6787109375 0.19817708437499998 0.4384765625 0.19296875 0.4404296875 0.0002604171875 0.42578125 0.006770834375 0.359375 0.978125 0.3603125 0.996875 0.385546884375 0.996875 0.40234375 0.9963541671874999 0.408203125 0.8765625 0.43359375 0.8817708328125 0.42578125 0.8791666671874999
2 0.5984375 0.8946614578125001 0.63359375 0.8998697906249999 0.651171875 0.8634114578125001 0.659375 0.7124739578125 0.659375 0.6834263390624999 0.6267578125 0.677213540625 0.60625 0.701953125 0.604296875 0.7149739578125 0.5984375 0.8946614578125001
2 0.5699544265625 0.8921875 0.5842773484375 0.8921875 0.59326171875 0.8916666671875 0.60302734375 0.7041666656250001 0.61875 0.675804228125 0.61875 0.6741406249999999 0.59033203125 0.6716145828125 0.56591796875 0.69375 0.55810546875 0.88125 0.5699544265625 0.8921875
2 0.5279296875 0.882421875 0.535253909375 0.8828125 0.553369140625 0.8828125 0.558203125 0.878515625 0.5640625 0.7040364578125 0.5828125 0.6765364578125 0.5828125 0.6751205640625 0.5572265625 0.6662760421875 0.526953125 0.6936197921875 0.52109375 0.8654947921874999 0.5279296875 0.882421875
2 0.51591796875 0.8764322906249999 0.52177734375 0.873828125 0.52373046875 0.850390625 0.52763671875 0.6915364578125 0.5515625 0.6647395828125 0.5515625 0.6641544109375 0.51884765625 0.661588540625 0.49248046875 0.6837239578125 0.48662109375 0.8686197906249999 0.51591796875 0.8764322906249999
2 0.446875 0.8619791671874999 0.4556640625 0.8606770828125001 0.480078125 0.8489583328125001 0.4875 0.8346643515625001 0.4875 0.73883101875 0.4625 0.6536458328125 0.4009765625 0.6809895828125 0.4419921875 0.8502604171874999 0.446875 0.8619791671874999
2 0.6596191390625 0.55 0.66804865 0.55 0.68125 0.35638020937500003 0.68125 0.3505904796875 0.6396484375 0.344140625 0.63125 0.536993634375 0.63125 0.5460183671875 0.6596191390625 0.55
2 0.6133789125 0.5421875 0.615104165625 0.5421875 0.63046875 0.5345052078125 0.6359375 0.37651909687499996 0.6359375 0.36519626562499996 0.5962890625 0.361328125 0.59140625 0.367838540625 0.585546875 0.539713540625 0.6133789125 0.5421875
2 0.51552734375 0.524869790625 0.5171875 0.4296874984375 0.5171875 0.35694444375 0.48037109375 0.358203125 0.47646484375 0.530078125 0.49990234375 0.532682290625 0.51552734375 0.524869790625
2 0.5434126421875 0.534375 0.55 0.389453125 0.55 0.3635102375 0.5228515625 0.359765625 0.516015625 0.5303385421875 0.53720703125 0.534375 0.5434126421875 0.534375
2 0.577978515625 0.5390625 0.585546875 0.5350260421875 0.5875 0.522005209375 0.590625 0.394921875 0.590625 0.36307482343749997 0.5513671875 0.3592447921875 0.54453125 0.537630209375 0.56171874375 0.5390625 0.577978515625 0.5390625
2 0.4466796765625 0.525 0.4564453125 0.5244791656250001 0.473046875 0.5205729156250001 0.4759765625 0.5114583328125 0.4796875 0.3654947921875 0.4796875 0.3577835640625 0.4359375 0.3513020828125 0.4271484375 0.5192708328125 0.4314453125 0.525 0.4466796765625 0.525
2 0.53515625 0.19375 0.6796875 0.19375 0.6796875 0.167708334375 0.6630859375 0.1507812515625 0.53125 0.1546875015625 0.53125 0.1885416671875 0.53515625 0.19375