21 0.5537080953125 0.6125430187500001 0.51474244375 0.6066537421875 0.47618583125 0.5773305375 0.4544782234375 0.5339763359374999 0.451208853125 0.49745538125 0.43667627031249995 0.49069030625 0.335311034375 0.478502715625 0.32713613124999996 0.49919652968749995 0.3153737171875 0.501595778125 0.299796546875 0.498719315625 0.2924397265625 0.4725452671875 0.2494775203125 0.471795359375 0.0125144640625 0.49491703437499995 0.012407451562500001 0.5010477890625 0.0159548203125 0.5328332890625 0.0452926828125 0.5307408203125 0.1872582546875 0.5670781625 0.218458046875 0.57022731875 0.22854032656249998 0.5521713640625 0.24230101718750002 0.5472024296875 0.29302908437499997 0.5506924546875 0.3014304921875 0.572977890625 0.30578841875 0.7150026609375 0.692492240625 0.8311442625 0.6866769890625 0.9964325296875 0.7181765234374999 0.9991962359375 0.7237695421875 0.9992938625000001 0.7383609625 0.8332471859374999 0.8827360703125 0.675586615625 0.8775585843749999 0.6924259046875 0.8832807203125 0.700339475 0.8774222375 0.700237215625 0.8731984390624999 0.71839543125 0.8652947531249999 0.8354628234374999 0.8729697156249999 0.8434104796874999 0.8699723015625 0.8472650046875 0.8826884046875 0.8461846843749999 0.89363569375 0.6666608984375 0.899675971875 0.656348078125 0.9024923296875 0.6069105343750001 0.92358646875 0.5846900671874999 0.9238376781250001 0.57029831875 0.923701478125 0.566910009375 0.641223221875 0.5229108828125 0.629823659375 0.560478071875 0.6108400328125 0.5848900625 0.577232925 0.60774451875 0.5537080953125 0.6125430187500001
5 0 0.9882231546875 0.0357197234375 0.9888466453125 0.03841096875 0.9809497031250001 0.030692773437499998 0.8076115187499999 0.23237791875 0.891873409375 0.24220763125000003 0.9924509046875001 0.30297812031250004 0.9935116578125 0.3075837640625 0.9478819625 0.30785571875 0.9882574421875001 0.31176584375 0.9936650484375 0.41370348124999995 0.9954443765625 0.424934471875 0.9955101859375001 0.4288855765625 0.9929745890625 0.4221643015625 0.9863458609375 0.369847 0.9619915890625 0.3174842484375 0.9402410874999999 0.3066755234375 0.9439592640625 0.294872834375 0.556975590625 0.23329059375 0.5598075125 0.231199940625 0.6795809359375 0.22597700468749998 0.69902399375 0.0133013390625 0.6288953609375 0.0138921765625 0.59504635 0.01884241875 0.5912259109375 0.09264082343749999 0.6159551375000001 0.137464959375 0.6219466734375 0.16843750468750002 0.63811468125 0.22688598437500002 0.64694859375 0.22702307031250002 0.5831391828125 0.22230007343749997 0.573940771875 0 0.5271910421875 0 0.9882231546875
5 0.6609586765625 0.99819749375 0.678603046875 0.998505478125 0.6871112484374999 0.9547670968749999 0.687806396875 0.9317288453125 0.6887449171875 0.87796099375 0.6796642703125 0.8778024906249999 0.6597724031250001 0.8982917828125 0.648645534375 0.9202363515625 0.6502347703125 0.9411005984375 0.6618153890625 0.9491164281250001 0.6609586765625 0.99819749375
5 0.985803903125 1 0.986067528125 0.8772905109375 0.9941359203125 0.8403163171875001 0.9962515703125 0.7191108234375 0.9987880671875 0.5402215953125 0.9371559421875 0.8816458828125 0.9052297062499999 0.8641589468750001 0.75359089375 0.82244363125 0.74069299375 0.8339390328125 0.7307455828125 0.9561798765624999 0.7309196375 1 0.985803903125 1
21 0.08286774375 0.6051058390625 0.033138815625 0.600330971875 0.0308223953125 0.6211270453125 0.0412675296875 0.6382390265625 0.20322810625 0.6870366031249999 0.21944199687500002 0.6873196171875 0.2250143734375 0.6870261984375 0.226731309375 0.66700103125 0.2269027171875 0.6571810984375 0.2208822125 0.6439787765625 0.1469474609375 0.6270608609375 0.1538505296875 0.6232745093750001 0.1509894625 0.6193177234375 0.12360442812500001 0.6214442796874999 0.08286774375 0.6051058390625
19 1 0.46862457187500006 0.9054002515624999 0.5018671609375 0.8407296984375 0.5137611484375 0.708028325 0.5062357125 0.707573834375 0.5322734109375 0.92674426875 0.566051525 0.9264261250000001 0.584277915625 0.9044905328124999 0.6099406609375 0.8889104046874999 0.83105659375 0.923970403125 0.8368776953125 0.9312370640625 0.8122611828125 0.9468142359374999 0.8151376484374999 0.9499025484375 0.80607558125 0.9994363578125001 0.5366544671875 1 0.5043634109374999 1 0.46862457187500006
19 0.8685017593750001 0.6964981328125 0.7762440625 0.7948399875 0.82374746875 0.8152033875000001 0.8528899796875 0.8187073203124999 0.8618113125000001 0.8188630421875001 0.8683778734375001 0.70359550625 0.8685017593750001 0.6964981328125
14 0.8287012796875001 0.3691281546875 0.8369216296875001 0.345830571875 0.839601640625 0.3042043375 0.8272036796875 0.28705826874999996 0.811581059375 0.286785575 0.7966394359375 0.3034544296875 0.794050321875 0.339873121875 0.7995906625 0.3582017734375 0.7846035875 0.3774743984375 0.7480899625 0.3989758390625 0.7391878765625 0.46132997187499997 0.7605326328124999 0.46951623593749997 0.762757415625 0.509925803125 0.8071682734375001 0.51161259375 0.8275265656249999 0.5119679500000001 0.8438679312499999 0.507434746875 0.8436868750000001 0.4618517296875 0.8720710468749999 0.45844033125 0.8746601593750001 0.4220216375 0.8682115796875 0.3997702875 0.8287012796875001 0.3691281546875
15 0.856966715625 0.509356353125 0.919056484375 0.49728708906249997 0.9786560921874999 0.473746303125 0.9786595296874999 0.47354938593749996 0.84743815 0.45957309999999996 0.8428839281249999 0.46308790312500003 0.842323996875 0.49516634843749996 0.843668103125 0.5076917140625 0.8479393265624999 0.5091987796875 0.856966715625 0.509356353125
15 0.5451097578125 0.4804718 0.5458009921875 0.47240971875 0.5461827640625 0.45053805 0.523675696875 0.41941133906249994 0.491567665625 0.412339484375 0.49302055468750006 0.44101504062499997 0.5090514765624999 0.47385190312500003 0.5421840703125 0.48042073125 0.5451097578125 0.4804718
15 0.6053128171875 0.4893363375 0.6220745921875 0.489628915625 0.622093746875 0.4885316125 0.616382146875 0.468823275 0.5685151484375 0.46929003593749996 0.568287903125 0.4823088859375 0.5750546265625001 0.4863338453125 0.6053128171875 0.4893363375
15 0.5756460359375 0.44349910000000003 0.5953305453125 0.44384269375 0.6072511859375 0.443569321875 0.6072927781249999 0.44118647656250004 0.59419564375 0.4081403671875 0.5763475015624999 0.42345620625 0.548099675 0.41905629375000003 0.54887156875 0.43079030312500005 0.570352671875 0.43116525625 0.5756460359375 0.44349910000000003
11 1 0.3251233015625 0.8948119734375 0.3194931359375 0.8835927296874999 0.45864144375000004 0.985498415625 0.46784321875 0.991601028125 0.46794973906250004 1 0.46365685624999997 1 0.3251233015625
4 1 0.16718770624999998 0.78295998125 0.1750711359375 0.7805064749999999 0.25967661875000003 0.9518799484375 0.2656632015625 1 0.26650314062499997 1 0.16718770624999998
3 0.00894438125 0 0.001987059375 0.39858469687500003 0.0556670921875 0.40082396875 0.08514130156250001 0.3909201890625 0.0937245046875 0.40279054218750004 0.0944502109375 0.47312642031249996 0.0986464421875 0.4789297046875 0.11036342187499999 0.47913422656250004 0.11779324218750001 0.47874300156249994 0.2939113125 0.46098064687500007 0.2965458734375 0.4219581828125 0.30644635937500003 0.41431730624999996 0.31757692187500003 0.11238224375000001 0.3346960765625 0.03251413125 0.334780909375 0.027654106249999998 0.27377595 0 0.00894438125 0