11 0.7006841015624999 0 0.6156908640625 0.0673479515625 0.66298564375 0.3805603671875 0.7413708171875 0.375200834375 0.753135759375 0.3879346609375 0.8287427718749999 0.38650263749999997 0.8489389890625001 0.3829414984375 0.9146140875000001 0.3679235640625 0.871000396875 0 0.7006841015624999 0
5 1 0.606292625 0.9676933828125 0.7409358359375 0.8966402515624999 0.7428870609375 0.644726709375 0.8528858500000001 0.6354024421875 0.8629918578125 0.774966315625 0.91665545 0.7655781187499999 0.9592981140625 0.810314421875 0.951409896875 0.81587604375 0.932712153125 0.8504077234375 0.944340365625 1 0.9179632109375 1 0.606292625
21 0.6194014812499999 0.0703957484375 0.5249051515625001 0.0743651671875 0.387940296875 0.20640484531249997 0.3832323171875 0.21569687656249997 0.3912828859375 0.25235584218749996 0.504606128125 0.24718220156249998 0.5103077140625001 0.2525232734375 0.514557225 0.2856215234375 0.5537498125 0.2829417578125 0.5824261109375 0.4005827359375 0.58776593125 0.403872125 0.728029603125 0.3883950453125 0.747520584375 0.384958259375 0.740195075 0.36853286406249997 0.6691419437499999 0.37048408906249997 0.661539828125 0.363362659375 0.6194014812499999 0.0703957484375
3 0.5821095640625 0.3987875109375 0.5974054921875 0.404552315625 0.6620334999999999 0.3931566546875 0.6201702359375 0.07475557187500001 0.5292048921875 0.0717559671875 0.38644675624999997 0.20693262968749998 0.3829157703125 0.21390165312499998 0.3909663390625 0.25056061875 0.4604807078125 0.2488807203125 0.4661822953125 0.25422179218749996 0.469616578125 0.291694734375 0.5515327375 0.279366178125 0.5609436890625 0.296746021875 0.5821095640625 0.3987875109375
5 0.5815590296875001 0.404702134375 0.559134853125 0.2864876078125 0.5534332656250001 0.28114653437500003 0.49199613124999997 0.29039295468750004 0.47112668593749996 0.2940728015625 0.4652703640625 0.30303844999999996 0.470141696875 0.42064594062499994 0.5677168140625 0.40714289062500003 0.5815590296875001 0.404702134375
5 0.576101590625 0.643655040625 0.629571453125 0.81192651875 0.6441438453125 0.8135879546875 0.65563370625 0.8517559531250001 0.6664050406250001 0.8498566765625 0.6665884281250001 0.8329005640625 0.6009918562500001 0.649843575 0.5984594875 0.6354817953125 0.6315887203125 0.6254092734375 0.6417282140625 0.6109285734375 0.611686525 0.548530628125 0.6047212562500001 0.5180267109375001 0.4247777828125 0.5412937109375 0.41934626875000003 0.546482378125 0.430285965625 0.6355187140624999 0.438611615625 0.6467435109374999 0.4650406453125 0.6526607203125 0.473004528125 0.661833834375 0.467027859375 0.68192693125 0.458952246875 0.8250875109375 0.46076108125 0.835345925 0.46917842656250003 0.8380926625 0.47243432968750004 0.8565578078125 0.46826148593749994 0.9228732296875 0.472510996875 0.9559714796875 0.47500002500000005 0.9565903328124999 0.47785772499999996 0.95608644375 0.4826504921875 0.9414907796875 0.491923134375 0.65215155625 0.53464670625 0.642502765625 0.576101590625 0.643655040625
5 0 0.4828239015625 0.0406486890625 0.47733789687500006 0.043456139062499996 0.46626550624999996 0.07486823125 0.4374565140625 0.1358735609375 0.441507934375 0.11307722812500001 0.348215825 0.10402804375000001 0.3328876640625 0 0.3399371671875 0 0.4828239015625
5 0.2206952671875 0.6886056843749999 0.232826984375 0.6674272859375 0.18088085781250002 0.6067762109375 0.1738238953125 0.58475035 0.01080680625 0.6050327734375001 0.058019909375 0.8547954265625 0.0627278890625 0.8455033937499999 0.0596603828125 0.7741182265625 0.0662688921875 0.7666065515625 0.060388925 0.7422576828125 0.14203501093749998 0.7193993875 0.1599499921875 0.7670118234375 0.160128371875 0.7860196203125 0.1696310171875 0.7949214062500001 0.2027452234375 0.8927406124999999 0.2115243359375 0.897539034375 0.214693553125 0.8885183281250001 0.182394575 0.7863244296875 0.1784151375 0.7637559203125 0.1826696578125 0.7608902609375 0.20818675625 0.8156241281250001 0.20827344062500003 0.8431099796874999 0.2242929015625 0.8529781484375001 0.27858300156250004 0.980911028125 0.2876321859375 0.9962391890625 0.292666921875 0.9966735984374999 0.29566750937499997 0.9961445140625 0.29514761875 0.9758747671875 0.184305121875 0.7161769703124999 0.18403505 0.7056472312500001 0.2206952671875 0.6886056843749999
21 0 0.5437443359375 0.0112590140625 0.607597378125 0.0177758296875 0.608563759375 0.52049758125 0.52626676875 0.6854152 0.5077647015625 0.6939192296875001 0.5379972937499999 0.708654975 0.6665582546875 0.7276552578125 0.7203257390625 0.7451117703125 0.8103284578125001 0.7494503734375 0.8130010875 0.7543551796875 0.8121362375000001 0.7608611578125 0.8096668890625001 0.7641220703125 0.7921681234375 0.7194463453125 0.5208033421875 0.7204449609375 0.4994725375 0.9993226703125 0.4524143453125 0.9862990578125 0.37855376406249996 0.7412791234375 0.383678890625 0.49942339843749994 0.41574722187499996 0.310517425 0.4511719125 0.2591064359375 0.447544225 0.0944588890625 0.4765760296875 0 0.481842134375 0 0.5437443359375
2 0.072334609375 0.4320857109375 0.0463540328125 0.4557060359375 0.0392920625 0.46964408437499994 0.042639659375 0.479631175 0.051984346875 0.48538760625000005 0.1339233671875 0.47093954687500006 0.2145275546875 0.45566911718750003 0.1940751953125 0.42965880937499995 0.1290854203125 0.4390027890625 0.072334609375 0.4320857109375
9 0.2615068984375 0.434163690625 0.26250050625 0.44879679531249994 0.333915403125 0.44889725468749997 0.468149475 0.4273436390625 0.4639199984375 0.250389753125 0.312581165625 0.25592015 0.3203416265625 0.4259050125 0.2615068984375 0.434163690625
3 0.60499258125 0.5195654734375 0.6075249515625 0.5339272515625 0.6400990109375 0.6106869781250001 0.6086869203124999 0.639495971875 0.7051654546874999 0.7007566703125 0.728516959375 0.7072165312500001 0.7238139875 0.6805446546875 0.7113255109375001 0.6637074609375 0.689986265625 0.506694265625 0.614678615625 0.511511146875 0.60499258125 0.5195654734375
21 0.612048290625 0.5505823109375 0.6424517484375001 0.615031940625 0.606515065625 0.6361768515625 0.607600365625 0.6423319000000001 0.6964767843749999 0.69647116875 0.7196244843749999 0.7040247015625 0.72149094375 0.7036955953125 0.708883584375 0.6498586015625001 0.6897149406249999 0.505155503125 0.6074370140625 0.5154323765625 0.612048290625 0.5505823109375
3 1 0.510244140625 0.9896378890624999 0.4514776921875 0.7353803734375 0.49419468125000005 0.7195392921875 0.5033343078125 0.7581566703125 0.7313424265624999 0.8284867578125 0.7705059671875001 0.8356969546874999 0.7692346140625 0.8908469703125 0.7460240437500001 0.9676933828125 0.7409358359375 1 0.6178116140625 1 0.510244140625
21 1 0.4562556671875 0.999006125 0.450619121875 0.725921696875 0.4945403296875 0.7189514203125 0.500000321875 0.7586541 0.7341634890625001 0.8323608296874999 0.772996071875 0.8381081 0.771982671875 0.9017539687499999 0.7448941484375 0.9593200062499999 0.747436534375 0.97090656875 0.7411625671875 1 0.622768353125 1 0.4562556671875
5 0.235813609375 1 0.25025344375 0.973213459375 0.25939933125 0.94409965625 0.1017220609375 0.9676714687500001 0.0506011796875 0.830717884375 0.080450184375 1 0.235813609375 1