10 0 0.8333333328125001 0.08125 0.8479166671874999 0.0453125 0.8604166671875 0.0640625 0.8708333328125001 0.1078125 0.8729166671874999 0.1921875 0.9104166671874999 0.303125 0.93125 0.4203125 0.7979166671875 0.4265625 0.7625 0.43125 0.6104166671875 0.4328125 0.54375 0.428125 0.5354166671875 0.390625 0.525 0.115625 0.5020833328125 0 0.525 0 0.8333333328125001
6 1 0.6979166671875 0.7609375 0.6708333328125 0.7578125 0.675 0.765625 0.6791666671875001 0.834375 0.6895833328125 0.8390625 0.7479166671875 0.828125 0.7583333328124999 0.8484375 0.7833333328125 1 0.8 1 0.6979166671875
6 0.575 0.7333333328125 0.609375 0.725 0.5796875 0.7145833328125 0.5859375 0.7020833328125 0.625 0.7020833328125 0.6484375 0.6666666671875 0.7328125 0.6729166671875 0.728125 0.6645833328124999 0.709375 0.6604166671875 0.434375 0.6291666671875 0.428125 0.7145833328125 0.465625 0.7229166671875 0.575 0.7333333328125
6 0.35 0.8895833328125 0.3125 0.9270833328125001 0.2953125 0.9333333328125001 0.26875 0.9270833328125001 0.2609375 0.9333333328125001 0.3484375 0.95 0.3515625 0.9375 0.3640625 0.9333333328125001 0.36875 0.9541666671875 0.378125 0.9604166671875 0.46875 0.9791666671874999 0.6984375 0.9854166671875 0.7109375 0.85625 0.53125 0.8270833328125 0.525 0.8083333328125001 0.5359375 0.7854166671875 0.521875 0.7770833328125 0.4875 0.8166666671874999 0.409375 0.8083333328125001 0.35 0.8895833328125
4 0.2421875 0 0.2453125 0.3645833328125 0.3859375 0.36666666718749996 0.3953125 0.3395833328125 0.396875 0.2916666671875 0.496875 0.29375 0.50625 0.2875 0.515625 0 0.2421875 0
4 0.928125 0 0.6609375 0.010416667187500001 0.64375 0.375 0.6578125 0.38125 0.95625 0.3958333328125 0.95625 0 0.928125 0
16 0.490625 0.29375 0.3890625 0.28958333281250004 0.3875 0.3645833328125 0.615625 0.3770833328125 0.65 0.3729166671875 0.6625 0.0166666671875 0.659375 0.010416667187500001 0.603125 0.010416667187500001 0.515625 0.014583332812499999 0.5046875 0.2875 0.490625 0.29375
16 0 0 0 0.3583333328125 0.2453125 0.3625 0.25 0.06875 0.2453125 0.029166667187500002 0.2140625 0.00625 0.228125 0 0 0
20 0.434375 0.8125 0.4953125 0.8166666671874999 0.54375 0.7416666671875001 0.54375 0.73125 0.534375 0.7270833328124999 0.434375 0.7145833328125 0.428125 0.7208333328125 0.421875 0.8 0.434375 0.8125
13 0.534375 0.8333333328125001 0.5671875 0.8333333328125001 0.565625 0.79375 0.55625 0.7791666671875 0.528125 0.8145833328125001 0.5265625 0.825 0.534375 0.8333333328125001
18 0.621875 0.7270833328124999 0.6296875 0.7354166671875 0.74375 0.7520833328125 0.840625 0.75625 0.8484375 0.7479166671875 0.8484375 0.7125 0.8328125 0.6833333328125 0.6515625 0.66875 0.6390625 0.675 0.6234375 0.7020833328125 0.621875 0.7270833328124999