19 0.9913486328125 1 0.9941245578125001 0.8409672609375001 0.9664228593749999 0.749324009375 0.973053975 0.7051621781249999 0.9957160109375 0.693837209375 0.9969423953125001 0.67953351875 0.8552502546874999 0.5715754578125 0.77400413125 0.5258797234375 0.6982528984374999 0.5011164109374999 0.552290771875 0.4699184359375 0.51518705 0.4692707875 0.41718208125 0.4883966109375 0.2596833078125 0.558575234375 0 0.7169818953125 0 0.9882231546875 0.012495025 0.98844125625 0.0930060578125 0.9867211062499999 0.0802467234375 0.8224109000000001 0.08288128593750001 0.7833884359375001 0.099957534375 0.7563385874999999 0.135426571875 0.7387257593750001 0.2135396734375 0.7400892296875 0.5117768984375 0.7765497390625 0.7806322890625 0.7057102890625 0.819643390625 0.7089957953125 0.8531134140625 0.749950746875 0.8902156578125 0.8625945937499999 0.908062321875 0.9592749515625 0.9250469328125 0.99343074375 0.9297970234375 1 0.9913486328125 1
15 0.92496009375 1 0.908012328125 0.9621390984374999 0.8901202156249999 0.8680625093750001 0.8549707984375001 0.7554527515625 0.8292211875 0.719841684375 0.8099201578124999 0.706481965625 0.7747238125 0.708472175 0.5097740765625 0.7793797984374999 0.2291123 0.7432260671875001 0.1334237515625 0.74155581875 0.0959564359375 0.76173833125 0.08274039375 0.7914601218749999 0.085100784375 0.880056478125 0.0976957421875 0.9899284406250001 0.6746949921875001 1 0.92496009375 1
5 0.20988365625 0.40677152968749997 0.1942610359375 0.40649883593749997 0.2018156109375 0.586996715625 0.21060441562499999 0.5871501234375 0.2583739578125 0.5552497921875 0.2585691375 0.5440679015625001 0.2533905109375 0.4322742984375 0.2487584109375 0.4178683453125 0.2097018609375 0.41718661093750004 0.20988365625 0.40677152968749997
21 0.6891973218749999 0.49392602343750003 0.68957654375 0.4722003609375 0.5863471609375 0.47168494375 0.6875496234375 0.4938972625 0.6891973218749999 0.49392602343750003
5 0.7228590421875001 0.46234723281249995 0.6925674921875 0.463120775 0.6900238265625 0.49693569687499994 0.7142750999999999 0.5064749765625 0.8256317187500001 0.50581415 0.82326985 0.52921399375 0.787119815625 0.5298852734375 0.8490649093749999 0.5622212906249999 0.8582347125 0.47893403437500004 0.8584393890625 0.46720816718749997 0.8341702124999999 0.4642901765625 0.8300373125 0.4772408546875 0.724584625 0.4754001703125 0.7228590421875001 0.46234723281249995
21 0.8248861156249999 0.5093607062500001 0.8249503953125 0.505678115625 0.7209397109375 0.5051587984375 0.7820674609375 0.5283645765625 0.82212315 0.5277614703125 0.8248861156249999 0.5093607062500001
21 0.8530976734375001 0.5661985265625 0.8897469062500001 0.5928838765625 0.9327545609375001 0.5910300140625 0.93756845625 0.5950208859375 0.9351156906250001 0.6236282703125 0.9525093421875 0.6343501296875 0.9617295703125001 0.55376960625 0.966816159375 0.5421378578125 0.9806904 0.536259309375 0.98084038125 0.52766686875 0.9807586468749999 0.5267538453125 0.86981106875 0.503980740625 0.8550966890625 0.5076307453125 0.8530976734375001 0.5661985265625
21 0.256099103125 0.4617531421875 0.25487271875 0.476056834375 0.2625022328125 0.4866082625 0.2652000234375 0.5537228578125 0.265903315625 0.553735134375 0.280122390625 0.5403093703125 0.293792184375 0.540547978125 0.40010840156249994 0.49291703125 0.49431641718749997 0.4674954609375 0.49432175 0.4671899375 0.4416177171875 0.46499138125000006 0.41014523281250004 0.4774648453125 0.377174409375 0.4638665203125 0.256099103125 0.4617531421875
13 0 0.5287781796875 0.06445087031249999 0.5299031734375 0.1213138703125 0.52884726875 0.1245186375 0.34524629375 0.0026848875 0.3418194796875 0 0.495636584375 0 0.5287781796875
4 0.008651368750000001 0 0.008461489062499999 0.010878225 0.0064565234375 0.176102771875 0.131210240625 0.191303175 0.13879430625 0.204458371875 0.201102990625 0.215964225 0.2441106453125 0.2141103640625 0.29660974375000004 0.22804955625 0.3064647796875 0.22301245 0.41950153125 0.23800832968750002 0.424542671875 0.228980353125 0.43135632187499995 0.11840534375 0.4917121796875 0.1298771109375 0.5483896265625 0.1282618578125 0.577363896875 0.146999546875 0.6299538921875001 0.15573120000000001 0.6671939625000001 0.1485675375 0.663013396875 0.33211628125 0.73261344375 0.3399727921875 0.7450464453125 0.3401898109375 0.7539342375 0.27119379062500004 0.757409828125 0.1672021515625 0.758802996875 0.08738753125 0.3798152140625 0 0.008651368750000001 0
10 0.0027281 0.339343815625 0.09203585625 0.3428561109375 0.12197922812499999 0.3433787734375 0.128072653125 0.32069520625000003 0.1283013765625 0.1956801578125 0.006545075 0.1766252296875 0.0027281 0.339343815625
18 0.2883522203125 0.3150280640625 0.288261321875 0.3202356046875 0.2862630453125 0.3228052875 0.2857631078125 0.3514467578125 0.28376483124999996 0.3540164421875 0.28371938124999996 0.35662021093749996 0.274302178125 0.3589562140625 0.2742003734375 0.36478865781250003 0.27667996562499997 0.368217871875 0.28253844687499996 0.3683201328125 0.2841210875 0.3727755171875 0.28734325156249996 0.372831759375 0.28930517031249997 0.372345090625 0.2903497578125 0.3684564796875 0.296208240625 0.368558740625 0.2992056546875 0.364704215625 0.2983428640625 0.358177746875 0.290531553125 0.3580414 0.2895778640625 0.356722471875 0.29007780312500003 0.32808100156250003 0.2920760796875 0.32551131718750004 0.292166978125 0.320303778125 0.29511894375000003 0.3190530234375 0.29893369999999997 0.3243287359375 0.301531459375 0.320988146875 0.30156781875 0.3189051328125 0.30011463437499997 0.3126288140625 0.29725356718749996 0.30867202968749996 0.2933479109375 0.30860385625000003 0.2883522203125 0.3150280640625
6 0.764375546875 0.4060319703125 0.6667796187499999 0.40172386250000003 0.65524445 0.3911042609375 0.5965687265625 0.39528920156249997 0.2278479140625 0.368016646875 0.1302065375 0.3663123109375 0.127163675 0.37277060624999997 0.1265273890625 0.40922338593749996 0.14305824843749998 0.41341877812499994 0.20768335312500003 0.40412856093749994 0.2172656953125 0.414714075 0.2875220375 0.4185449671875 0.2888847671875 0.39642996406250003 0.30555197500000003 0.392814046875 0.3111832125 0.4059351578125 0.40700810781249996 0.3997940984375 0.412639346875 0.4129152078125 0.45737258281250004 0.42411428281249997 0.6436480359375001 0.4306214375 0.68112375625 0.431275578125 0.683991475 0.422860803125 0.7717778156249999 0.42960224687500004 0.775002475 0.4127288703125 0.764375546875 0.4060319703125
20 0.547827646875 0.38428062500000004 0.514675028125 0.3810973796875 0.5126767515624999 0.3836670640625 0.47066823593749996 0.384236084375 0.4812951640625 0.39093298593750003 0.49887061250000003 0.3912397671875 0.500682621875 0.3937457296875 0.6049636125 0.3955659625 0.6050112203125 0.3928385125 0.5673559218750001 0.3846214921875 0.549735025 0.38691848281249996 0.547827646875 0.38428062500000004
5 0.3924117484375 0.4078739203125 0.40683650312499997 0.412423234375 0.40932635624999997 0.41246669531249996 0.40936044374999997 0.41051386718750005 0.40721702656250003 0.399016375 0.3974528890625 0.3988459421875 0.3924117484375 0.4078739203125
5 0.3087395359375 0.4340217875 0.30901222968750003 0.4183991671875 0.35778746875 0.42185510624999994 0.3638277484375 0.41154228593750003 0.392166471875 0.410734659375 0.307332096875 0.4027424609375 0.30551561562499996 0.39489706406249997 0.2918458234375 0.39465845625 0.28979429687499997 0.4572623953125 0.3059262453125 0.4575439796875 0.30842139375 0.45224817812499996 0.3660525296875 0.4519518515625 0.3595130515625 0.43490804375 0.3087395359375 0.4340217875
5 0.9589742921875001 0.44862738125 0.954932290625 0.45637051875 0.9412624968750001 0.4561319109375 0.8925781562499999 0.4474684328125 0.8897170890625 0.44351164687500005 0.88903609375 0.4265700984375 0.8841313 0.42778676718749997 0.8809975375000001 0.4394526015625 0.8663286078124999 0.44049883593750006 0.8596974921875 0.484660665625 0.8603784875 0.501602215625 0.8740482796875 0.5018408234375 0.8780448328125001 0.49670145468750004 0.9189633125000001 0.5026248171875001 0.946212 0.508309571875 0.9513927390625 0.52038099375 0.9651406375 0.5206209640624999 0.968464996875 0.520418534375 0.9773216328125001 0.4606681703125 0.9765042906250001 0.45153793125 0.9589742921875001 0.44862738125