19 0.8935546875 0.6484375 0.8134765625 0.6458333328125 0.8046875 0.6263020828125 0.80078125 0.45703125 0.8076171875 0.4505208328125 0.8427734375 0.4557291671875 0.8447265625 0.4479166671875 0.7490234375 0.4010416671875 0.6806640625 0.40625 0.642578125 0.4283854171875 0.6591796875 0.4375 0.763671875 0.44921875 0.75 0.51953125 0.751953125 0.6184895828125 0.7412109375 0.6354166671875 0.6279296875 0.6145833328125 0.5791015625 0.6145833328125 0.576171875 0.5924479171875 0.59765625 0.51171875 0.6005859375 0.4479166671875 0.5810546875 0.4583333328125 0.5322265625 0.4583333328125 0.4453125 0.4830729171875 0.43359375 0.76171875 0.44140625 0.7903645828125 0.462890625 0.7981770828125 0.4609375 0.82421875 0.4697265625 0.8333333328125001 0.564453125 0.8502604171874999 0.6650390625 0.7057291671875 0.8759765625 0.7369791671875 0.89453125 0.7330729171875 0.8935546875 0.6484375
21 1 0.83984375 0.9658203125 0.8125 0.962890625 0.7955729171875 0.9990234375 0.7916666671875 1 0.76171875 0.763671875 0.7252604171875 0.8212890625 0.7578125 0.8642578125 0.7526041671875 0.8955078125 0.7682291671875 0.892578125 0.7799479171875 0.90234375 0.79296875 0.90234375 0.8059895828125001 0.8759765625 0.8411458328125001 0.8037109375 0.8072916671874999 0.7763671875 0.8151041671874999 0.7119140625 0.796875 0.70703125 0.7825520828125 0.71484375 0.7643229171875 0.751953125 0.72265625 0.6630859375 0.7083333328125 0.576171875 0.8372395828125001 0.5625 0.8684895828125001 0.609375 0.8841145828125001 0.6064453125 0.9973958328125001 0.6240234375 0.9973958328125001 0.626953125 0.9908854171874999 0.6318359375 0.9114583328125001 0.671875 0.9231770828125001 0.6708984375 0.9973958328125001 0.6826171875 0.9973958328125001 0.6865234375 0.9895833328125001 0.701171875 0.99609375 0.685546875 0.9752604171874999 0.6884765625 0.9244791671874999 0.9990234375 0.9921875 1 0.83984375
2 0.8955078125 0.765625 0.8701171875 0.7552083328125 0.8349609375 0.7526041671875 0.8212890625 0.7604166671875 0.7548828125 0.7213541671875 0.7197265625 0.7604166671875 0.70703125 0.78515625 0.7119140625 0.796875 0.7861328125 0.8177083328125001 0.8017578125 0.8046875 0.87890625 0.83984375 0.90234375 0.8059895828125001 0.90234375 0.79296875 0.892578125 0.7825520828125 0.8955078125 0.765625
15 0.7568359375 0.4453125 0.6787109375 0.4427083328125 0.6103515625 0.4296875 0.603515625 0.44140625 0.59765625 0.5169270828125 0.576171875 0.6106770828125 0.744140625 0.6341145828125 0.75 0.6263020828125 0.748046875 0.5299479171875 0.763671875 0.4518229171875 0.7568359375 0.4453125
15 0.80859375 0.6393229171875 0.8984375 0.64453125 0.912109375 0.46484375 0.8056640625 0.453125 0.80078125 0.47265625 0.80859375 0.6393229171875
14 0.89453125 0.70703125 0.90234375 0.7122395828125 0.8974609375 0.7395833328125 0.9169921875 0.7265625 0.92578125 0.7408854171875 0.923828125 0.71484375 0.9384765625 0.6223958328125 0.94140625 0.7434895828125 1 0.7565104171875 0.9970703125 0.3723958328125 0.9306640625 0.40625 0.916015625 0.4440104171875 0.89453125 0.70703125
19 0.0009765625 0.9973958328125001 0.30859375 0.99609375 0.322265625 0.75390625 0.3212890625 0.6640625 0 0.6106770828125 0.0009765625 0.9973958328125001
4 0.66796875 0.1341145828125 0.6669921875 0.1979166671875 0.7578125 0.20182291718749998 0.7548828125 0.2916666671875 0.849609375 0.2955729171875 0.8583984375 0.2109375 0.9990234375 0.2109375 1 0.1341145828125 0.66796875 0.1341145828125
16 0.4697265625 0.4713541671875 0.4765625 0.4596354171875 0.482421875 0.16015625 0.4736328125 0.1484375 0.4111328125 0.1145833328125 0.3583984375 0.1119791671875 0.34765625 0.37890625 0.3828125 0.3893229171875 0.34765625 0.3997395828125 0.345703125 0.5716145828125 0.3681640625 0.5677083328125 0.392578125 0.5768229171875 0.4072265625 0.5598958328125 0.439453125 0.5455729171875 0.44140625 0.4830729171875 0.4697265625 0.4713541671875
7 0.65625 0.40234375 0.6591796875 0.4114583328125 0.666015625 0.41015625 0.748046875 0.39453125 0.7548828125 0.20052083281250002 0.666015625 0.20182291718749998 0.65625 0.40234375
10 0.837890625 0.4388020828125 0.845703125 0.2981770828125 0.7548828125 0.2942708328125 0.748046875 0.39453125 0.837890625 0.4388020828125