4 0.641948834375 0.6884020453125 0.9924973921875001 0.72357410625 0.9988956328124999 0.5403524546875 0.654375146875 0.5116447078124999 0.641948834375 0.6884020453125
4 0 0.6305072359375 0.28622342500000003 0.65357035625 0.31483976875 0.6545696609375 0.3256246453125 0.47905788125 0.0014769921875 0.448976965625 0 0.49127248437500004 0 0.6305072359375
4 0.07535194218749999 0 0.07322727343749999 0.18517448125 0.11488012343750001 0.20122125156249998 0.3721265921875 0.221930390625 0.3893197390625 0.2225307875 0.4016931296875 0 0.07535194218749999 0
4 1 0.05178181093749999 0.607510590625 0.018041803125 0.6010462765625 0.0240698734375 0.60046461875 0.0407263875 0.6043494828125 0.06379268593750001 0.6104502609375 0.0681749359375 0.8161383750000001 0.0878653421875 0.78438519375 0.459900471875 0.7912477390625 0.487239959375 0.814307425 0.4984682375 0.9997681203125 0.5153676843749999 1 0.50872751875 1 0.05178181093749999
21 0.9828443874999999 1 0.9925791875 0.721231784375 0 0.63055946875 0 0.9812809359375001 0.536043878125 1 0.9828443874999999 1
6 0.7835854125 0.4828031796875 0.6136674921874999 0.46853110156250005 0.6178431859375 0.48326914375 0.5771702249999999 0.48393341406249996 0.4136439125 0.46571533125000003 0.41571441093750006 0.4511954125 0.41110247343750006 0.4489497546875 0.3209689234375 0.43329460312499996 0.0433041796875 0.415259925 0.0024858046875 0.42008832500000004 0.001467903125 0.44923722499999996 0.9988229265624999 0.54243451875 0.9998408281250001 0.51328561875 0.8236767140625 0.49879542031249996 0.7835854125 0.4828031796875
5 0.48222313437500003 0.5165771953125 0.3653978515625 0.5041591515625 0.364636084375 0.481201915625 0.33191627968750004 0.4779747109375 0.325015721875 0.49649516718750003 0.31622145625 0.658787115625 0.35199165 0.6642054453124999 0.3527914296875 0.6413027390625 0.35932845156250004 0.6331926046875 0.49340347187500005 0.6441284171875 0.6054714046874999 0.6584649312499999 0.6075014125 0.6866779640625 0.641984959375 0.6878821562499999 0.6513792875 0.507892034375 0.618659484375 0.5046648312500001 0.6163708625 0.5254309421875 0.48222313437500003 0.5165771953125
13 0.40139525468750004 0.50307103125 0.46207751249999995 0.5114439125 0.529369496875 0.50962459375 0.5355429828125 0.5119247812500001 0.5306402171875 0.5180073828125 0.5761973484375 0.5229857515624999 0.613518353125 0.5242890296875 0.6167434875 0.514760365625 0.616961609375 0.508514171875 0.566846653125 0.510933325 0.414323884375 0.491014890625 0.4017587921875 0.4926607109375 0.40139525468750004 0.50307103125
13 0.39566046875 0.667293846875 0.6077401890624999 0.683038246875 0.6055622875 0.65586235 0.396751078125 0.6360628828125 0.39566046875 0.667293846875
13 0.6052098984375001 0.6099887749999999 0.6118367328125001 0.6102201890625001 0.6117300015625 0.5687849734375 0.39979569531250003 0.54887644375 0.3997576828125 0.5947363890624999 0.6052098984375001 0.6099887749999999
20 0.41052990468750006 0.46534601093749994 0.6037475296875 0.481734609375 0.618562715625 0.48225196718749996 0.596717671875 0.4614248140625 0.4267997515625 0.4471527375 0.4157235 0.450935153125 0.41052990468750006 0.46534601093749994