7 0.0921875 0.3375 0.0984375 0.48333333281249996 0.1125 0.5041666671875 0.1375 0.50625 0.1140625 0.5125 0.1203125 0.51875 0.14375 0.5166666671875 0.1390625 0.50625 0.1734375 0.46666666718750005 0.2 0.475 0.215625 0.47083333281249995 0.2296875 0.48125 0.2421875 0.45208333281249996 0.2484375 0.3958333328125 0.25 0.1729166671875 0.234375 0.1625 0.1359375 0.15 0.1015625 0.1604166671875 0.09375 0.1729166671875 0.0921875 0.3375
4 1 0.575 0.696875 0.6270833328125 0.4640625 0.5604166671875 0.4546875 0.5666666671875 0.45625 0.5958333328125 0.659375 0.6666666671875 0.6640625 0.6958333328124999 0.6515625 0.70625 0.3046875 0.7833333328125 0 0.575 0 0.9395833328125001 0.034375 1 1 1 1 0.575
6 1 0.5166666671875 0.9890625 0.5208333328125 0.9953125 0.5291666671875 0.9921875 0.5416666671875 0.959375 0.54375 0.9421875 0.5354166671875 0.940625 0.5229166671875001 0.975 0.5166666671875 0.8546875 0.50625 0.83125 0.4916666671875 0.81875 0.46458333281249997 0.7703125 0.4625 0.7640625 0.4791666671875 0.778125 0.49791666718750005 0.775 0.525 0.703125 0.5291666671875 0.6046875 0.5145833328125 0.4546875 0.525 0.4515625 0.5520833328125 0.45625 0.5604166671875 0.696875 0.6291666671875 1 0.5729166671875 1 0.5166666671875
6 0 0.575 0.303125 0.7833333328125 0.6671875 0.7 0.6671875 0.66875 0.659375 0.6625 0.265625 0.525 0.196875 0.51875 0 0.53125 0 0.575
4 0.6546875 0.2645833328125 0.7203125 0.2625 0.7828125 0.2770833328125 0.7890625 0.2875 0.7890625 0.32083333281250004 0.7734375 0.3895833328125 0.7671875 0.4604166671875 0.771875 0.46875 0.8203125 0.46458333281249997 0.8265625 0.4583333328125 0.8359375 0.1125 0.8015625 0.0958333328125 0.7578125 0.09375 0.6484375 0.1166666671875 0.640625 0.25625 0.6546875 0.2645833328125
4 0.3421875 0.09375 0.3390625 0.2770833328125 0.4828125 0.2833333328125 0.490625 0.2770833328125 0.4890625 0.2541666671875 0.496875 0.24583333281250003 0.5984375 0.24583333281250003 0.6015625 0.22916666718749998 0.5921875 0.20416666718749998 0.5875 0.1604166671875 0.5265625 0.1375 0.5296875 0.12291666718750001 0.571875 0.1145833328125 0.578125 0.1020833328125 0.5765625 0.0770833328125 0.565625 0.060416667187499995 0.5328125 0.05625 0.4953125 0.08333333281250001 0.4328125 0.07083333281250001 0.3421875 0.09375
4 0.33984375 0.484375 0.09375 0.1265625
4 0.54921875 0.4875 0.075 0.046875
13 0.4078125 0.5291666671875 0.4015625 0.56875 0.4203125 0.5833333328125 0.4515625 0.5875 0.453125 0.53125 0.4921875 0.5166666671875 0.49375 0.4604166671875 0.484375 0.45 0.415625 0.4375 0.403125 0.44166666718750003 0.4078125 0.45416666718750004 0.4078125 0.5291666671875
10 1 0.35208333281250004 0.834375 0.3479166671875 0.8265625 0.3583333328125 0.825 0.4770833328125 0.834375 0.49583333281249997 0.85625 0.5104166671875 1 0.51875 1 0.35208333281250004
20 0.571875 0.4145833328125 0.5271261140625 0.4167127828125 0.4015625 0.4145833328125 0.5242856765624999 0.4394274703125 0.571875 0.4145833328125
18 0.3984375 0.40625 0.2953125 0.40625 0.296875 0.4166666671875 0.4234375 0.43333333281249997 0.3984375 0.40625
21 0 0.47291666718750003 0.05 0.47083333281249995 0.0546875 0.4895833328125 0.05 0.5208333328125 0.059375 0.525 0.071875 0.45208333281249996 0.034375 0.43958333281249995 0.034375 0.425 0 0.42083333281249996 0 0.47291666718750003