14 0.7705078125 0.3671875 0.755859375 0.34765625 0.7578125 0.3216145828125 0.767578125 0.3033854171875 0.767578125 0.2591145828125 0.7529296875 0.22916666718749998 0.7255859375 0.22395833281250002 0.703125 0.2513020828125 0.701171875 0.30859375 0.70703125 0.3502604171875 0.638671875 0.3971354171875 0.623046875 0.58984375 0.7783203125 0.5989583328125 0.78125 0.6236979171875 0.7734375 0.6940104171875 0.779296875 0.70703125 0.771484375 0.7122395828125 0.7734375 0.7278645828125 0.7861328125 0.71875 0.7958984375 0.734375 0.806640625 0.7330729171875 0.83203125 0.5690104171875 0.830078125 0.4309895828125 0.8232421875 0.4010416671875 0.7705078125 0.3671875
19 0.5703125 0.5794270828125 0.58203125 0.44140625 0.5927734375 0.4348958328125 0.6298828125 0.4375 0.630859375 0.4283854171875 0.6025390625 0.40625 0.5517578125 0.3854166671875 0.4931640625 0.390625 0.447265625 0.4153645828125 0.4638671875 0.4244791671875 0.55078125 0.43359375 0.55078125 0.4466145828125 0.53515625 0.48046875 0.51953125 0.5950520828125 0.5048828125 0.6067708328125 0.36328125 0.58203125 0.39453125 0.49609375 0.4013671875 0.4427083328125 0.2314453125 0.4583333328125 0.224609375 0.4752604171875 0.22265625 0.5559895828125 0.2265625 0.71484375 0.3525390625 0.65625 0.5478515625 0.6901041671875 0.5546875 0.5924479171875 0.5703125 0.5794270828125
15 0.55078125 0.43359375 0.4169921875 0.4140625 0.365234375 0.5846354171875 0.51171875 0.60546875 0.51953125 0.5924479171875 0.53515625 0.48046875 0.55078125 0.4466145828125 0.55078125 0.43359375
15 0.6298828125 0.4401041671875 0.5927734375 0.4348958328125 0.58203125 0.4466145828125 0.5703125 0.5846354171875 0.615234375 0.5872395828125 0.62109375 0.5846354171875 0.626953125 0.55859375 0.6328125 0.4466145828125 0.6298828125 0.4401041671875
19 1 0.6731770828125 0.9423828125 0.65625 0.8330078125 0.6432291671875 0.845703125 0.5455729171875 0.84375 0.51953125 0.8349609375 0.515625 0.830078125 0.60546875 0.80859375 0.7356770828125 0.8974609375 0.7526041671875 0.912109375 0.7643229171875 0.90625 0.9388020828125001 0.9609375 0.9544270828125001 0.966796875 0.9466145828125001 0.96875 0.91796875 0.9912109375 0.9192708328125001 0.9921875 0.9075520828125001 1 0.90234375 1 0.6731770828125
15 0.849609375 0.5403645828125 0.84375 0.59765625 0.859375 0.5924479171875 0.84375 0.60546875 0.8388671875 0.6432291671875 1 0.66796875 0.9990234375 0.4895833328125 0.8623046875 0.4765625 0.84375 0.4856770828125 0.849609375 0.5403645828125
16 0.349609375 0.4388020828125 0.34375 0.40234375 0.359375 0.3997395828125 0.33984375 0.39453125 0.330078125 0.3502604171875 0.3349609375 0.3385416671875 0.359375 0.3372395828125 0.333984375 0.33203125 0.3466796875 0.28125 0.365234375 0.28515625 0.3642578125 0.4401041671875 0.37109375 0.4388020828125 0.37109375 0.4049479171875 0.390625 0.3997395828125 0.373046875 0.39453125 0.375 0.28515625 0.40234375 0.28515625 0.400390625 0.3346354171875 0.380859375 0.33984375 0.400390625 0.3450520828125 0.400390625 0.3919270828125 0.39453125 0.3997395828125 0.3984375 0.43359375 0.404296875 0.4361979171875 0.412109375 0.1575520828125 0.3212890625 0.1171875 0.2880859375 0.1171875 0.275390625 0.12109375 0.2734375 0.1471354171875 0.26953125 0.3763020828125 0.27734375 0.3736979171875 0.2783203125 0.3333333328125 0.310546875 0.33984375 0.310546875 0.3893229171875 0.302734375 0.3997395828125 0.296875 0.4440104171875 0.314453125 0.4440104171875 0.3125 0.3893229171875 0.3251953125 0.3671875 0.3447265625 0.4427083328125 0.349609375 0.4388020828125
7 0.5986328125 0.20052083281250002 0.59375 0.21223958281250002 0.587890625 0.39453125 0.630859375 0.41796875 0.6455078125 0.3854166671875 0.67578125 0.3658854171875 0.6787109375 0.1979166671875 0.5986328125 0.20052083281250002
4 0.59765625 0.13671875 0.59375 0.1940104171875 0.5986328125 0.20052083281250002 0.6796875 0.19921875 0.677734375 0.28515625 0.6826171875 0.2942708328125 0.69921875 0.2877604171875 0.701171875 0.24869791718749998 0.7197265625 0.22395833281250002 0.7412109375 0.21875 0.7548828125 0.22916666718749998 0.76953125 0.2669270828125 0.763671875 0.3528645828125 0.7734375 0.36328125 0.7841796875 0.2109375 0.9990234375 0.2109375 1 0.12890625 0.59765625 0.13671875
6 0.8505859375 0.4244791671875 0.8583984375 0.4244791671875 0.8662109375 0.4088541671875 0.8837890625 0.4192708328125 1 0.42578125 0.9990234375 0.4114583328125 0.826171875 0.40234375 0.8291015625 0.4140625 0.8505859375 0.4244791671875
18 0.892578125 0.3841145828125 0.884765625 0.3919270828125 0.884765625 0.3997395828125 0.89453125 0.4049479171875 0.90234375 0.3997395828125 0.896484375 0.3919270828125 0.8955078125 0.359375 0.892578125 0.3841145828125
21 0.8974609375 0.7552083328125 0.7685546875 0.734375 0.7568359375 0.8072916671874999 0.5458984375 0.7994791671875 0.53125 0.7486979171875 0.53125 0.7278645828125 0.546875 0.7200520828125 0.5458984375 0.6927083328125 0.3837890625 0.6640625 0.37890625 0.66796875 0.3837890625 0.6744791671875 0.4248046875 0.6979166671875 0.4521484375 0.6927083328125 0.474609375 0.70703125 0.470703125 0.71484375 0.48046875 0.7278645828125 0.4794921875 0.7395833328125 0.4130859375 0.7630208328125 0.3720703125 0.7369791671875 0.3544921875 0.7447916671875 0.302734375 0.7252604171875 0.3154296875 0.7005208328125 0.37890625 0.6653645828125 0.3486328125 0.6588541671875 0.1611328125 0.7473958328125 0.12109375 0.7747395828125 0.1240234375 0.7838541671875 0.173828125 0.7981770828125 0.1728515625 0.9973958328125001 0.19140625 0.9934895828125001 0.19140625 0.8424479171874999 0.1962890625 0.8229166671874999 0.3466796875 0.859375 0.3515625 0.8658854171874999 0.34765625 0.94140625 0.341796875 0.9544270828125001 0.3466796875 0.9635416671874999 0.365234375 0.9596354171874999 0.35546875 0.9049479171874999 0.36328125 0.8997395828125001 0.359375 0.87109375 0.3798828125 0.8671875 0.8056640625 0.9765625 0.8271484375 0.984375 0.8330078125 0.9973958328125001 0.859375 0.99609375 0.8642578125 0.96875 0.90234375 0.9700520828125001 0.912109375 0.76953125 0.8974609375 0.7552083328125
2 0.474609375 0.7044270828125 0.4501953125 0.6927083328125 0.4208984375 0.6979166671875 0.3720703125 0.6666666671875 0.3046875 0.7122395828125 0.3076171875 0.7291666671875 0.3486328125 0.7421875 0.3759765625 0.7395833328125 0.419921875 0.7643229171875 0.4794921875 0.7395833328125 0.478515625 0.7278645828125 0.466796875 0.71484375 0.474609375 0.7044270828125
9 0.548828125 0.7252604171875 0.53125 0.73046875 0.5478515625 0.7994791671875 0.7578125 0.8033854171874999 0.78125 0.61328125 0.7783203125 0.5989583328125 0.556640625 0.5924479171875 0.548828125 0.7252604171875