21 1 0.44303219531250004 0.980682540625 0.3593590875 0.8400316875 0.3961071640625 0.7600433328125 0.40388326250000006 0.7499713171875 0.40193230468749996 0.74669078125 0.387722740625 0.7376725703125 0.3833903578125 0.5504108234375 0.4266231375 0.19333859375 0.5261648265625001 0.2049356734375 0.5555594328125 0.2268377875 0.5740224015625001 0.41269881249999996 0.5802900734375 0.422185671875 0.5866523953125 0.4642243828125 1 0.5184102875 1 0.495739909375 0.6551964031249999 0.5093228671875 0.6306791953124999 0.562256590625 0.609905946875 0.5691645796875 0.59120604375 0.5843891125 0.587691184375 0.6990443625 0.591154803125 0.8158098359375 0.617650709375 0.8955625609375 0.5949620734375001 1 0.5978847484375 1 0.44303219531250004
5 1 0.8458976125 0.9893903953125 0.7999423671875 0.8915829703125 0.6194003046875001 0.8815109546875 0.6174493453125 0.8790538171875 0.6415360890625 0.890650896875 0.6709306953125 0.8780026234375 0.6717126453125 0.8405238390625 0.6482933015625 0.8397056624999999 0.6655872609375 0.8614912671875 0.690491528125 0.9056450234375 0.708093565625 0.9284844328125 0.7306164093749999 0.9650311437499999 0.8055661437499999 1 0.8558770921875001 1 0.8458976125
11 0.652641265625 0 0.62497381875 0.013319673437499999 0.46664129374999996 0.07766935312499999 0.474025765625 0.1443847875 0.49687300937499995 0.25029303125 0.49734426875000004 0.28011810000000004 0.52042453125 0.37314374687499996 0.5283889359375 0.379857553125 0.5665667765625 0.364629103125 0.5337666375000001 0.278123734375 0.560702146875 0.26976705 0.6679781515625 0.2621055015625 0.6794561109374999 0.27014627343750003 0.716002821875 0.3450960078125 0.7294718828125 0.3548152328125 0.90052939375 0.3273504953125 0.9117450968749999 0.3247611453125 0.8888529890625 0.2324938625 0.8838091468749999 0.1481329828125 0.859555959375 0.036134928125 0.855600821875 0 0.652641265625 0
5 0.5323021125 0.27178018125 0.530546640625 0.285014265625 0.5423767390625 0.3015262734375 0.588571775 0.4186147875 0.6244256015625 0.4103372796875 0.7314070140625 0.384035075 0.7301175796875 0.3715039625 0.6724869296875 0.2607973015625 0.5323021125 0.27178018125
5 0.0974610765625 0.3192523375 0.1303751125 0.3715212734375 0.19737872343750001 0.5228266890625 0.38124342499999997 0.4718256421875 0.31775598125000004 0.3496423265625 0.2882389890625 0.30514165625 0.2605992015625 0.29655586875 0.096171640625 0.306721225 0.0974610765625 0.3192523375
5 0.37076188593750004 1 0.376900121875 0.9878512953125 0.456883253125 0.9244849296875 0.42007740781249997 0.58446645625 0.22215326562499998 0.5745693734375 0.2647924015625 0.6759082984375 0.308599240625 0.7406293671874999 0.34549286874999996 0.768460071875 0.41951053125 0.7834437515625 0.4314571390625 0.7935144609375 0.41588569062499997 0.844148353125 0.4061658140625 0.8506686312499999 0.391290809375 0.8348595937500001 0.3895301140625 0.7925034109375 0.370792028125 0.7946913046875 0.36200944687500003 0.8052714578125 0.34268651562499997 1 0.37076188593750004 1
5 0.8725506734374999 0.6064219203125 0.884378159375 0.5951387953125 0.7450115171875 0.5888277171875 0.6958243656249999 0.59804533125 0.6884477296875 0.614715296875 0.682948296875 0.6673001468749999 0.6686610609375 0.67487488125 0.4989592515625 0.641357090625 0.4920512640625 0.66005699375 0.501432059375 0.7840411453125 0.5061185390625 0.8043405234375 0.5229846453125 0.8218280109375 0.577459103125 0.9952692109375001 0.6139979796875 0.986833546875 0.61891225625 0.938660059375 0.614575303125 0.899036784375 0.6319074453125 0.8907590781250001 0.6704400359375 0.9117969968749999 0.7007778140625 0.96679884375 0.7236146125 0.9615265531249999 0.678634846875 0.8778330734375 0.674417015625 0.8595636343749999 0.687759121875 0.7645436234375 0.7045008828125 0.7050870109375 0.7108158796875 0.60741306875 0.7311929296875 0.5984323890625001 0.78846360625 0.617282415625 0.8080329265625 0.736776228125 0.8533726640625 0.91232634375 0.8591129499999999 0.930244296875 0.8789048421875 0.9256749781250001 0.8110673859374999 0.6248927234375 0.8725506734374999 0.6064219203125
3 0.6782518640624999 0.6657117359375 0.68470376875 0.6540660625 0.6857549625 0.6238895046875 0.682005778125 0.6076500031250001 0.6731927625 0.605942915625 0.669538878125 0.60678648125 0.6240360468749999 0.627447771875 0.5886700953124999 0.654855846875 0.676424921875 0.6661335187499999 0.6782518640624999 0.6657117359375
3 0.5756696828125001 0.6471665625 0.5630161859375 0.5923582453125 0.49731506718749996 0.5925596078125 0.5045804171875 0.637921209375 0.5543553375 0.652087365625 0.5756696828125001 0.6471665625
3 1 0.6014714359375 0.8878917140624999 0.5964657609375 0.9007782296875 0.6383914796875 0.9437668921875 0.72040650625 0.961451175 0.7206000359375 0.99178111875 0.6922164828125 0.999276875 0.6969003515625001 1 0.7030504140625 1 0.6014714359375
3 0 0.2581960625 0.082145496875 0.6002110484375 0.09010990156250001 0.6069248546875 0.133792396875 0.594701821875 0.1556971015625 0.614767790625 0.1644195046875 0.612754065625 0.22221380468750002 0.5956694671875 0.2211573890625 0.5702557578125 0.19597473906250001 0.5375832265625 0.19105262812499998 0.5023713140625 0.1794555484375 0.47297670781249995 0.096991775 0.3102736171875 0.20637538906250003 0.297849221875 0.211644415625 0.285942103125 0.20098202031249998 0.23281223906249998 0.18599050625 0.2234445015625 0.0418234859375 0.231070478125 0.0051681 0.2459474421875 0 0.254844121875 0 0.2581960625
3 0.45241263906249995 0.08549783125 0.3543878640625 0.08460916406249999 0.3457217921875 0.0887480171875 0.3465425796875 0.09924919062500001 0.2790886015625 0.140479771875 0.3107236484375 0.2913981296875 0.2928063484375 0.3040871984375 0.2931584875 0.31255843437499997 0.31552925 0.3330513390625 0.39165191093749996 0.3154770375 0.4006701203125 0.31980942031250004 0.42258006875 0.42165778906250007 0.43417715 0.4510523953125 0.561594571875 0.41949763281249997 0.5555021484375 0.3931084421875 0.523295 0.3855771140625 0.49786627499999997 0.2268115140625 0.46787280156250005 0.0968955046875 0.45241263906249995 0.08549783125
2 0.40031537031250003 0.28354305156250004 0.31154443593750003 0.301899303125 0.30170805 0.3148608796875 0.314591953125 0.32899146562500003 0.39774172343749997 0.31407109375000003 0.4098100640625 0.373290771875 0.3379026234375 0.3813393796875 0.338723409375 0.3918405515625 0.37983748125 0.46573582968749994 0.4381593515625 0.4544093 0.40031537031250003 0.28354305156250004
19 0.295193684375 1 0.2826166953125 0.9198167296875001 0.24266771562499997 0.7815084625 0.206594875 0.76417893125 0.039000676562499996 0.7258982921875 0.1022820421875 1 0.295193684375 1