14 0.774728690625 0.38503265625 0.7802871062500001 0.359516246875 0.792494703125 0.3428236 0.7986560125 0.29898360625 0.7883180765625 0.26728847187500004 0.76196529375 0.2583253109375 0.7359174296875 0.2822769953125 0.7260098546875 0.33873928124999997 0.7260133265625 0.38081591875 0.65179548125 0.4177209484375 0.6100313859375001 0.604021046875 0.6096945421875 0.6064178140625 0.7619965484375 0.6370150437500001 0.761454640625 0.661921596875 0.7439325625000001 0.7304625312499999 0.7479227640625 0.7441721140625 0.7394614359375 0.74824246875 0.7392209734375 0.7639872296875 0.753061240625 0.7567281953125 0.7604323140625 0.7732797125 0.7627210234375 0.77360136875 0.7713761078125 0.773765859375 0.8175074656250001 0.620946471875 0.8279900546875 0.5463589718749999 0.8366273890624999 0.4778842484375 0.8340259234375 0.44727640625 0.7865163453124999 0.4064124984375 0.774728690625 0.38503265625
19 0.5588581296874999 0.5878221890625001 0.5896716203125 0.4527755 0.601215340625 0.447823465625 0.637601140625 0.45556691562499996 0.6398367031250001 0.446676946875 0.61487265625 0.4208155234375 0.5674850453125 0.39311755625 0.5087366671875 0.39012052656249996 0.459841825 0.40823151874999997 0.47501331718750006 0.41956789062500005 0.5598130328125 0.4406898703125 0.558000884375 0.4535839859375 0.53781635625 0.48493410781249996 0.5063964999999999 0.59622774375 0.49025968437499995 0.605793778125 0.3534792640625 0.56158783125 0.396385328125 0.48083582812500003 0.410584553125 0.4289213328125 0.2401417671875 0.42074571718750003 0.23101656093749998 0.4365566890625 0.217847115625 0.5162283828125 0.199622075 0.67395085 0.1999024671875 0.67399025625 0.3325123640625 0.6335892656250001 0.5212125078125001 0.6942962125000001 0.541573040625 0.598541725 0.5588581296874999 0.5878221890625001
15 0.49450857812500004 0.6049445546875 0.497460525 0.6053594234374999 0.5067226859375 0.593906803125 0.5377801125 0.485191990625 0.5567031078125 0.4558012515625 0.5588295734375001 0.440670665625 0.430007978125 0.4029867421875 0.35529770156249996 0.564086134375 0.35520425312500004 0.56475105 0.49450857812500004 0.6049445546875
15 0.61754483125 0.5758209203125 0.6389316703125 0.46574699375 0.63693656875 0.458892203125 0.6009132 0.4485699296875 0.5886446203125 0.458679609375 0.557831128125 0.5937262999999999 0.601953396875 0.6025570390625 0.6081181796874999 0.6007936843749999 0.61754483125 0.5758209203125
19 0.901214421875 1 0.9056494484375 0.9789551921875 0.9277105828125001 0.9833705625 0.9303085765624999 0.9719017687499999 0.93750070625 0.9684419671875 0.969551184375 0.7403909578125 0.915963075 0.71611386875 0.8094646546875 0.6879976953125 0.8356275390624999 0.593058675 0.837317721875 0.566998621875 0.8291578390625001 0.5619071859375 0.8118187125 0.6501970265625 0.772421925 0.776148134375 0.8580684671875 0.80527840625 0.8709434125 0.8189217796875001 0.8408582546875 0.9908874578125 0.8613779656249999 1 0.901214421875 1
15 0.8405469953125 0.5882275640625 0.826771184375 0.6441462046875001 0.8429689828125 0.6411631390625 0.82568389375 0.651882675 0.8155933671875 0.688596053125 0.9692498828125 0.7347793171875 0.9703187375000001 0.7349295359375 0.9950972968749999 0.5586209249999999 0.861998290625 0.52681324375 0.8423556718749999 0.5332568109375 0.8405469953125 0.5882275640625
16 0.3597653609375 0.4186234515625 0.359037028125 0.38170445937499997 0.3748723953125 0.3813002171875 0.3562560828125 0.373424346875 0.3527468046875 0.328225240625 0.3592130328125 0.31730009375 0.383570715625 0.3194084625 0.35915205 0.310717125 0.378791196875 0.26219692031249997 0.396621665625 0.26864746875 0.374090025 0.42195153281250003 0.38104065 0.42161349843749996 0.385752240625 0.3880888 0.40581827343750004 0.3856493765625 0.3891360765625 0.37804532968750004 0.406292253125 0.27000658125 0.43336989531250003 0.2738120953125 0.42454960937499997 0.3225379109375 0.404483575 0.324977334375 0.4230998890625 0.3328532046875 0.41657615000000003 0.3792720203125 0.4096865078125 0.386193021875 0.408843153125 0.42026136562499994 0.414283075 0.4236556578125 0.46079954843750004 0.1488088765625 0.3764807578125 0.0961973734375 0.3436007640625 0.0915763921875 0.33048535625 0.09367778125000001 0.3249269390625 0.11919418906249998 0.28916486875 0.34558697656250004 0.29726376875 0.3440954421875 0.30384849062499997 0.30425959687500004 0.3348553515625 0.315191725 0.3279691828125 0.3641893625 0.31878299375 0.373417365625 0.30692489375 0.4160622625 0.3242669375 0.418499528125 0.3299033 0.3644611859375 0.3455557171875 0.34430803593750003 0.354386421875 0.42181212968750004 0.3597653609375 0.4186234515625
7 0.6413582718749999 0.43624026406249994 0.6416526859375 0.436281640625 0.6606127953125001 0.40620580781250004 0.6933098375 0.3910778828125 0.7099525125 0.285991190625 0.71851911875 0.2250366203125 0.6399265062499999 0.21658562812499998 0.633460278125 0.22751077656250002 0.6022878296874999 0.40721292656249997 0.6413582718749999 0.43624026406249994
4 1 0.1972402734375 0.647156115625 0.1546189484375 0.635314421875 0.21080941250000002 0.6392436406249999 0.21793602500000003 0.7196907234375 0.2279272453125 0.70579641875 0.3127565859375 0.70936320625 0.322462021875 0.726709278125 0.31832545625 0.7340798453125 0.2799149328125 0.75589704375 0.257998425 0.7778971953125 0.2558308265625 0.789986296875 0.2680488765625 0.7992369421875 0.30748047968750003 0.7814744015625 0.39176617343750003 0.7884621390625 0.40168941875 0.79002183125 0.40190861875 0.8215350656249999 0.2540744515625 1 0.27915606249999997 1 0.1972402734375
6 1 0.4805175140625 0.8509582375000001 0.4514969171875 0.8364799875 0.44946213281249997 0.8376655453125 0.460673740625 0.857491115625 0.47397908125 0.8652275859375 0.47506637031250004 0.875138634375 0.46068072187500003 0.8910959703125 0.473442415625 0.9915690093749999 0.49334845156249996 1 0.49453335000000004 1 0.4805175140625
18 0.8958504218750001 0.4466296265625 0.8947631328125001 0.45436609531250005 0.9030379265624999 0.4603940953125 0.9043434609375 0.46057757656250004 0.9115355890625001 0.45711777500000006 0.9116986812500001 0.4559573046875 0.9074551265625 0.4482605609375 0.9110184421874999 0.4158893609375 0.9046741812500001 0.43998044687500004 0.8958504218750001 0.4466296265625
21 0.8365053890624999 1 0.8677523578124999 0.8360137999999999 0.86950651875 0.8235322953124999 0.8574945046875 0.8079589875 0.7327422015625 0.7693881203124999 0.7109894578125 0.8399642328124999 0.503192078125 0.8028709375 0.49575358124999996 0.75054521875 0.49865302187499994 0.7299146328125 0.51521325 0.72435274375 0.51805170625 0.6971391890625 0.361506696875 0.6462108718749999 0.35612775937499996 0.6493995499999999 0.360056978125 0.6565261640625 0.397411571875 0.68544384375 0.42521407343749995 0.6840917109375 0.4454630578125 0.701401196875 0.440507534375 0.708594021875 0.44836597031250003 0.7228472484374999 0.445767978125 0.7343160421875 0.37674611874999997 0.7482834859375 0.3397539546875 0.716786984375 0.32125960937500003 0.7220770515625 0.272723725 0.6955325828125 0.288738571875 0.6728006078125001 0.35649018906249996 0.6468207265625 0.3297432640625 0.6370132453124999 0.326252753125 0.6365226859375 0.1294195640625 0.69774545 0.0859646453125 0.71925073125 0.087597315625 0.7286843468749999 0.13492394218749998 0.7497993453125 0.10630600781249999 0.9464279921875001 0.108753359375 0.9467719453125 0.125148753125 0.9456574796874999 0.1461696890625 0.7960857421875 0.15372320781249998 0.777424125 0.297576221875 0.8344579765625 0.301505440625 0.8415845921875 0.2871267375 0.9158268156249999 0.2795122359375 0.9279054640625001 0.2830790234375 0.9376109015624999 0.3019967828125 0.9363249796875 0.299937225 0.8808105828125001 0.3083985546875 0.876740225 0.30851704999999996 0.8478295265625 0.3293689265625 0.846815428125 0.700899509375 1 0.8365053890624999 1
2 0.3940449875 0.6848392140625 0.3500412140625 0.647097775 0.27697164218750003 0.682849303125 0.2775170234375 0.7000193890624999 0.3163213375 0.718621775 0.3437614109375 0.7198484656249999 0.3810940203125 0.7483685921875 0.38810774375 0.74935430625 0.444939075 0.734600478125 0.446688690625 0.722151315625 0.43714095000000003 0.7079893921875 0.4463271390625 0.6987613890625 0.4237816078125 0.6837589046875 0.3940449875 0.6848392140625
9 0.5169664984375 0.7301216421875 0.49883458281250004 0.7328328859375 0.5056701875 0.8034821890625 0.6853942359375 0.83215944375 0.7131802281249999 0.836064509375 0.7627109484375 0.651579121875 0.7618031375000001 0.6369878609375 0.5431868953125 0.5996889546874999 0.5169664984375 0.7301216421875