14 0.36875 0.28958333281250004 0.365625 0.47291666718750003 0.3765625 0.6770833328125 0.3734375 0.775 0.3625 0.8541666671874999 0.375 0.8145833328125001 0.390625 0.8166666671874999 0.3953125 0.8270833328125 0.403125 0.81875 0.4546875 0.8208333328125 0.4640625 0.7958333328125 0.4625 0.7833333328125 0.4359375 0.7708333328125 0.4234375 0.75625 0.428125 0.7 0.4046875 0.6833333328125 0.4078125 0.6708333328125 0.440625 0.6479166671875001 0.44375 0.49583333281249997 0.4578125 0.47083333281249995 0.45625 0.3416666671875 0.434375 0.24375 0.434375 0.22916666718749998 0.446875 0.2208333328125 0.4515625 0.20208333281250002 0.4484375 0.15625 0.43125 0.1270833328125 0.409375 0.125 0.3890625 0.14791666718750002 0.3953125 0.1979166671875 0.36875 0.28958333281250004
9 0.7734375 0.55625 0.790625 0.5354166671875 0.7609375 0.53125 0.7296875 0.5333333328125 0.728125 0.54375 0.7734375 0.55625
5 0.796875 0.5229166671875001 0.8015625 0.5166666671875 0.809375 0.46875 0.784375 0.46458333281249997 0.7625 0.4875 0.75625 0.5208333328125 0.796875 0.5229166671875001
21 0.4953125 0.5333333328125 0.534375 0.5708333328124999 0.56875 0.5833333328125 0.58125 0.5958333328125 0.596875 0.6520833328125 0.590625 0.7166666671875 0.5703125 0.7791666671875 0.5703125 0.8 0.5796875 0.8041666671875 0.590625 0.7666666671875 0.6046875 0.7520833328125 0.6125 0.75625 0.63125 0.9 0.646875 0.9145833328125 0.646875 0.8875 0.6359375 0.8645833328125001 0.634375 0.81875 0.625 0.7979166671875 0.6203125 0.7 0.6265625 0.6708333328125 0.6390625 0.6541666671875 0.6421875 0.6291666671875 0.6578125 0.6 0.6703125 0.6145833328125 0.715625 0.6125 0.7296875 0.6229166671875 0.734375 0.6458333328125 0.7515625 0.6458333328125 0.753125 0.5916666671875 0.7625 0.5666666671875 0.7484375 0.5583333328125 0.7203125 0.5604166671875 0.7 0.5291666671875 0.6859375 0.5229166671875001 0.6390625 0.5229166671875001 0.5953125 0.50625 0.5828125 0.5145833328125 0.503125 0.5166666671875 0.4953125 0.5333333328125
5 0.6515625 0.6458333328125 0.696875 0.6520833328125 0.728125 0.6270833328125 0.7203125 0.61875 0.6703125 0.6125 0.65625 0.59375 0.640625 0.6291666671875 0.640625 0.6395833328125 0.6515625 0.6458333328125
2 0.6875 0.5520833328125 0.7046875 0.55625 0.7 0.53125 0.690625 0.5229166671875001 0.6484375 0.5270833328125 0.609375 0.5145833328125 0.603125 0.5354166671875 0.6828125 0.5375 0.6875 0.5520833328125
5 0.6890625 0.5166666671875 0.6875 0.49583333281249997 0.671875 0.47083333281249995 0.6453125 0.4583333328125 0.625 0.4583333328125 0.5984375 0.4791666671875 0.5890625 0.5166666671875 0.6890625 0.5166666671875
5 0.365625 0.58125 0.3796875 0.6645833328124999 0.403125 0.6895833328125 0.41875 0.6958333328124999 0.540625 0.6916666671875 0.5171875 0.6583333328125 0.4953125 0.6458333328125 0.4140625 0.65 0.4171875 0.6333333328124999 0.403125 0.6041666671875 0.409375 0.5416666671875 0.4046875 0.5395833328124999 0.403125 0.5083333328124999 0.4046875 0.48125 0.4140625 0.4770833328125 0.4078125 0.46666666718750005 0.4203125 0.4583333328125 0.39375 0.44166666718750003 0.36875 0.4604166671875 0.3640625 0.47291666718750003 0.365625 0.58125
5 0.7546875 0.6145833328125 0.7765625 0.675 0.6984375 0.6791666671875001 0.6984375 0.6958333328124999 0.7671875 0.7270833328124999 0.8515625 0.7229166671875 0.884375 0.65625 0.890625 0.54375 0.878125 0.5229166671875001 0.8453125 0.5166666671875 0.796875 0.5291666671875 0.7625 0.56875 0.7546875 0.6145833328125
21 0.4390625 0.6125 0.4453125 0.6229166671875 0.459375 0.6229166671875 0.48125 0.5833333328125 0.528125 0.575 0.525 0.5604166671875 0.5 0.5333333328125 0.496875 0.5125 0.48125 0.5041666671875 0.4515625 0.50625 0.440625 0.5166666671875 0.4390625 0.6125
11 1 0.2645833328125 0.99375 0.2645833328125 0.9421875 0.2770833328125 0.9234375 0.425 0.928125 0.4479166671875 1 0.45416666718750004 1 0.2645833328125
9 0.8484375 0.51875 0.884375 0.525 0.9015625 0.43541666718750005 0.81875 0.43125 0.80625 0.46875 0.7984375 0.5291666671875 0.8484375 0.51875
19 0.5140625 0.5520833328125 0.4734375 0.5520833328125 0.4703125 0.575 0.528125 0.575 0.5140625 0.5520833328125
15 0.5515625 0.4875 0.5625 0.4375 0.5609375 0.4166666671875 0.525 0.4 0.528125 0.4291666671875 0.540625 0.4270833328125 0.53125 0.4791666671875 0.5515625 0.4875
19 0.528125 0.47291666718750003 0.5359375 0.48541666718750004 0.5484375 0.4875 0.5609375 0.41875 0.525 0.4 0.5265625 0.43125 0.540625 0.4291666671875 0.5390625 0.45 0.528125 0.47291666718750003
19 0.4421875 0.5041666671875 0.4890625 0.50625 0.4859375 0.46458333281249997 0.496875 0.45 0.4859375 0.425 0.4921875 0.4125 0.4546875 0.41041666718750003 0.45625 0.4770833328125 0.44375 0.48125 0.4421875 0.5041666671875
19 0.2921875 0.49375 0.2796875 0.48541666718750004 0.275 0.4479166671875 0.2671875 0.43958333281249995 0.2609375 0.4125 0.2609375 0.5729166671875 0.36875 0.5729166671875 0.3671875 0.48541666718750004 0.34375 0.48333333281249996 0.35 0.4479166671875 0.3453125 0.40625 0.2796875 0.40208333281249997 0.3 0.42291666718750004 0.30625 0.4895833328125 0.2921875 0.49375
15 0.3640625 0.48541666718750004 0.3703125 0.40833333281249995 0.3453125 0.39791666718749996 0.3515625 0.44166666718750003 0.34375 0.48333333281249996 0.3640625 0.48541666718750004
15 0.28125 0.4875 0.3046875 0.4916666671875 0.3078125 0.47291666718750003 0.3 0.42083333281249996 0.2640625 0.39375 0.2640625 0.43125 0.2765625 0.45208333281249996 0.28125 0.4875