11 0.0515625 0.3583333328125 0.0625 0.36666666718749996 0.159375 0.3729166671875 0.2921875 0.36875 0.3 0.3270833328125 0.303125 0.25 0.3015625 0.1291666671875 0.0609375 0.0395833328125 0.053125 0.0458333328125 0.05 0.0625 0.0515625 0.3583333328125
16 0 0.6458333328125 0.05 0.6583333328125 0.1578125 0.65625 0.184375 0.6625 0.1921875 0.61875 0.196875 0.65 0.2046875 0.65 0.35625 0.6020833328124999 0.359375 0.4166666671875 0.2359375 0.41041666718750003 0.23125 0.41875 0.1609375 0.41875 0.08125 0.41041666718750003 0.0546875 0.4125 0.0515625 0.4291666671875 0.0375 0.4375 0 0.43541666718750005 0 0.6458333328125
5 0.85 0.4 0.85625 0.3458333328125 0.7796875 0.34375 0.790625 0.3604166671875 0.815625 0.3770833328125 0.8234375 0.4 0.85 0.4
21 0.54375 0.40208333281249997 0.5390625 0.46458333281249997 0.5453125 0.47083333281249995 0.5515625 0.47083333281249995 0.559375 0.40208333281249997 0.6515625 0.40833333281249995 0.68125 0.38333333281250004 0.6953125 0.38333333281250004 0.559375 0.3708333328125 0.521875 0.3770833328125 0.5265625 0.4 0.54375 0.40208333281249997
5 0.6453125 0.43541666718750005 0.6140625 0.45 0.60625 0.4458333328125 0.65 0.40833333281249995 0.59375 0.40208333281249997 0.5828125 0.46458333281249997 0.646875 0.46875 0.6453125 0.43541666718750005
5 0.6875 0.5083333328124999 0.7328125 0.5125 0.7703125 0.5 0.7796875 0.4791666671875 0.778125 0.45208333281249996 0.765625 0.40416666718750005 0.7515625 0.40208333281249997 0.665625 0.4270833328125 0.6640625 0.49375 0.6875 0.5083333328124999
5 0.4796875 0.48333333281249996 0.50625 0.4875 0.58125 0.48541666718750004 0.5390625 0.4625 0.521875 0.375 0.496875 0.375 0.521875 0.36875 0.5171875 0.3458333328125 0.4828125 0.34375 0.4375 0.35 0.4609375 0.46875 0.4796875 0.48333333281249996
19 0.5390625 1 0.56875 0.94375 0.5984375 0.91875 0.584375 0.9041666671874999 0.5578125 0.89375 0.4921875 0.8958333328125001 0.5171875 0.8875 0.521875 0.8791666671874999 0.4421875 0.8395833328125001 0.4234375 0.8375 0.4171875 1 0.5390625 1
19 0.5390625 0.7041666671875 0.4734375 0.7541666671875 0.475 0.7645833328125 0.5109375 0.8 0.4515625 0.7645833328125 0.4265625 0.7854166671875 0.425 0.8083333328125001 0.5234375 0.83125 0.5625 0.8583333328125 0.5734375 0.8479166671874999 0.590625 0.8645833328125001 0.603125 0.8625 0.59375 0.84375 0.5953125 0.8333333328125001 0.6015625 0.8333333328125001 0.6140625 0.85625 0.6828125 0.8395833328125001 0.7453125 0.8458333328125001 0.7421875 0.8333333328125001 0.575 0.7041666671875 0.5796875 0.6979166671875 0.60625 0.7166666671875 0.634375 0.7166666671875 0.640625 0.56875 0.628125 0.5666666671875 0.5484375 0.6083333328125 0.5421875 0.6208333328125 0.5390625 0.7041666671875
19 1 0.51875 0.8296875 0.5 0.8234375 0.5125 0.8859375 0.8104166671874999 0.909375 0.9625 0.875 0.8375 0.8734375 0.7979166671875 0.8640625 0.7666666671875 0.85625 0.7625 0.8609375 0.74375 0.825 0.5708333328124999 0.803125 0.55625 0.696875 0.54375 0.6625 0.5520833328125 0.6578125 0.5604166671875 0.6515625 0.7291666671875 0.7171875 0.7625 0.746875 0.7895833328124999 0.7484375 0.8 0.759375 0.7958333328125 0.7421875 0.7520833328125 0.6828125 0.6458333328125 0.6875 0.6395833328125 0.7484375 0.7020833328125 0.8046875 0.8145833328125001 0.8203125 0.8208333328125 0.809375 0.8270833328125 0.815625 0.85 0.809375 0.8625 0.8171875 0.8854166671874999 0.809375 0.8958333328125001 0.68125 0.8979166671875 0.66875 0.9333333328125001 0.653125 0.9291666671875 0.6453125 0.9083333328125001 0.6421875 0.925 0.653125 0.9333333328125001 0.659375 0.9541666671875 0.6234375 1 0.9578125 1 1 0.7958333328125 1 0.6520833328125 0.9828125 0.6520833328125 0.9796875 0.6416666671875 1 0.5604166671875 1 0.51875
21 0.8359375 0.4791666671875 0.8484375 0.475 0.85 0.42291666718750004 0.8859375 0.4125 0.8765625 0.40208333281249997 0.825 0.40208333281249997 0.8234375 0.42083333281249996 0.8328125 0.4270833328125 0.8359375 0.4791666671875