23 0 0 0 0.7145833328125 0.0078125 0.74375 0.0140625 0.7479166671875 0.028125 0.7395833328125 0.0234375 0 0 0
8 0.16875 0.5416666671875 0.2078125 0.5416666671875 0.2078125 0.46666666718750005 0.234375 0.4625 0.2328125 0.3958333328125 0.1484375 0.3895833328125 0.14375 0.4583333328125 0.1703125 0.46458333281249997 0.16875 0.5416666671875
12 0.10625 0.7166666671875 0.096875 0.7729166671875001 0.109375 0.7708333328125 0.115625 0.7375 0.128125 0.7395833328125 0.1359375 0.7145833328125 0.1625 0.7145833328125 0.2375 0.71875 0.246875 0.7729166671875001 0.25625 0.775 0.2546875 0.7416666671875001 0.265625 0.7395833328125 0.2640625 0.7 0.271875 0.6729166671875 0.2734375 0.5333333328125 0.2109375 0.5291666671875 0.20625 0.5416666671875 0.178125 0.54375 0.16875 0.5375 0.1671875 0.5270833328125 0.121875 0.5270833328125 0.090625 0.55 0.090625 0.7125 0.10625 0.7166666671875
15 0.3421875 0.5895833328125 0.365625 0.5645833328125 0.4046875 0.5604166671875 0.4140625 0.54375 0.4046875 0.41041666718750003 0.4640625 0.41875 0.50625 0.43541666718750005 0.59375 0.44166666718750003 0.60625 0.40208333281249997 0.60625 0.39375 0.5625 0.40208333281249997 0.4484375 0.3958333328125 0.3921875 0.38125 0.3546875 0.3625 0.3609375 0.46458333281249997 0.3546875 0.5333333328125 0.3421875 0.5895833328125
15 0.425 0.58125 0.609375 0.58125 0.621875 0.575 0.621875 0.5416666671875 0.653125 0.43541666718750005 0.53125 0.43958333281249995 0.4453125 0.42291666718750004 0.41875 0.40208333281249997 0.4 0.4 0.4140625 0.5354166671875 0.4078125 0.56875 0.425 0.58125
15 0.6375 0.43333333281249997 0.653125 0.43333333281249997 0.6609375 0.44375 0.6734375 0.50625 0.6703125 0.54375 0.6828125 0.5729166671875 0.7140625 0.5916666671875 0.8765625 0.59375 0.878125 0.54375 0.9015625 0.43125 0.8515625 0.44166666718750003 0.7703125 0.44375 0.6734375 0.4270833328125 0.6515625 0.4145833328125 0.65 0.4270833328125 0.6390625 0.425 0.6375 0.43333333281249997
15 0.6359375 0.5458333328125 0.65 0.5604166671875 0.66875 0.5645833328125 0.675 0.5541666671875001 0.6703125 0.5375 0.6734375 0.50625 0.665625 0.46666666718750005 0.6578125 0.4604166671875 0.64375 0.46875 0.634375 0.5 0.6359375 0.5458333328125
15 0.6609375 0.4166666671875 0.684375 0.4291666671875 0.7484375 0.44166666718750003 0.840625 0.44375 0.8609375 0.43958333281249995 0.8671875 0.4166666671875 0.865625 0.40833333281249995 0.8390625 0.4166666671875 0.6953125 0.4125 0.625 0.3958333328125 0.6375 0.43541666718750005 0.653125 0.43333333281249997 0.653125 0.41875 0.6609375 0.4166666671875
1 1 1 0.9984375 0.64375 0.9015625 0.6 0.7140625 0.5875 0.6296875 0.55625 0.6140625 0.5791666671875 0.4109375 0.5833333328125 0.3703125 0.5666666671875 0.3453125 0.5875 0.303125 0.6541666671875 0.278125 0.7125 0.278125 0.7270833328124999 0.3 0.7270833328124999 0.3046875 0.7395833328125 0.2703125 0.9291666671875 0.271875 0.9520833328125 0.2546875 1 1 1
1 0.596875 0.44166666718750003 0.628125 0.4375 0.6265625 0.39375 0.6203125 0.3916666671875 0.621875 0.40625 0.6015625 0.40625 0.596875 0.44166666718750003
8 1 0.43541666718750005 0.9609375 0.43125 0.9546875 0.4916666671875 0.9796875 0.49791666718750005 0.971875 0.5625 1 0.5729166671875 1 0.43541666718750005
12 1 0.5708333328124999 0.975 0.5666666671875 0.9671875 0.5520833328125 0.896875 0.5520833328125 0.89375 0.5875 0.8984375 0.5979166671875 1 0.6479166671875001 1 0.5708333328124999