5 0 0.9183817953125001 0.041123734375 0.9220132046874999 0.0410500703125 0.9644290968749999 0.06837149375 0.966339596875 0.0692343671875 0.9539999375000001 0.0882478640625 0.9200873921875001 0.0910546546875 0.9359468171875 0.1100182875 0.9307465703125001 0.12342746093750001 0.778185315625 0.1293494953125 0.693496284375 0.1296123625 0.6645378296875 0.100386853125 0.6624941828125 0.0946984765625 0.6738437796875 0.10914914843750001 0.4111911640625 0.10491403125000001 0.40175817656249996 0.0875603828125 0.3979341640625 0.0767286015625 0.4128398875 0.0087174046875 0.40547355625000003 0.0065375140624999994 0.4366474328125 0.0669369 0.44087096875 0.0771987765625 0.44811486250000004 0.07468050468750001 0.4701282375 0.001707559375 0.463720209375 0 0.4881394546875 0 0.49532932656249995 0.0041261015625 0.4991314296875 0.060810410937500003 0.50048465625 0.0747873640625 0.510598859375 0.07245075 0.5300144109375 0 0.522387315625 0 0.5524365359375001 0.0704525171875 0.558590465625 0.0667445703125 0.6536153703124999 0.06336787499999999 0.6599055640625 0 0.65437046875 0 0.7667591625 0.055556603125000006 0.7716119546875 0.05548180625 0.8146803984375 0.0463170046875 0.8897447812499999 0 0.8873323937500001 0 0.9183817953125001
21 0.2330818703125 0.4154194890625 0.11051638906250001 0.4042383515625 0.1047852765625 0.5421954578125 0.2312474921875 0.553649084375 0.2725015875 0.565670690625 0.2421439734375 0.915838334375 0.2596798984375 0.917064565625 0.29289354843750004 0.5540440078125 0.3078286546875 0.5224567984374999 0.29282588125000003 0.6950076671875001 0.301321046875 0.699517496875 0.3217236796875 0.47774423437499997 0.33531238124999996 0.4360123515625 0.33561849375 0.43163474375 0.2911695734375 0.4247024296875 0.28088276562500003 0.4318146828125 0.24970888906250002 0.42963479375 0.2330818703125 0.4154194890625
5 0.23679694687500003 0.41828979843749997 0.11051638906250001 0.4042383515625 0.1047852765625 0.5421954578125 0.2370925953125 0.5540578140625 0.2725015875 0.565670690625 0.242496040625 0.910772428125 0.25543941718749996 0.9167680421875 0.255784496875 0.916792171875 0.2932568640625 0.5488483609375 0.31032199375 0.5147995734374999 0.313780615625 0.5633361515625 0.3169186578125 0.4904608625 0.33532487031249997 0.43583375156250004 0.335618234375 0.43163846718750004 0.28922120625000003 0.42456618593749995 0.28088276562500003 0.4318146828125 0.2477605203125 0.42949855000000003 0.23679694687500003 0.41828979843749997
21 0.0678698828125 0.41026253125 0.079047865625 0.40487214375 0.079072996875 0.4045127453125 0.061397764062500006 0.396887853125 0.028977217187499998 0.3985365765625 0.035072367187499995 0.40796910468750003 0.0678698828125 0.41026253125
21 0 0.5196322515625 0.01260046875 0.5207387453125001 0.07066177812499999 0.5247987875 0.0716930328125 0.5100511453125 0.0598584890625 0.502898090625 0 0.4974374484375 0 0.5196322515625
21 0.002532321875 0.46312525000000004 0.0309421859375 0.4656339671875 0.0730268859375 0.468576815625 0.07389884062499999 0.45610726562500004 0.074126803125 0.44724741718749994 0.0032838843749999997 0.43837780937500004 0.002532321875 0.46312525000000004
5 0.3140803640625 0.773243384375 0.322711771875 0.7758048453125 0.325708128125 0.7760143703125 0.33345717656249996 0.73413519375 0.397753296875 0.7386312171875 0.4365389859375 0.7439539 0.43682750312499996 0.7818267 0.4454589109375 0.7843881609375 0.448355134375 0.784590684375 0.453985234375 0.592458103125 0.4867164984375 0.4211706640625 0.487203434375 0.41420715 0.46831124218750003 0.40158623125000004 0.43382479687500003 0.5727746687499999 0.3286129625 0.565417540625 0.3140803640625 0.773243384375
7 0.6452888921875 0.49841222343749997 0.6293707015625001 0.5860569921875001 0.6296342875 0.6382859390625 0.6556014328125 0.6643796281250001 0.662041296875 0.6648299468750001 0.6708634499999999 0.66466369375 0.6629381890625 0.6380042484375 0.7091255109375 0.257486690625 0.7141994546875 0.1919257203125 0.7187499749999999 0.126850253125 0.718165465625 0.1268093796875 0.6971147281250001 0.1352573671875 0.6832695671875 0.15125763750000001 0.6452888921875 0.49841222343749997
4 0.9953657671875 0.5613336359375001 0.7337889328125 0.46896707187500003 0.7165564046874999 0.7014041140625 0.967079640625 0.9658440921875 0.9953657671875 0.5613336359375001
4 1 0.03476594375 0.77014348125 0.017669323437500002 0.7406937203124999 0.0156099953125 0.695942496875 0.055423834375 0.6862327234375 0.1382816859375 0.720081596875 0.1302065265625 0.7055169359375 0.25449330312499996 0.719675546875 0.262009684375 0.747860975 0.2509279734375 0.758304509375 0.2555740453125 0.739611590625 0.41089845468749997 0.843518959375 0.4222106796875 0.874268375 0.42436088906249997 0.8827506906249999 0.40785508593750003 0.8957303 0.2782364203125 0.853229534375 0.2700434265625 0.9224874015625 0.27358114375000003 1 0.2631694875 1 0.03476594375
10 0.7387756078125001 0.382254740625 0.7514157671875 0.26449022968749997 0.7523220359375 0.251529978125 0.7079828499999999 0.262627840625 0.694689790625 0.36872985625 0.6967948828125 0.38062442343749997 0.7387756078125001 0.382254740625
13 0.711276340625 0.5852580765625001 0.713168375 0.58539038125 0.729806265625 0.43912437187500003 0.732022603125 0.407429265625 0.6960062765624999 0.3961019078125 0.6867346140625 0.43069566875 0.6739366625 0.5577165125 0.711276340625 0.5852580765625001
18 1 0.4690017234375 0.9828383578125001 0.46889178125 0.98036995 0.462192859375 0.9926051265625 0.45521684999999995 0.981823209375 0.44141027499999996 0.9854563593749999 0.3894538140625 0.958567465625 0.367994615625 0.9408505015624999 0.36936625156249997 0.9349804671875 0.38331366875 0.9523590484375 0.37278153281250004 0.9796112578124999 0.389045084375 0.9781081328125 0.438539965625 0.96374293125 0.44797755468749995 0.9715114687499999 0.4628786765625 0.8018467890625001 0.4392672 0.9103854531250001 0.46904643281249997 0.9188517359375 0.469768978125 0.9962993671874999 0.47518464531250004 1 0.4719677328125 1 0.4690017234375
6 1 0.47718818125 0.8655920609375001 0.46004048906249995 0.8052176078125 0.44146080625 0.870578740625 0.4447260375 0.8776705124999999 0.44130615312500004 0.8734353953125 0.431873165625 0.7404263796875 0.4160459546875 0.7345314125 0.444349521875 0.741779909375 0.4526879640625 0.7433400296875 0.47237600156250004 0.992860703125 0.557958909375 0.9955884140625001 0.55814965 1 0.49506103437500004 1 0.47718818125
16 0.3313212578125 0.45948905 0.3449598296875 0.4604427515625 0.346373196875 0.46263000468750004 0.37404001249999996 0.46456465625 0.374548653125 0.45729075156250004 0.3609100828125 0.45633705 0.3594967140625 0.454149796875 0.3587173671875 0.4540953 0.3570133484375 0.4560645640625 0.3555999796875 0.45387731093749994 0.345078796875 0.4531415984375 0.34337477656250004 0.45511086250000005 0.333632940625 0.454429646875 0.330437903125 0.458122015625 0.3313212578125 0.45948905
16 0.42539605312499995 0.463717928125 0.42149931875 0.463445440625 0.419732609375 0.460711375 0.3924554671875 0.458803971875 0.3873120625 0.4623600984375 0.39191049375000003 0.466597440625 0.39970396406250003 0.4671424125 0.40129400156250006 0.46960307187500006 0.4464961234375 0.47276391249999994 0.44713513125000004 0.47202544062499996 0.44717146249999995 0.47150587499999996 0.4429313578125 0.464944115625 0.4292927875 0.4639904140625 0.427526078125 0.46125634687500006 0.42539605312499995 0.463717928125
16 0.3209751375 0.383451909375 0.315831734375 0.3870080359375 0.3202485078125 0.3938432015625 0.42417483906250003 0.406984121875 0.44697074375 0.4085781671875 0.4582192703125 0.408712109375 0.4594972859375 0.40723516093749995 0.45982426875 0.4025590796875 0.45876424374999997 0.40091863906249997 0.3441738875 0.38768465 0.342407178125 0.38495058437499996 0.3209751375 0.383451909375
16 0.324971603125 0.326299803125 0.355963821875 0.331077515625 0.47941016718749996 0.345061303125 0.507028271875 0.3469925484375 0.5076639843749999 0.3456012125 0.5079001390625 0.34222404375000004 0.50422139375 0.3388341703125 0.331543334375 0.316317240625 0.31665809375 0.31919215156249997 0.324971603125 0.326299803125
16 0.3436048640625 0.2614259390625 0.4988929421875 0.280638421875 0.5140902078125 0.28170111875 0.5170722421875 0.27825490625 0.5171477 0.2771758109375 0.50550100625 0.27013629375 0.3220161 0.248168940625 0.3262512171875 0.257601928125 0.3436048640625 0.2614259390625
16 0.3309470625 0.190448203125 0.35980925625000004 0.19768749531250002 0.48700699375 0.214022025 0.5174015375 0.21614741875000001 0.5217680890625 0.21110118125000002 0.5218407515625 0.21006205156250002 0.5082484859374999 0.2028463265625 0.343545553125 0.178276546875 0.3267119453125 0.1810152140625 0.3309470625 0.190448203125