14 0.9104902718749999 0.40209821718749994 0.89688998125 0.44332682031250004 0.9597568046875 0.43848357031249996 0.9633453281250001 0.3802141484375 0.9374056984375001 0.22811694531249999 0.9117265578125 0.182458184375 0.9048455000000001 0.1200245109375 0.8845683921875 0.1072955328125 0.8692848359375001 0.11054415312500002 0.8576953828124999 0.12365695000000002 0.8536983749999999 0.16497418749999998 0.8612908218750001 0.19317863125 0.8756834140624999 0.20076877343750002 0.8686790265625 0.21290698125000002 0.8633332390625 0.2779395515625 0.8725596203125001 0.37395273125 0.9089865828124999 0.387508703125 0.9104902718749999 0.40209821718749994
19 1 0.47670019999999996 0.9969959218750001 0.4558604328125 0.9889456593749999 0.4405325578125 0.902287203125 0.4461731234375 0.8802035015625 0.4700360453125 0.8434983015625 0.49274710937500005 0.695835865625 0.5646013796875 0.6787703796875 0.589527521875 0.6508514953125 0.578422853125 0.5729300234375 0.580076440625 0.5600657874999999 0.5721614359375 0.5770503609375 0.46418731874999997 0.52184998125 0.4524918828125 0.5126551828125 0.4693554328125 0.501555125 0.5824683859374999 0.4445974828125 0.5775360968750001 0.38369216562499997 0.5840922921875 0.377603409375 0.5704773640624999 0.40008867812500004 0.43577552343750003 0.4655790625 0.428244740625 0.4459640125 0.411115284375 0.400595825 0.39307020000000004 0.3558403625 0.4004533921875 0.32917159375 0.42529089999999997 0.32609021718750003 0.440855 0.372374034375 0.433146946875 0.383709915625 0.44138681249999995 0.373191003125 0.467051315625 0.3593124734375 0.5445469546874999 0.343317528125 0.58202480625 0.26845276875 0.5830286671875 0.2575500375 0.5768266109375 0.282151721875 0.482142559375 0.2775913203125 0.46820276875 0.119075484375 0.5040262249999999 0.1142615109375 0.511439096875 0.1252944859375 0.5708603765625 0.15889364374999998 0.5786277875 0.18016729375 0.648651603125 0.1893127625 0.66161680625 0.3479588421875 0.679012571875 0.344877465625 0.6945766718749999 0.319965959375 0.7126510328125 0.33425988906250004 0.7798986796875 0.2846657859375 0.8096091187500001 0.26889974843750003 0.8406486843750001 0.28750050625 0.943188784375 0.30297805 1 0.5450369109375 1 0.90299483125 0.9239136953125 1 0.781906521875 1 0.47670019999999996
15 0.2699838328125 0.5150796609375 0.2559257265625 0.569184834375 0.25895777343750004 0.5834494859375 0.347201165625 0.5835954250000001 0.3485809328125 0.5833021453125 0.3637769203125 0.55052010625 0.38448025937499997 0.43749578749999996 0.2980507125 0.43669806875 0.2699838328125 0.5150796609375
15 0.37725388125000003 0.5838633859375 0.5014638671875 0.5843514265625 0.5052386828125 0.5835490640625001 0.5220076015624999 0.4231725828125 0.40391573437500006 0.43123477499999996 0.39691134687499996 0.443372984375 0.37725388125000003 0.5838633859375
15 0.7186041859375 0.423715978125 0.5843624640625 0.430951175 0.579115340625 0.43632623906249995 0.5598910234375001 0.578854446875 0.672940009375 0.5846434125 0.6866952093750001 0.581719653125 0.7041938437499999 0.55883131875 0.7064582546875 0.5093628484375 0.7200832109374999 0.4532198703125 0.7186041859375 0.423715978125
15 0.7026970703125001 0.6720329078125 0.6864663015625 0.5881579390625 0.6667279234375 0.645600365625 0.6647170874999999 0.673716175 0.6695063953125 0.6812176796875 0.7026970703125001 0.6720329078125
15 0.7304938359375 0.42704591562500005 0.69440189375 0.5641074765625 0.69609798125 0.5637469609375 0.8270653953125 0.498103675 0.8293544718750001 0.43372083124999994 0.8241566796875001 0.409267140625 0.8121587421875001 0.40542775156250005 0.7861520296875 0.42586478281250006 0.7555849171875 0.4323620234375 0.7304938359375 0.42704591562500005
15 0.90065326875 0.3783643875 0.8441287765625001 0.37546990625 0.82138301875 0.4037333046875 0.82961285625 0.44245164687500005 0.8275773546874999 0.48548183125 0.8328794859374999 0.4963353828125 0.8354904265625 0.495780409375 0.88741213125 0.466373928125 0.9119644843750001 0.4015186296875 0.9100276453125 0.38489130781249997 0.90065326875 0.3783643875
21 0.1526268921875 1 0.16808452499999998 0.960051928125 0.152212909375 0.922957896875 0.2264156125 0.9263545109375 0.28449312656250003 0.9140097546874999 0.28276052812499997 0.905858525 0.1727435890625 0.9143342125 0.11362019999999999 0.8992128875000001 0.09973475468750001 0.848917421875 0.10324928124999999 0.8353911296875 0.1110953015625 0.8422429125 0.1121411765625 0.8697089953124999 0.1293862375 0.8681733203125 0.13353815468750002 0.8651609265625 0.12095215781249999 0.8209788859374999 0.311204309375 0.7315523890625 0.32137098750000004 0.786898053125 0.3309742703125 0.7869866890625 0.33731659999999997 0.77924895625 0.323251578125 0.7055630234375 0.3558048625 0.685864353125 0.339017615625 0.674523459375 0.19040796875 0.6592541375 0.18995015312500002 0.67213070625 0.1962678171875 0.67930735 0.2475698515625 0.6726625187499999 0.2512639546875 0.6825266937500001 0.211706284375 0.7143635749999999 0.1861573875 0.7219240359375 0.07112223281249999 0.7293365046875 0.060473075 0.7017817859375 0.033395821874999995 0.7096671078125001 0.05895163437499999 0.8298977515624999 0.0759677875 0.8348003609375001 0.11108205468750001 1 0.1526268921875 1
9 0.1592308390625 0.57269895625 0.022798704687499997 0.584659490625 0.0227740390625 0.5995738687500001 0.0712305203125 0.7298459578125 0.2048009453125 0.7160975859375001 0.207731128125 0.71547475625 0.2513722421875 0.6830361468749999 0.25073485 0.6725222484375 0.1920199453125 0.6743531046875 0.1592308390625 0.57269895625
2 0.06254286718749999 0.7040041828125 0.043843446875 0.661121590625 0.0248411234375 0.6694204125 0.0346411265625 0.71552580625 0.038270971875 0.714754259375 0.06254286718749999 0.7040041828125
19 0.3227492453125 0.7783518265625 0.3119205109375 0.7274066375 0.3042787328125 0.7290309484375 0.245081346875 0.7586527515625 0.24638079531249998 0.7647661734375 0.3227492453125 0.7783518265625