21 0.66785594375 0.8311445078125 0.7006475984375 0.827315690625 0.7052290515624999 0.8262579796875 0.6830700296875001 0.7164491140625 0.687168740625 0.7133647187500001 0.8634237875 0.6919162359375 0.8588512046875 0.6373804265625 0.6735779484375 0.6544965265625 0.6753334203125 0.6412624421875 0.662094765625 0.5908654875 0.640048315625 0.5943517125 0.6325538640625 0.5960819421875 0.6082315796875 0.6909642609375 0.611628625 0.6987325249999999 0.640438728125 0.6984955890625 0.66785594375 0.8311445078125
9 0.6352067375 0.4813465984375 0.67246295 0.6288290734374999 0.6813646515625 0.63960275625 0.7230586578125 0.65349640625 0.8491538468750001 0.6342739046875 0.8593651578125 0.6319164390625 0.8589065218749999 0.602890253125 0.8046807515625 0.5833372546875 0.7685974640625 0.454827190625 0.6352067375 0.4813465984375
4 1 0.4446758625 0.8442547421875 0.4699668703125 0.8094713359375 0.46516845 0.7755087171875 0.4708712046875 0.793785990625 0.5500387718749999 0.8054995796875 0.5729920796875 1 0.549043578125 1 0.4446758625
4 0.521915171875 0.6574386343749999 0.6121509625 0.648900328125 0.6162384125 0.647956665625 0.6311770531249999 0.5958652718749999 0.662211275 0.5844241890624999 0.640420446875 0.50392965625 0.6117268546875 0.49772529218750006 0.5913419703125 0.423320571875 0.460392465625 0.4433965125 0.45232347187500005 0.4452593875 0.429961928125 0.4605780890625 0.4666355953125 0.6402670609375 0.47401484375 0.651392228125 0.521915171875 0.6574386343749999
15 0.2034282359375 0.715732934375 0.0827840125 0.5404631609375 0.07282850625000001 0.5320709031249999 0.0591264265625 0.535234278125 0.050227337500000004 0.552255728125 0.0066639625 0.5858325953125 0.0462061390625 0.757108584375 0.2021307234375 0.7211105578125 0.2034282359375 0.715732934375
15 0.5770733625 0.8766918531250001 0.5803909734375 0.8759259234375 0.54991166875 0.7231371421875 0.532108265625 0.7015897796874999 0.5125493921875 0.6932765 0.3543281546875 0.6955946125 0.2338187203125 0.7084494734375 0.044565871875 0.750003803125 0.07502799375 0.8819497484375001 0.11543517656249999 0.91110741875 0.5770733625 0.8766918531250001
4 0.6099187984375 0 0.3492327359375 0.06227984843749999 0.3479459125 0.077543871875 0.3726677484375 0.19157186406249999 0.4012448328125 0.2042175265625 0.8627837890625001 0.11262979843750001 0.8801237671875001 0.187737490625 0.9360391921875 0.17203866406249999 0.9135202859374999 0.068447403125 0.9043166265625 0.0472600578125 0.8953270124999999 0 0.6099187984375 0
19 0.5048490890624999 0.6929161203125 0.5173504234374999 0.6862882265625 0.5062219906250001 0.6589235578125 0.48162710937500003 0.6496347984375 0.372828653125 0.6576478328124999 0.31766883749999997 0.6687788796875 0.298130703125 0.6732896125 0.2716450734375 0.6916985703125 0.266376046875 0.7036056875 0.5002454843749999 0.6939789453125 0.5048490890624999 0.6929161203125
19 1 0.786171746875 0.8949982953125 0.8217345015624999 0.815830728125 0.840011775 0.7730829171875 0.8284995484375001 0.5743406 0.8358964249999999 0.581722459375 0.874816725 0.56392166875 0.88106449375 0.1277905453125 0.9090567578125001 0.109637615625 0.906833290625 0.0752037359375 0.882710975 0.1022820421875 1 0.5569678031249999 1 1 0.8977179578125 1 0.786171746875
15 1 0.5664116796875 0.9102592125 0.5822147515625 0.8709110578124999 0.6062659218750001 0.8599043578125001 0.6280502218749999 0.859560053125 0.7029643859375 0.8725709125 0.8218342046875 0.9059580765625 0.8200060375 0.9148571953125 0.8179515125 1 0.790533421875 1 0.5664116796875
21 1 0.5466320890625 0.80427003125 0.574612278125 0.8070819203124999 0.586791903125 0.856856840625 0.6009580609375 0.8624696015625 0.61195651875 0.8642276765625001 0.6115506359375 0.9051066953125 0.58768056875 0.9100235812499999 0.5673022140625 1 0.5613433796875 1 0.5466320890625