21 0.7766556046875001 0.5179621437499999 0.7682478859375 0.512083196875 0.7710305187500001 0.4977677984375 0.7645541125 0.490141934375 0.5758976375 0.4534708296875 0.209208671875 0.39917232812500003 0.20784726718750002 0.43074259374999996 0.220346278125 0.456517746875 0.3875894828125 0.537840040625 0.39366836875 0.5475109625 0.2573836859375 0.9621985140625 0.26070660156250003 0.9628444234375 0.311779509375 0.968792628125 0.4329841484375 0.640046234375 0.4553648453125 0.6231733359375 0.5121714500000001 0.625726115625 0.526088146875 0.6114526359375 0.5414260718749999 0.6144340265625 0.644760075 0.6642326921875 0.7406537875 0.735930703125 0.8227398265625 0.747641959375 0.949421953125 0.8083460203125 0.9963291640625 0.5670293375 0.8528914265624999 0.5433925187499999 0.7766556046875001 0.5179621437499999
5 0.8198469921875 1 0.8250828218749999 0.9730639953125 0.8091643656249999 0.7683487484375 0.8007566484374999 0.7624698000000001 0.7887149796874999 0.7834747281250001 0.787353575 0.8150449953125 0.7754807546875 0.810614825 0.7507676859375 0.7739761953125 0.742986159375 0.78944223125 0.7527588203125 0.821054415625 0.7859358890625 0.8550936265625 0.7976398625 0.8849588921875 0.8005421421875001 0.9682937703125001 0.8065912375 1 0.8198469921875 1
11 1 0.100627334375 0.8121199859375 0.1062268296875 0.6413026546875 0.1006135484375 0.62091309375 0.164564665625 0.5987083265625001 0.2706094703125 0.58700789375 0.29804770625 0.570255825 0.3924184515625 0.5748009203125 0.401791234375 0.6158720796875 0.4034076796875 0.6210925656249999 0.311040075 0.6490983484374999 0.314361521875 0.7502160859375 0.35099543125 0.7574312484375 0.363009546875 0.7603335265625 0.44634442500000004 0.7686849609374999 0.4607017390625 0.9361246875000001 0.5051868093749999 0.9474239265625 0.507383159375 0.9640394296875 0.41378174218749997 0.9937443125 0.3346627296875 1 0.30466943281250003 1 0.100627334375
5 0.6223348109375 0.30464927343750003 0.6153483203125 0.31602519687499997 0.6194396140625 0.3359214015625 0.614016690625 0.4616762953125 0.65013755625 0.46869748125 0.7585680109374999 0.48818248124999997 0.7624869171875 0.47621028125000003 0.754867153125 0.35163421562499997 0.6223348109375 0.30464927343750003
5 0.2057790921875 0.1711514625 0.21458786875000002 0.23228885781250003 0.2142572578125 0.39776605625 0.4029700140625 0.42595879375 0.3946677796875 0.288516109375 0.38580271875 0.2358570828125 0.3640446703125 0.2167714609375 0.209697996875 0.1591792625 0.2057790921875 0.1711514625
5 0.392631475 0.5446565015625 0.21584428125000002 0.455112065625 0.21357881562499997 0.565032678125 0.227273925 0.6419761640625 0.24965816406250002 0.6824067671875 0.3111822515625 0.7262007359375 0.31799989375000004 0.740259909375 0.283180009375 0.7801827921875 0.2716484234375 0.7821859328125 0.2644895453125 0.76169345 0.2801088828125 0.7222830124999999 0.2621008921875 0.7166602859375 0.24977426875000003 0.7227535390625001 0.128960065625 0.9348478734375 0.1374385796875 0.9372918015625 0.15229719375 0.9401800234375 0.17020007343750002 0.911029221875 0.1891156671875 0.8956051031250001 0.2879573171875 0.8702491171875 0.392631475 0.5446565015625
5 0.681591490625 1 0.7333757515625 0.740617684375 0.7970562796875 0.748751271875 0.8124504874999999 0.743254296875 0.687699671875 0.68080331875 0.6390158312499999 0.6692178125 0.625496653125 0.6814462359375 0.5990844859375 0.727248065625 0.5829515234375 0.7283567875 0.441554121875 0.6287128171874999 0.4276374234375 0.6429862984375 0.385778309375 0.76006696875 0.38180312031249997 0.7805175359375001 0.3900982734375 0.8033532156250001 0.36931827500000003 0.98395639375 0.4061292953125 0.99111173125 0.43021263125000003 0.9491018765625 0.44236686562500005 0.9111402156249999 0.4615674125 0.910627771875 0.48821179218750005 0.945519484375 0.49286339687499997 1 0.5156265359375001 1 0.5095124984375 0.917825025 0.5130901671875 0.8994195156250001 0.5639269062500001 0.818041140625 0.6034044515625 0.770534309375 0.648901059375 0.6838732640625 0.6711691906249999 0.6839570984375001 0.7158215609374999 0.7244715375 0.6850965125 0.841594125 0.6585357562499999 1 0.681591490625 1
3 0.5954401453125 0.72388676875 0.6060709765625 0.7158721421875 0.6193052 0.6887320453125 0.62248535 0.672371590625 0.615128596875 0.6672275125 0.611447496875 0.6665119796875 0.5614748875 0.6668793375 0.518018615625 0.6775332328125 0.5935995953125001 0.7235290015625 0.5954401453125 0.72388676875
3 0.5092696609375 0.6652209765625 0.5200026671875 0.610004446875 0.45989980781249995 0.5834653484375 0.448086809375 0.6278603171875 0.4877965671875 0.6610470296875001 0.5092696609375 0.6652209765625
3 0.874154046875 0.9335236765625 0.8902834671875001 0.87511145 0.9045976828125 0.8587929140625 0.934249825 0.84545576875 0.9471428124999999 0.8118823609374999 0.815120553125 0.74589563125 0.8098402453125001 0.7894380984375 0.8157538265625 0.88184761875 0.83183050625 0.8892172625000001 0.8710829203125 0.8756238953125 0.876025534375 0.882951621875 0.8548409343750001 0.9509928515625001 0.8519457390625 0.982264978125 0.86023735 0.9477971546875 0.874154046875 0.9335236765625
3 0.21679803125000002 0.3765060859375 0.2181594359375 0.34493581875 0.2090023390625 0.1627581125 0.3139827 0.1958981859375 0.32363925625 0.1871635984375 0.33550853593749996 0.134290265625 0.32562330781250004 0.1196348125 0.19081841718749998 0.0679634796875 0.15128105 0.06664517343750001 0.1420220125 0.073334703125 0.0775114109375 0.42159060937500004 0.08205650625000001 0.4309633921875 0.1269340078125 0.43756436875000004 0.13878338437499999 0.4648049890625 0.147570753125 0.4665130796875 0.20731740625 0.4744125828125 0.21668900781249997 0.4507663203125 0.206972628125 0.4106757703125 0.21679803125000002 0.3765060859375
3 0.6251200031249999 0.10197790312499999 0.53593136875 0.061295796874999996 0.5263310953125 0.06155201875000001 0.5228097093749999 0.0714791625 0.4444174453125 0.0817091671875 0.41193347343750003 0.23244708125 0.390404096875 0.2367515 0.38728022968750003 0.2446335859375 0.399381721875 0.2724537953125 0.47607134531249995 0.2873607484375 0.48254775156249996 0.29498661406250004 0.46113802187499997 0.39694130625 0.45977661875000003 0.4285115734375 0.5890127046875 0.45151019843749995 0.5941804484375 0.4249244609375 0.567821021875 0.40494442187499996 0.6091665125 0.24956203437500002 0.6346077125 0.1186784109375 0.6251200031249999 0.10197790312499999
2 0.4969745328125 0.261711346875 0.4084120875 0.2423742234375 0.3941541546875 0.2502143953125 0.400176759375 0.2683636828125 0.482206515625 0.2885533046875 0.46914467968749995 0.3475618078125 0.4001803 0.3256671859375 0.3966589140625 0.335594328125 0.40416257031249997 0.4198236234375 0.462049165625 0.43319796562499996 0.4969745328125 0.261711346875
19 0 0.9105764484375 0.0721702296875 0.9246049203125001 0.0914665734375 0.9148259171875001 0.107824665625 0.8798037328125 0.13065562343749998 0.7951039109375 0.150415453125 0.6525043078125 0.12450982968749999 0.622000846875 0 0.5286304984375 0 0.9105764484375