11 0.14453125 0.3658854171875 0.146484375 0.09505208281250001 0.0009765625 0.03125 0 0.4153645828125 0.07421875 0.4153645828125 0.0673828125 0.4010416671875 0.0234375 0.37109375 0.1357421875 0.3723958328125 0.14453125 0.3658854171875
4 0 0.68359375 0.005859375 0.6861979171875 0.0576171875 0.6848958328125 0.0595703125 0.6640625 0.20703125 0.60546875 0.2099609375 0.4114583328125 0.0771484375 0.4036458328125 0.0751953125 0.4166666671875 0 0.41796875 0 0.68359375
5 0.423828125 0.54296875 0.447265625 0.6080729171875 0.435546875 0.54296875 0.443359375 0.5169270828125 0.4619140625 0.5 0.4736328125 0.4973958328125 0.498046875 0.5221354171875 0.50390625 0.5638020828125 0.509765625 0.5690104171875 0.49609375 0.46484375 0.51171875 0.4544270828125 0.51171875 0.40234375 0.435546875 0.3971354171875 0.43359375 0.4544270828125 0.4462890625 0.4609375 0.447265625 0.4700520828125 0.4306640625 0.53125 0.4140625 0.4830729171875 0.4345703125 0.4817708328125 0.4375 0.47265625 0.4130859375 0.4635416671875 0.404296875 0.44921875 0.37890625 0.3111979171875 0.2939453125 0.3046875 0.31640625 0.4466145828125 0.322265625 0.4622395828125 0.341796875 0.48046875 0.328125 0.50390625 0.296875 0.6184895828125 0.32421875 0.56640625 0.32421875 0.5559895828125 0.3525390625 0.53125 0.365234375 0.5455729171875 0.3681640625 0.5963541671875 0.37109375 0.5611979171875 0.37890625 0.56640625 0.384765625 0.6341145828125 0.384765625 0.5716145828125 0.392578125 0.54296875 0.4033203125 0.53125 0.423828125 0.54296875
5 0.4375 0.3736979171875 0.453125 0.3763020828125 0.455078125 0.3294270828125 0.4443359375 0.3255208328125 0.439453125 0.3294270828125 0.4375 0.3736979171875
5 0.576171875 0.51953125 0.5791015625 0.5026041671875 0.58984375 0.50390625 0.5849609375 0.5364583328125 0.62109375 0.5377604171875 0.62109375 0.50390625 0.6279296875 0.5130208328125 0.6376953125 0.5078125 0.640625 0.5013020828125 0.630859375 0.4986979171875 0.662109375 0.4752604171875 0.6640625 0.4388020828125 0.658203125 0.4205729171875 0.66796875 0.4127604171875 0.6513671875 0.4088541671875 0.650390625 0.3919270828125 0.6884765625 0.390625 0.6943359375 0.3411458328125 0.6572265625 0.3385416671875 0.6552734375 0.3229166671875 0.546875 0.31640625 0.533203125 0.43359375 0.533203125 0.4856770828125 0.55078125 0.4986979171875 0.541015625 0.54296875 0.546875 0.5455729171875 0.5615234375 0.5338541671875 0.5751953125 0.5364583328125 0.5703125 0.5221354171875 0.576171875 0.51953125
9 0.4580078125 0.3776041671875 0.517578125 0.37890625 0.51171875 0.3736979171875 0.5107421875 0.3229166671875 0.45703125 0.3216145828125 0.4580078125 0.3776041671875
21 0.3349609375 0.4765625 0.330078125 0.4778645828125 0.330078125 0.4934895828125 0.328125 0.49609375 0.3291015625 0.4973958328125 0.33203125 0.49609375 0.33203125 0.4908854171875 0.337890625 0.4830729171875 0.337890625 0.48046875 0.3349609375 0.4765625
21 0.328125 0.56640625 0.3271484375 0.5625 0.3232421875 0.5625 0.3203125 0.5690104171875 0.3203125 0.5924479171875 0.3212890625 0.59375 0.32421875 0.5924479171875 0.32421875 0.5846354171875 0.326171875 0.58203125 0.326171875 0.5690104171875 0.328125 0.56640625
21 0.3984375 0.4986979171875 0.3984375 0.4856770828125 0.3955078125 0.4817708328125 0.388671875 0.48828125 0.388671875 0.5065104171875 0.390625 0.5091145828125 0.392578125 0.5169270828125 0.3935546875 0.5182291671875 0.39453125 0.5169270828125 0.39453125 0.5143229171875 0.396484375 0.51171875 0.396484375 0.5013020828125 0.3984375 0.4986979171875
21 0.5390625 0.3841145828125 0.5361328125 0.3802083328125 0.4697265625 0.3802083328125 0.4482421875 0.375 0.3935546875 0.3723958328125 0.392578125 0.3893229171875 0.400390625 0.4309895828125 0.404296875 0.4309895828125 0.4091796875 0.3932291671875 0.5361328125 0.4010416671875 0.5390625 0.3971354171875 0.5390625 0.3841145828125
19 0.7021484375 0.5572916671875 0.6611328125 0.5442708328125 0.5634765625 0.5390625 0.462890625 0.61328125 0.455078125 0.7044270828125 0.45703125 0.7877604171875 0.4375 0.8190104171874999 0.431640625 0.8763020828125001 0.4306640625 0.9973958328125001 0.84765625 0.99609375 0.8759765625 0.4921875 0.7158203125 0.4791666671875 0.701171875 0.49609375 0.7021484375 0.5572916671875
21 0.7236328125 0.40625 0.728515625 0.3997395828125 0.728515625 0.39453125 0.7060546875 0.390625 0.6533203125 0.390625 0.650390625 0.39453125 0.650390625 0.4075520828125 0.6591796875 0.4088541671875 0.6640625 0.4153645828125 0.669921875 0.54296875 0.681640625 0.54296875 0.681640625 0.50390625 0.6845703125 0.4973958328125 0.6875 0.5091145828125 0.689453125 0.5481770828125 0.697265625 0.5481770828125 0.6953125 0.4153645828125 0.6982421875 0.4114583328125 0.7119140625 0.4114583328125 0.7236328125 0.40625
19 1 0.4440104171875 0.9560546875 0.4375 0.900390625 0.5013020828125 0.892578125 0.6158854171875 0.8984375 0.62890625 0.890625 0.6393229171875 0.869140625 0.9908854171874999 0.8740234375 0.9973958328125001 1 0.99609375 1 0.4440104171875