3 0.2703125 0.5708333328124999 0.29375 0.5791666671875 0.611406265625 0.5890625 0.6283593749999999 0.5890625 0.6328125 0.5791666671875 0.625 0.5479166671875 0.6265625 0.3895833328125 0.640625 0.1541666671875 0.6578125 0.05208333281250001 0.496875 0.0354166671875 0.22584634218750002 0.0234375 0.21407855312500002 0.0234375 0.21875 0.175 0.2125 0.53125 0.2546875 0.5395833328124999 0.2703125 0.5708333328124999
4 0.7857421875 0 0.7609375 0.0330729171875 0.7546875 0.14140625 0.7546875 0.168489584375 0.759375 0.17265625 0.871484375 0.178125 0.8895089281249999 0.178125 1 0.13515625 1 0 0.7857421875 0
4 1 0.6690104171875 0.984375 0.66484375 0.9765625 0.704427084375 0.9671875 0.7065104171875001 0.9640625 0.68359375 0.96875 0.6669270843749999 0.959375 0.6565104171875 0.9109375 0.648177084375 0.9 0.6377604171875 0.8578125 0.63359375 0.8609375 0.6252604171875 0.8734375 0.623177084375 0.9640625 0.6356770843749999 0.9671875 0.6065104171875 0.8578125 0.5565104171875 0.85625 0.47734375 0.74375 0.47109375 0.7375 0.491927084375 0.7296875 0.7627604171875 0.803125 0.8606770828125001 0.8078125 0.8606770828125001 0.8140625 0.8356770828125001 0.8734375 0.8419270828125001 0.8765625 0.86484375 0.9997626203125 1 1 1 1 0.6690104171875
11 1 0.21458333281250003 0.99375 0.21458333281250003 0.8734375 0.24375 0.865625 0.3104166671875 0.853125 0.5541666671875001 0.9640625 0.6041666671875 0.965625 0.63125 0.8578125 0.61875 0.8546875 0.6333333328124999 0.9609375 0.6583333328125 0.9671875 0.6666666671875 0.9640625 0.7041666671875 0.978125 0.7020833328125 0.9828125 0.6645833328124999 1 0.6708333328125 1 0.64375 0.9921875 0.6416666671875 0.9921875 0.6208333328125 1 0.6208333328125 1 0.21458333281250003
9 0.1375 0.5619791671875001 0.059375 0.566145834375 0.0453125 0.5765625 0.0546875 0.6015625 0.11767577343749999 0.609375 0.1273437609375 0.609375 0.165625 0.6057291671875 0.190625 0.47447916718750005 0.159375 0.459895834375 0.1375 0.5619791671875001
21 0 0.7229166671875 0.0359375 0.7270833328124999 0.0375 0.74375 0.046875 0.7395833328125 0.0484375 0.7270833328124999 0.0625 0.725 0.15625 0.73125 0.154693603125 0.8640625 0.17188074375 0.8640625 0.1734375 0.7229166671875 0.18125 0.7104166671875001 0.19375 0.7083333328125 0.2375 0.6416666671875 0.240625 0.7354166671875 0.234375 0.7895833328124999 0.25625 0.7854166671875 0.25 0.7770833328125 0.253125 0.6645833328124999 0.2625 0.6458333328125 0.2625 0.6020833328124999 0.275 0.58125 0.2703125 0.5708333328124999 0.184179678125 0.5671875 0.1717927625 0.5671875 0.165625 0.60625 0.1140625 0.6125 0.103125 0.6270833328125 0.1 0.6458333328125 0.0890625 0.6520833328125 0.0703125 0.6604166671875 0 0.6541666671875 0 0.7229166671875
2 0 0.6559895828125 0.05566406875 0.6609375 0.07275390468750001 0.6609375 0.1015625 0.6455729156250001 0.103125 0.633072915625 0.1140625 0.62890625 0.109375 0.620572915625 0.121875 0.6122395828125 0.0375 0.60390625 0.025 0.6184895828125 0 0.62265625 0 0.6559895828125
21 0 0.6203125 0.0062499953125 0.6203125 0.025 0.61875 0.053125 0.6 0.046875 0.575 0.0546875 0.5645833328125 0.0382812484375 0.5609375 0.0348144546875 0.5609375 0 0.5770833328125 0 0.6203125
19 0 0.5765625 0.0011160703124999999 0.5765625 0.03125 0.5625 0.1359375 0.5625 0.14375 0.53125 0.134375 0.5270833328125 0.134375 0.4479166671875 0.0756510359375 0.4421875 0.07021722500000001 0.4421875 0.0546875 0.5270833328125 0 0.53125 0 0.5765625
15 0 0.5359375 0.04365234375 0.5359375 0.05625 0.5247395828125 0.078125 0.40598958281249997 0.075 0.389322915625 0.059375 0.38515625 0 0.39557291562499997 0 0.5359375
19 0.175 0.56875 0.2640625 0.56875 0.2578125 0.5416666671875 0.1828125 0.53125 0.1734375 0.54375 0.175 0.56875
19 0 0.9984375 0.74776893125 0.9984375 0.609375 0.72890625 0.5640625 0.7372395828125 0.5328125 0.7559895828125 0.490625 0.80390625 0.46875 0.8559895828125 0.459375 0.96640625 0.440625 0.9705729171874999 0.296875 0.9497395828125 0.1078125 0.9455729171874999 0.103125 0.94140625 0.096875 0.8518229171874999 0.0765625 0.7934895828124999 0.0453125 0.751822915625 0 0.72265625 0 0.9984375