3 0.1609375 0.1604166671875 0.1609375 0.4583333328125 0.1671875 0.46875 0.21875 0.4791666671875 0.2140625 0.54375 0.2421875 0.5520833328125 0.253125 0.5791666671875 0.284375 0.5854166671875001 0.584375 0.5875 0.5890625 0.575 0.58125 0.5208333328125 0.59375 0.1875 0.6015625 0.0979166671875 0.6140625 0.05 0.5328125 0.0354166671875 0.1515625 0 0.1484375 0.0208333328125 0.15625 0.05208333281250001 0.1609375 0.1604166671875
4 0.7796875 0 0.7453125 0.03125 0.740625 0.1729166671875 0.8640625 0.1833333328125 1 0.14375 1 0 0.7796875 0
4 1 0.6833333328125 0.99375 0.6604166671875 0.9828125 0.65 0.86875 0.6291666671875 0.8734375 0.61875 0.89375 0.6166666671875001 0.9109375 0.625 0.98125 0.625 0.9875 0.61875 0.9875 0.6020833328124999 0.8578125 0.5520833328125 0.8578125 0.475 0.7265625 0.46875 0.715625 0.6958333328124999 0.7359375 0.7229166671875 0.7375 0.7520833328125 0.7765625 0.7541666671875 0.859375 0.825 0.9015625 0.83125 0.9046875 0.85625 0.971875 0.9125 1 0.9208333328125 1 0.6833333328125
11 0.984375 0.5979166671875 0.9859375 0.61875 0.978125 0.625 0.871875 0.6166666671875001 0.86875 0.6291666671875 0.984375 0.6520833328125 1 0.6833333328125 0.996875 0.225 0.871875 0.2479166671875 0.8546875 0.55 0.984375 0.5979166671875
9 0.0578125 0.5875 0.05625 0.6020833328124999 0.0796875 0.6229166671875 0.196875 0.625 0.2109375 0.5354166671875 0.2234375 0.48541666718750004 0.2171875 0.4791666671875 0.1734375 0.46666666718750005 0.146875 0.5833333328125 0.1 0.5895833328125 0.0578125 0.5875
21 0 0.7604166671875 0.0328125 0.7583333328124999 0.0296875 0.8145833328125001 0.0484375 0.8145833328125001 0.0515625 0.8083333328125001 0.046875 0.7979166671875 0.0484375 0.7583333328124999 0.0828125 0.7520833328125 0.2296875 0.75625 0.2296875 0.8625 0.2421875 0.8979166671875 0.246875 0.8979166671875 0.2484375 0.8104166671874999 0.2671875 0.8083333328125001 0.2625 0.7958333328125 0.2640625 0.7333333328125 0.2796875 0.7291666671875 0.2875 0.5875 0.28125 0.58125 0.2046875 0.5791666671875 0.1953125 0.625 0.1578125 0.6395833328125 0.1578125 0.6458333328125 0.1734375 0.65 0.15625 0.6520833328125 0.15 0.6708333328125 0.128125 0.6875 0.0921875 0.6875 0.034375 0.68125 0.0359375 0.6625 0.046875 0.64375 0.0671875 0.6416666671875 0.078125 0.625 0.05625 0.6020833328124999 0.05625 0.5895833328125 0.1328125 0.5875 0.15 0.5791666671875 0.0265625 0.575 0 0.59375 0 0.7604166671875
2 0.0375 0.6583333328125 0.034375 0.6791666671875001 0.0375 0.6833333328125 0.128125 0.6875 0.1515625 0.6708333328125 0.1546875 0.65625 0.175 0.6520833328125 0.1734375 0.64375 0.1609375 0.6416666671875 0.1625 0.6354166671875 0.16875 0.6333333328124999 0.16875 0.6291666671875 0.1640625 0.6270833328125 0.0796875 0.6229166671875 0.065625 0.6416666671875 0.0515625 0.6416666671875 0.0375 0.6583333328125
19 0.2484375 1 0.2453125 0.8916666671875 0.225 0.8416666671874999 0.18125 0.7854166671875 0.1359375 0.7583333328124999 0.0828125 0.7520833328125 0.0703125 0.7645833328125 0.0515625 0.8083333328125001 0 0.8916666671875 0 1 0.2484375 1
19 1 0.9354166671874999 0.99375 0.9270833328125001 0.79375 0.7604166671875 0.76875 0.7479166671875 0.7390625 0.7479166671875 0.6828125 0.7791666671875 0.64375 0.83125 0.6171875 0.9145833328125 0.6125 1 1 1 1 0.9354166671874999
19 0 0.5958333328125 0.0234375 0.5770833328125 0.15 0.5770833328125 0.15625 0.5395833328124999 0.1046875 0.5375 0.10625 0.45625 0.1015625 0.4479166671875 0.0390625 0.4458333328125 0.0296875 0.5375 0 0.54375 0 0.5958333328125
15 0 0.5458333328125 0.028125 0.5458333328125 0.0328125 0.5354166671875 0.0453125 0.3895833328125 0.0296875 0.3875 0 0.39375 0 0.5458333328125
19 0.24375 0.5479166671875 0.2125 0.54375 0.203125 0.5791666671875 0.2484375 0.5791666671875 0.24375 0.5479166671875