11 0.7796875 0.42291666718750004 0.8203125 0.4458333328125 0.9515625 0.44375 0.9734375 0.2645833328125 0.9671875 0.2541666671875 0.95 0.2541666671875 0.796875 0.2666666671875 0.7828125 0.3541666671875 0.7796875 0.42291666718750004
14 0.3609375 0.7895833328124999 0.3234375 0.7708333328125 0.3171875 0.825 0.3578125 0.825 0.3609375 0.7895833328124999
14 0.3140625 0.8041666671875 0.321875 0.6979166671875 0.3046875 0.6875 0.2796875 0.825 0.309375 0.8229166671874999 0.3140625 0.8041666671875
14 0.2859375 0.2 0.2703125 0.2375 0.2625 0.2875 0.2640625 0.40833333281249995 0.2578125 0.475 0.2671875 0.4916666671875 0.2703125 0.5479166671875 0.2671875 0.8145833328125001 0.271875 0.8208333328125 0.2984375 0.675 0.2875 0.6604166671875 0.2796875 0.6291666671875 0.271875 0.48541666718750004 0.2796875 0.4770833328125 0.290625 0.4875 0.3125 0.5395833328124999 0.3140625 0.5958333328125 0.303125 0.6416666671875 0.3046875 0.6708333328125 0.3109375 0.6729166671875 0.3265625 0.6583333328125 0.3375 0.48541666718750004 0.3515625 0.47083333281249995 0.3453125 0.3125 0.325 0.23541666718749998 0.325 0.21875 0.340625 0.2125 0.346875 0.1854166671875 0.3421875 0.1416666671875 0.3265625 0.1145833328125 0.303125 0.11041666718750001 0.2890625 0.1166666671875 0.2796875 0.1354166671875 0.2859375 0.2
19 0.409375 0.5708333328124999 0.4484375 0.6145833328125 0.490625 0.6208333328125 0.4828125 0.5770833328125 0.4140625 0.55 0.396875 0.5354166671875 0.4 0.51875 0.425 0.5104166671875 0.4125 0.4791666671875 0.39375 0.45625 0.36875 0.4458333328125 0.359375 0.45625 0.359375 0.475 0.409375 0.5708333328124999
5 0.3484375 0.7020833328125 0.3890625 0.7020833328125 0.453125 0.6875 0.4234375 0.65625 0.403125 0.6479166671875001 0.3578125 0.65 0.3078125 0.6666666671875 0.30625 0.6375 0.315625 0.5958333328125 0.3125 0.5354166671875 0.2984375 0.49791666718750005 0.2828125 0.4791666671875 0.26875 0.4770833328125 0.28125 0.6375 0.29375 0.6708333328125 0.31875 0.6958333328124999 0.3484375 0.7020833328125
19 0.3375 0.4791666671875 0.3390625 0.5020833328125 0.3578125 0.5020833328125 0.365625 0.4916666671875 0.3609375 0.45416666718750004 0.365625 0.43958333281249995 0.3578125 0.40833333281249995 0.3515625 0.40625 0.346875 0.44375 0.3515625 0.47291666718750003 0.3375 0.4791666671875
19 0.40625 0.4291666671875 0.3921875 0.44375 0.378125 0.4458333328125 0.3921875 0.45416666718750004 0.415625 0.4875 0.4296875 0.48541666718750004 0.4421875 0.43125 0.4390625 0.4166666671875 0.3875 0.3916666671875 0.3921875 0.4270833328125 0.40625 0.42291666718750004 0.40625 0.4291666671875
15 0.396875 0.4625 0.4265625 0.48541666718750004 0.440625 0.43333333281249997 0.4390625 0.41875 0.384375 0.3916666671875 0.3921875 0.42291666718750004 0.409375 0.425 0.409375 0.44166666718750003 0.396875 0.4625
19 0.096875 0.4770833328125 0.096875 0.5395833328124999 0.10625 0.5770833328125 0.271875 0.5708333328124999 0.265625 0.48125 0.259375 0.47291666718750003 0.2625 0.3916666671875 0.225 0.40208333281249997 0.2046875 0.3916666671875 0.1953125 0.39791666718749996 0.1265625 0.3958333328125 0.1109375 0.3854166671875 0.1046875 0.4270833328125 0.0984375 0.43541666718750005 0.096875 0.4770833328125
15 0.128125 0.4479166671875 0.1328125 0.48541666718750004 0.159375 0.4895833328125 0.153125 0.4166666671875 0.1125 0.3854166671875 0.109375 0.41041666718750003 0.1140625 0.43125 0.128125 0.4479166671875
15 0.2609375 0.4791666671875 0.2578125 0.45416666718750004 0.2640625 0.3916666671875 0.2296875 0.40416666718750005 0.1984375 0.3916666671875 0.20625 0.43958333281249995 0.1984375 0.4791666671875 0.2609375 0.4791666671875
19 0.4875 0.5020833328125 0.4875 0.4916666671875 0.50625 0.4583333328125 0.5546875 0.4583333328125 0.5609375 0.3541666671875 0.446875 0.3458333328125 0.428125 0.5125 0.496875 0.5083333328124999 0.4875 0.5020833328125
21 0.4328125 0.5604166671875 0.478125 0.5770833328125 0.4859375 0.5875 0.496875 0.7041666671875 0.46875 0.7791666671875 0.4640625 0.8125 0.4671875 0.8229166671874999 0.478125 0.8229166671874999 0.49375 0.7958333328125 0.503125 0.7583333328124999 0.515625 0.7583333328124999 0.5328125 0.8395833328125001 0.5453125 0.8666666671875 0.5453125 0.8854166671874999 0.559375 0.9041666671874999 0.5578125 0.8645833328125001 0.5296875 0.7166666671875 0.5359375 0.6770833328125 0.565625 0.6145833328125 0.609375 0.6145833328125 0.6171875 0.6354166671875 0.63125 0.64375 0.66875 0.6333333328124999 0.6703125 0.5833333328125 0.7 0.53125 0.7015625 0.5166666671875 0.490625 0.5104166671875 0.4078125 0.5166666671875 0.3953125 0.5333333328125 0.4328125 0.5604166671875
5 0.596875 0.6416666671875 0.621875 0.6208333328125 0.6140625 0.6083333328125 0.565625 0.6041666671875 0.5546875 0.61875 0.5546875 0.6395833328125 0.596875 0.6416666671875
9 0.6390625 0.525 0.634375 0.5375 0.690625 0.55 0.703125 0.5354166671875 0.7375 0.51875 0.7796875 0.5125 0.796875 0.425 0.734375 0.42291666718750004 0.7171875 0.43958333281249995 0.7015625 0.5208333328125 0.6390625 0.525
5 0.709375 0.50625 0.7109375 0.46458333281249997 0.66875 0.45625 0.65 0.475 0.6421875 0.5104166671875 0.709375 0.50625
5 0.58125 0.5083333328124999 0.575 0.48125 0.55625 0.4583333328125 0.5171875 0.45208333281249996 0.490625 0.475 0.484375 0.5104166671875 0.58125 0.5083333328124999
5 0.675 0.6125 0.6875 0.6479166671875001 0.6859375 0.6645833328124999 0.6140625 0.66875 0.6078125 0.6729166671875 0.609375 0.68125 0.6375 0.7020833328125 0.68125 0.7145833328125 0.75625 0.7083333328125 0.796875 0.63125 0.80625 0.5604166671875 0.8 0.5333333328125 0.7875 0.5166666671875 0.746875 0.5083333328124999 0.7078125 0.5229166671875001 0.6796875 0.5645833328125 0.675 0.6125
2 0.6125 0.53125 0.6125 0.5229166671875001 0.5984375 0.5145833328125 0.51875 0.5104166671875 0.5140625 0.5270833328125 0.51875 0.53125 0.6125 0.53125