21 0.7665659046875 1 0.7878591609375001 0.8490731578125 0.9612604296875 0.9646257874999999 0.9846835359374999 0.6968984609375 0.9800138734375 0.69648991875 0.702973565625 0.707803984375 0.6983302453125 0.7429496999999999 0.7336902265624999 0.7690475015625 0.701894371875 1 0.7665659046875 1
21 0.786791821875 0.5206470375000001 0.788633909375 0.535447240625 0.797791659375 0.5383397296875 0.7792066859375 0.6797058015624999 0.7937429828125 0.6809775625000001 0.8025666921875001 0.680965303125 0.8157703546875 0.5838297796874999 0.820336059375 0.567498896875 0.825005721875 0.5679074390625 0.9637469640624999 0.6135063875 0.9676127125 0.6410313828125 0.95977866875 0.69471956875 0.963796534375 0.6958553203125 0.9706832609375 0.6964578312499999 0.9820624656250001 0.6192913671875 0.9914017906250001 0.6201084531250001 0.99866476875 0.537092228125 0.8758785609374999 0.5242585359375 0.786791821875 0.5206470375000001
3 0.0718186 0 0.0726982296875 0.0237061703125 0.065408909375 0.071168140625 0.035834378124999997 0.06858070468750001 0.0327476125 0.10386259843750001 0.0853883921875 0.11395770937500001 0.0939251203125 0.1147045765625 0.1145963046875 0.1005669765625 0.19618580624999998 0.11816158750000001 0.2632992109375 0.12194195781249999 0.27530462187500004 0 0.1559290015625 0 0.1468168359375 0.090838159375 0.134182828125 0.09182411562500001 0.09635841875 0.0759671609375 0.10194279843750001 0 0.0718186 0
2 0.0418344125 0 0.035857075 0.068321278125 0.0668065859375 0.0731203 0.0846129453125 0 0.0418344125 0
3 0.21403337812499998 0.326499478125 0.2453460359375 0.32714768906249997 0.2649048046875 0.157372971875 0.368286065625 0.176874115625 0.3518404046875 0.346921196875 0.35596534375 0.35355595625 0.37967680625 0.35144785624999997 0.38727659062500003 0.22872656249999998 0.39339884999999997 0.21253186093749998 0.4520031859375 0.22393295000000002 0.45794387031249995 0.20981365312500003 0.4817329484375 0.1888907234375 0.5327360890625 0.1975355015625 0.577902503125 0.2370390046875 0.5888759984374999 0.2191774390625 0.6392304578125 0.217309009375 0.6384002 0.20887120625 0.5141350546875 0.17708649999999998 0.3340155296875 0.13832388125 0.22230677499999998 0.1243680484375 0.034949203125 0.0786983046875 0.0341452890625 0.105814759375 0.08927336875 0.121094296875 0.0738395390625 0.29750377656250004 0.0947234265625 0.30978733593749996 0.1027653875 0.28957800312500004 0.118666325 0.125757140625 0.223240990625 0.1495452765625 0.20661375468749998 0.3216677625 0.21403337812499998 0.326499478125
2 0.443027009375 0.2189650546875 0.40136319531250003 0.21113735937500003 0.3841634828125 0.22845420156250001 0.3755518671875 0.344813096875 0.404218525 0.35777756250000003 0.4084210796875 0.345597490625 0.4052552859375 0.27421661249999996 0.42263657343750005 0.254824365625 0.4470743328125 0.2444146453125 0.45301501718750004 0.23029534843750002 0.443027009375 0.2189650546875
3 0 0.5544584296874999 0.0024773625 0.5215638515625 0.11976365156249999 0.5255511984375 0.3404312015625 0.549039690625 0.337370778125 0.61987584375 0.3543113 0.6234492390625 0.3746504640625 0.641959015625 0.371590040625 0.71279516875 0.376441278125 0.7111283046875 0.394729025 0.555881425 0.43748228593749994 0.5512566859375 0.4336165375 0.523731690625 0.2575443375 0.510418659375 0.2685940375 0.348264659375 0.236451121875 0.33917864531249997 0.22812362656250001 0.3447239578125 0.2143239671875 0.502454784375 0.19510059375 0.50704683125 0.111228240625 0.4976176609375 0.1245607921875 0.32729821875 0.10001907343750001 0.3209685140625 0.0832102640625 0.4951664046875 0 0.492009240625 0 0.5544584296874999
2 0.37093183281250003 0.7203185140625 0.3762751078125 0.6413169187500001 0.354379390625 0.6226709625 0.3123524265625 0.6189940796875 0.3060749375 0.67281844375 0.2335655703125 0.676931153125 0.23203535937500003 0.7123492296875 0.25919959531250003 0.733024590625 0.2763649390625 0.7345263640625 0.3039223859375 0.7332775687499999 0.3079433671875 0.7231729015624999 0.3306429984375 0.71470240625 0.37093183281250003 0.7203185140625
3 0.388786425 0 0.42344130937499996 0.012566389062499999 0.41091267187499997 0.1557693765625 0.458621128125 0.1662172 0.4735365765625 0.031588196875 0.486352159375 0.028526831250000002 0.5547629296875 0.053333620312499996 0.5402106296875 0.1838118125 0.5223622359375 0.19061544531250002 0.5580853671875 0.21256243593750002 0.5744196609375 0.23202888906250002 0.5757816453125 0.23214804843749998 0.58555861875 0.22123990937500002 0.6423208687499999 0.21784079687500002 0.6383775046875 0.2091306328125 0.604678034375 0.1999084375 0.6215131859375 0.061264801562500006 0.626909146875 0.0533717234375 0.6606862328124999 0.0437790875 0.6571060156249999 0.0309181109375 0.618918459375 0.0192119671875 0.61515666875 0.008426396875 0.5188425140625 0 0.388786425 0
3 0.16347382500000002 0.5458442625 0.149674165625 0.7035750890625 0.2296031546875 0.7042940953125 0.23481754062500002 0.6984764218749999 0.23507673125 0.677586184375 0.27764841875 0.6750368515625 0.2828628046875 0.6692191765625 0.3003466375 0.5410887515625 0.250718478125 0.534655559375 0.0635688234375 0.52246466875 0.044477160937499996 0.7048280015625 0.098956559375 0.70959433125 0.107284053125 0.7040490187499999 0.12492311874999999 0.5382889296875 0.15815548125 0.5349225109375 0.16347382500000002 0.5458442625
3 0.44817530625 0.6800223859375001 0.3872881171875 0.6767867390625 0.37859747499999996 0.6864828625 0.3675463625 0.723159259375 0.39433212968750003 0.7307309390625 0.4044497234375 0.7316161140624999 0.4568146765625 0.72469535 0.4635856171875 0.7190138562499999 0.46192510468750003 0.7021382515625 0.44817530625 0.6800223859375001