21 1 0.47083333281249995 0.8546875 0.475 0.775 0.46458333281249997 0.765625 0.4604166671875 0.765625 0.4458333328125 0.7578125 0.43958333281249995 0.565625 0.43958333281249995 0.1953125 0.45625 0.2 0.4875 0.2171875 0.5104166671875 0.396875 0.5583333328125 0.4046875 0.5666666671875 0.35 1 0.4046875 0.9958333328125001 0.4609375 0.65 0.4796875 0.6291666671875 0.5359375 0.6208333328125 0.546875 0.6041666671875 0.5625 0.6041666671875 0.6734375 0.6333333328124999 0.78125 0.6854166671875 0.8640625 0.68125 1 0.7166666671875 1 0.47083333281249995
5 0.8296875 0.7520833328125 0.7984375 0.7208333328125 0.79375 0.7375 0.809375 0.7666666671875 0.8484375 0.79375 0.865625 0.8208333328125 0.884375 0.9020833328125001 0.909375 0.9645833328125001 0.909375 0.9020833328125001 0.8546875 0.7041666671875 0.8453125 0.7 0.8375 0.7229166671875 0.8421875 0.7541666671875 0.8296875 0.7520833328125
11 0.5546875 0.14791666718750002 0.553125 0.25625 0.546875 0.2854166671875 0.5484375 0.38125 0.5546875 0.3895833328125 0.5953125 0.38333333281250004 0.5828125 0.2916666671875 0.6109375 0.28958333281250004 0.7171875 0.30625 0.7265625 0.3166666671875 0.7453125 0.39791666718749996 0.75625 0.41041666718750003 0.940625 0.42291666718750004 0.9390625 0.3270833328125 0.953125 0.24375 0.9546875 0.1291666671875 0.9640625 0.05 0.9625 0.0083333328125 0.94375 0.00625 0.73125 0.054166667187499996 0.5625 0.08125 0.5546875 0.14791666718750002
5 0.6046875 0.44166666718750003 0.7515625 0.43958333281249995 0.753125 0.4270833328125 0.721875 0.30625 0.5828125 0.2854166671875 0.578125 0.2979166671875 0.5859375 0.3166666671875 0.6046875 0.44166666718750003
5 0.2 0.45416666718750004 0.390625 0.4458333328125 0.35625 0.3125 0.3375 0.2625 0.3125 0.2479166671875 0.15 0.2208333328125 0.1484375 0.23333333281250002 0.16875 0.2916666671875 0.2 0.45416666718750004
5 0.2890625 0.7270833328124999 0.3578125 0.7583333328124999 0.3671875 0.7708333328125 0.340625 0.8166666671874999 0.3296875 0.8208333328125 0.31875 0.8020833328125001 0.3265625 0.7604166671875 0.3078125 0.7583333328124999 0.296875 0.7666666671875 0.21875 0.9979166671874999 0.2421875 1 0.2546875 0.9666666671874999 0.2703125 0.9479166671874999 0.3625 0.9041666671874999 0.403125 0.5645833328125 0.2125 0.5104166671875 0.23125 0.61875 0.259375 0.6916666671875 0.2890625 0.7270833328124999
5 0.7734375 1 0.775 0.6916666671875 0.8390625 0.6875 0.853125 0.6791666671875001 0.71875 0.6416666671875 0.66875 0.6395833328125 0.6578125 0.6541666671875 0.640625 0.7041666671875 0.625 0.7083333328125 0.4671875 0.6375 0.45625 0.6541666671875 0.4375 0.7770833328125 0.4375 0.7979166671875 0.45 0.81875 0.4640625 1 0.5015625 1 0.5171875 0.9541666671875 0.521875 0.9145833328125 0.540625 0.9104166671874999 0.5734375 0.9395833328125001 0.590625 1 0.6140625 1 0.5890625 0.9083333328125001 0.5890625 0.8895833328125 0.6234375 0.8 0.653125 0.7458333328125 0.68125 0.6520833328125 0.703125 0.6479166671875001 0.7546875 0.6791666671875001 0.746875 0.8 0.7515625 0.98125 0.753125 1 0.7734375 1
3 0.6359375 0.7020833328125 0.6453125 0.6916666671875 0.653125 0.6625 0.653125 0.6458333328125 0.64375 0.6416666671875 0.5921875 0.6520833328125 0.5515625 0.6708333328125 0.6359375 0.7020833328125
3 0.540625 0.6604166671875 0.540625 0.6041666671875 0.4765625 0.5895833328125 0.4734375 0.6354166671875 0.51875 0.6604166671875 0.540625 0.6604166671875
3 0.9 0.81875 0.9359375 0.7979166671875 0.9421875 0.8041666671875 0.934375 0.875 0.9375 0.90625 0.9390625 0.8708333328125001 0.95 0.8541666671874999 0.9546875 0.79375 0.965625 0.775 0.9921875 0.75625 0.9984375 0.7208333328125 0.85625 0.68125 0.859375 0.725 0.8828125 0.8145833328125001 0.9 0.81875
3 0.0703125 0.5041666671875 0.0765625 0.5125 0.121875 0.5104166671875 0.1390625 0.5354166671875 0.2078125 0.53125 0.2125 0.50625 0.1953125 0.46875 0.1984375 0.43333333281249997 0.19375 0.40208333281249997 0.15 0.225 0.259375 0.2375 0.2671875 0.2270833328125 0.26875 0.1729166671875 0.25625 0.1604166671875 0.1140625 0.1354166671875 0.075 0.1416666671875 0.0671875 0.15 0.0703125 0.5041666671875
3 0.365625 0.1 0.3625 0.2541666671875 0.3421875 0.2625 0.340625 0.2708333328125 0.3578125 0.2958333328125 0.4359375 0.2958333328125 0.44375 0.3020833328125 0.4421875 0.40625 0.446875 0.4375 0.578125 0.43541666718750005 0.578125 0.40833333281249995 0.5484375 0.39375 0.559375 0.23333333281250002 0.559375 0.1 0.546875 0.08541666718749999 0.4515625 0.0625 0.4421875 0.0645833328125 0.440625 0.075 0.365625 0.1
2 0.4421875 0.2958333328125 0.440625 0.35625 0.36875 0.3479166671875 0.3671875 0.3583333328125 0.390625 0.43958333281249995 0.45 0.44166666718750003 0.4515625 0.2666666671875 0.3609375 0.2645833328125 0.3484375 0.275 0.3578125 0.2916666671875 0.4421875 0.2958333328125
19 0.159375 1 0.178125 0.9854166671875 0.1875 0.9479166671874999 0.19375 0.8604166671875 0.1859375 0.7166666671875 0.1546875 0.6916666671875 0 0.6166666671875001 0 1 0.159375 1