14 0.7636105140625 0.4626042734375 0.769364784375 0.41452388906250004 0.76401208125 0.351765353125 0.7451824171875 0.2556635390625 0.71970751875 0.2184808703125 0.7115270125000001 0.149933775 0.696268121875 0.13826801875 0.6759663484375 0.14045341718749998 0.66305278125 0.1623671671875 0.6779841015625 0.2401287140625 0.6707508062499999 0.2587052078125 0.675441453125 0.3258642203125 0.6918764625 0.4182152828125 0.7326664984375 0.5650260578124999 0.7484394515624999 0.661777596875 0.7313739671875 0.6867037390624999 0.7613815734375 0.696831965625 0.782710325 0.6922984 0.7959980515625 0.6750973421875 0.7868772500000001 0.6472177609374999 0.790620684375 0.627253184375 0.773752525 0.5328643140625 0.775967603125 0.5132245984375 0.7636105140625 0.4626042734375
19 0.0869424125 0.6985516640625 0.0773391296875 0.6984630296875001 0.0751733828125 0.6882739921875001 0.0959576359375 0.658297646875 0.10512777031250001 0.6563484749999999 0.1083393921875 0.694003596875 0.099348834375 0.7193432375000001 0.10390923437499999 0.7332830265625 0.08485757968749999 0.771410603125 0.094003046875 0.78437580625 0.127806446875 0.8006193109374999 0.2083268140625 0.8111925687499999 0.3877818140625 0.7836976140624999 0.41575002968749997 0.764973528125 0.4479688265625 0.6835795421874999 0.463481290625 0.6738926375000001 0.45369843125 0.6504135343749999 0.46946446875000003 0.61937396875 0.45122286406249995 0.56361480625 0.42088465937499997 0.5636737609375 0.40126269375 0.418753203125 0.40026615000000004 0.361458365625 0.26819017500000003 0.37888259999999996 0.260499065625 0.4103356625 0.26391492968749997 0.4564668765625 0.2579810828125 0.48115679218749996 0.2629746328125 0.49713439218750005 0.25069845625 0.5295620390625 0.257709759375 0.6452149359375 0.2507300390625 0.64243876875 0.2174337859375 0.5834899421874999 0.1980229765625 0.5748365796875 0.063323440625 0.5949483437499999 0.0375456359375 0.608947090625 0.016557140625 0.6304473421875 0.0455781484375 0.7669804453125 0.0695740234375 0.7746592234375 0.08488224531250001 0.756496225 0.0951969171875 0.7223556296875 0.0869424125 0.6985516640625
21 0.3913395875 1 0.3584202984375 0.8860492609374999 0.36784400625 0.862747428125 0.3654740171875 0.8440822984375 0.0620919671875 0.84467185625 0.095107984375 1 0.3090573890625 1 0.32245806718750003 0.9874078234375 0.3262511515625 1 0.3913395875 1
5 0.4788517828125 0.45311192812499995 0.4670334203125 0.4726630078125 0.4806899578125 0.5293967562499999 0.5083306046875 0.5767684609375 0.535347553125 0.5723570046875001 0.5516245328125 0.568897225 0.5542306046875 0.5371938484375 0.5695634921875 0.504116475 0.5624041953125001 0.4779498390625 0.5362672390625 0.44516764843749995 0.49742095781250006 0.4427752984375 0.4788517828125 0.45311192812499995
9 0.49386115625000004 0.384694128125 0.48542047187500004 0.38648825000000003 0.49181949375 0.4314529046875 0.5024933171875 0.44409324687499996 0.5625261765625 0.437190028125 0.567862678125 0.43605572031250006 0.553460865625 0.3757531015625 0.49386115625000004 0.384694128125
21 0.4733757515625 0.46492527499999997 0.472076303125 0.458811853125 0.41007577968750003 0.46773071875000005 0.4106885046875 0.49315899375 0.41962973124999997 0.49764810625000006 0.4588290578125 0.49277708281250004 0.46804695 0.4908177578125 0.4733757515625 0.46492527499999997
5 0.46563320625 0.42849946718750004 0.445331434375 0.43068486562499997 0.4359323921875 0.439072321875 0.4319600515625 0.46547518437499996 0.470602090625 0.45939144218749994 0.47913483437500004 0.4469283703125 0.46563320625 0.42849946718750004
5 0.2605210234375 0.46304543281250005 0.2413144578125 0.46286816249999996 0.2347432203125 0.47704417968749996 0.24784416875 0.5312336765625 0.2482913546875 0.5311386234375 0.2674514125 0.4956503546875 0.2605210234375 0.46304543281250005
5 0.41813566562500004 0.5432255515625 0.44312813906250004 0.550426259375 0.445261475 0.5499728046875 0.48209769375 0.5360196312500001 0.468416490625 0.494200259375 0.4446248578125 0.494997575 0.45198839687500003 0.529640303125 0.4179314234375 0.534749459375 0.41813566562500004 0.5432255515625
5 0.7726106953125 0.49743159062500003 0.7780373953125 0.515446996875 0.7944408234375 0.49492132968749997 0.797980015625 0.46648066093749996 0.789799509375 0.3979335640625 0.78172458125 0.39752006562500003 0.7753575859375 0.4201721765625 0.7807349546875 0.468016334375 0.7726106953125 0.49743159062500003
21 0.661099690625 0.551484721875 0.6537114859375001 0.5317563703125 0.651823978125 0.48530029687500004 0.692681096875 0.45957683749999995 0.698386034375 0.4413252046875 0.662825371875 0.4318448484375 0.6427278421875 0.4425063390625 0.54776555 0.45417169062499996 0.56452813125 0.4804269625 0.6116782484375001 0.47679452343750006 0.639906953125 0.5645088828125 0.6504327828124999 0.666635484375 0.653248253125 0.6798812328125 0.6585974984375 0.678744215625 0.6635259265625 0.668112203125 0.659652246875 0.6348575578125 0.66487470625 0.6443968718749999 0.6738405984375 0.6339716078125 0.6549616015625 0.567698546875 0.661099690625 0.551484721875
5 0.5633246375 0.4822801796875 0.5717833828125001 0.5145602390625 0.557799275 0.5239222812500001 0.5603981703125 0.5361491265625 0.6020969218750001 0.529415659375 0.614119525 0.518340671875 0.6084639187499999 0.50676355 0.6096084562499999 0.474572128125 0.5674765546875 0.4792677875 0.5633246375 0.4822801796875
2 0.6196400765625001 0.44661509062500004 0.6324114437499999 0.44469915625 0.6553367734375 0.439826228125 0.6615677343749999 0.4334433390625 0.6567784265625 0.425941834375 0.6421569265625 0.4247899765625 0.608099953125 0.429899134375 0.6037191281250001 0.4393498109375 0.6196400765625001 0.44661509062500004