5 0.9775390625 0.5026041671875 0.9716796875 0.5208333328125 0.8935546875 0.53125 0.8818359375 0.53125 0.8740234375 0.5182291671875 0.837890625 0.5169270828125 0.7939453125 0.8255208328125001 0.7314453125 0.8020833328125001 0.583984375 0.8606770828125001 0.58203125 0.88671875 0.591796875 0.8971354171874999 0.5888671875 0.9973958328125001 0.6201171875 0.9973958328125001 0.6259765625 0.9505208328125001 0.646484375 0.9622395828125001 0.6484375 0.9934895828125001 0.6533203125 0.9973958328125001 0.6669921875 0.9973958328125001 0.6748046875 0.9791666671874999 0.7060546875 0.9973958328125001 0.8388671875 0.9973958328125001 0.8916015625 0.9635416671874999 0.896484375 0.96484375 0.8974609375 0.9947916671874999 0.953125 0.99609375 0.953125 0.88671875 1 0.5950520828125 0.9990234375 0.5026041671875 0.9775390625 0.5026041671875
21 0.90625 0.8424479171874999 0.9091796875 0.8515625 0.919921875 0.8502604171874999 0.9345703125 0.7161458328125 0.916015625 0.72265625 0.91015625 0.75390625 0.90625 0.8424479171874999
21 0.9423828125 0.5651041671875 0.8759765625 0.578125 0.873046875 0.60546875 0.890625 0.60546875 0.9541015625 0.59375 0.9609375 0.5872395828125 0.962890625 0.5690104171875 0.9423828125 0.5651041671875
21 0.8310546875 0.5416666671875 0.5673828125 0.4947916671875 0.556640625 0.5325520828125 0.5361328125 0.5572916671875 0.5048828125 0.5755208328125 0.4677734375 0.5755208328125 0.4326171875 0.5572916671875 0.41015625 0.5299479171875 0.3974609375 0.4713541671875 0.078125 0.4830729171875 0.08984375 0.4908854171875 0.09375 0.5481770828125 0.1044921875 0.5651041671875 0.5126953125 0.7630208328125 0.505859375 0.9934895828125001 0.546875 0.99609375 0.556640625 0.7721354171875 0.5732421875 0.7604166671875 0.8115234375 0.6927083328125 0.8310546875 0.5416666671875
5 0 0.99609375 0.01953125 0.99609375 0.021484375 0.96484375 0.0283203125 0.9505208328125001 0.0634765625 0.9973958328125001 0.373046875 0.99609375 0.375 0.9596354171874999 0.38671875 0.94921875 0.388671875 0.91796875 0.2548828125 0.8151041671874999 0.1171875 0.8424479171874999 0.103515625 0.6106770828125 0.08984375 0.4934895828125 0.0712890625 0.484375 0.0439453125 0.4869791671875 0.0380859375 0.4973958328125 0.0009765625 0.4817708328125 0 0.5299479171875 0.0439453125 0.5494791671875 0.046875 0.58203125 0 0.55859375 0 0.99609375
3 0.5927734375 0.0625 0.3974609375 0.0026041671875 0.1708984375 0 0.166015625 0.006510417187500001 0.166015625 0.39453125 0.1708984375 0.40625 0.2568359375 0.40625 0.2744140625 0.3984375 0.28125 0.4049479171875 0.2841796875 0.46875 0.4033203125 0.4661458328125 0.4130859375 0.4192708328125 0.4443359375 0.4244791671875 0.4482421875 0.4609375 0.5625 0.4674479171875 0.578125 0.1315104171875 0.5859375 0.08723958281250001 0.59375 0.07942708281250001 0.5927734375 0.0625
5 0.27734375 0.4049479171875 0.1650390625 0.4088541671875 0.1611328125 0.3984375 0.1474609375 0.3984375 0.146484375 0.4700520828125 0.1494140625 0.4765625 0.162109375 0.4752604171875 0.1748046875 0.4609375 0.2763671875 0.4583333328125 0.2783203125 0.46875 0.27734375 0.4049479171875
5 0.32421875 0.7513020828125 0.3212890625 0.7604166671875 0.3115234375 0.7578125 0.27734375 0.7330729171875 0.279296875 0.6809895828125 0.3095703125 0.671875 0.3076171875 0.6640625 0.1533203125 0.5885416671875 0.142578125 0.81640625 0.1591796875 0.8177083328125001 0.1650390625 0.7864583328125 0.2041015625 0.8203125 0.2138671875 0.8203125 0.22265625 0.81640625 0.22265625 0.79296875 0.2294921875 0.7864583328125 0.2529296875 0.78125 0.2587890625 0.7916666671875 0.2705078125 0.7916666671875 0.2783203125 0.7734375 0.2978515625 0.7708333328125 0.322265625 0.7877604171875 0.322265625 0.8346354171874999 0.333984375 0.83984375 0.341796875 0.8346354171874999 0.345703125 0.6861979171875 0.326171875 0.67578125 0.32421875 0.7513020828125
5 0.7626953125 0.4557291671875 0.6845703125 0.4453125 0.6767578125 0.4322916671875 0.66015625 0.4361979171875 0.6572265625 0.5078125 0.79296875 0.5325520828125 0.7998046875 0.4479166671875 0.7822265625 0.4453125 0.7763671875 0.4557291671875 0.7626953125 0.4557291671875
5 0.681640625 0.8111979171874999 0.681640625 0.7799479171875 0.6865234375 0.7734375 0.7490234375 0.7526041671875 0.75390625 0.7565104171875 0.75390625 0.8033854171874999 0.7763671875 0.8125 0.77734375 0.70703125 0.6201171875 0.75 0.615234375 0.75390625 0.640625 0.7669270828125 0.640625 0.8138020828125001 0.5693359375 0.8411458328125001 0.560546875 0.83984375 0.564453125 0.7747395828125 0.5595703125 0.7708333328125 0.5546875 0.83203125 0.55859375 0.8763020828125001 0.5615234375 0.8671875 0.5888671875 0.8515625 0.6728515625 0.8229166671874999 0.681640625 0.8111979171874999
15 0.8115234375 0.5026041671875 0.943359375 0.5221354171875 0.9453125 0.49609375 0.9345703125 0.4739583328125 0.802734375 0.4622395828125 0.8115234375 0.5026041671875
15 0.8017578125 0.4765625 0.798828125 0.4986979171875 0.810546875 0.5013020828125 0.8017578125 0.4765625
8 0.8349609375 0.0338541671875 0.84375 0.0247395828125 0.8427734375 0.0078125 0.7919921875 0.0026041671875 0.7802734375 0.0078125 0.7744140625 0.0234375 0.6923828125 0.0416666671875 0.673828125 0.05859375 0.6640625 0.1497395828125 0.65234375 0.43359375 0.65625 0.45703125 0.67578125 0.06901041718749999 0.6943359375 0.0494791671875 0.7724609375 0.03125 0.8349609375 0.0338541671875
15 0.759765625 0.43359375 0.7666015625 0.4557291671875 0.7978515625 0.4453125 0.8037109375 0.4609375 0.8359375 0.4622395828125 0.8232421875 0.421875 0.8056640625 0.4322916671875 0.7626953125 0.4270833328125 0.759765625 0.43359375
15 0.728515625 0.44921875 0.7060546875 0.421875 0.685546875 0.4309895828125 0.6884765625 0.4453125 0.728515625 0.44921875
15 0.755859375 0.4908854171875 0.7470703125 0.4739583328125 0.697265625 0.4700520828125 0.7060546875 0.4869791671875 0.755859375 0.4908854171875