19 0.4859375 0.5666666671875 0.4734375 0.5645833328125 0.4546875 0.53125 0.396875 0.4916666671875 0.38125 0.5041666671875 0.3796875 0.5208333328125 0.440625 0.6458333328125 0.4828125 0.7104166671875001 0.5265625 0.7520833328125 0.559375 0.75625 0.5625 0.74375 0.55 0.7229166671875 0.5546875 0.69375 0.59375 0.6708333328125 0.64375 0.66875 0.65625 0.6604166671875 0.6625 0.6125 0.68125 0.55625 0.690625 0.40416666718750005 0.7015625 0.3625 0.696875 0.3541666671875 0.68125 0.35208333281250004 0.5390625 0.3458333328125 0.5265625 0.3541666671875 0.5109375 0.47083333281249995 0.4859375 0.5666666671875
19 0.4703125 0.5229166671875001 0.4703125 0.5375 0.4734375 0.54375 0.4921875 0.54375 0.5 0.5041666671875 0.5140625 0.475 0.5171875 0.4270833328125 0.4296875 0.42083333281249996 0.484375 0.45416666718750004 0.4796875 0.5083333328124999 0.4703125 0.5229166671875001
19 0.0703125 0.44166666718750003 0.084375 0.5354166671875 0.0609375 0.5395833328124999 0.0515625 0.5291666671875 0.0421875 0.4770833328125 0.0265625 0.45416666718750004 0.0015625 0.4604166671875 0 0.6520833328125 0.0140625 0.6645833328124999 0.1734375 0.6520833328125 0.2609375 0.6541666671875 0.275 0.575 0.2671875 0.5604166671875 0.3609375 0.55625 0.38125 0.54375 0.3796875 0.4916666671875 0.359375 0.4479166671875 0.3640625 0.43958333281249995 0.3828125 0.44166666718750003 0.3828125 0.425 0.3765625 0.42083333281249996 0.234375 0.4166666671875 0.2296875 0.43958333281249995 0.2375 0.5166666671875 0.15625 0.5229166671875001 0.140625 0.51875 0.15 0.45 0.1390625 0.4125 0.0421875 0.41041666718750003 0.0390625 0.4166666671875 0.046875 0.4291666671875 0.0703125 0.44166666718750003
21 0.2765625 0.6729166671875 0.2890625 0.6479166671875001 0.2953125 0.6479166671875001 0.3015625 0.65625 0.3015625 0.725 0.31875 0.7354166671875 0.353125 0.6375 0.421875 0.6333333328124999 0.4265625 0.6208333328125 0.4109375 0.5875 0.38125 0.5541666671875001 0.309375 0.5541666671875001 0.26875 0.5583333328125 0.2625 0.6729166671875 0.2765625 0.6729166671875
15 0.0390625 0.48125 0.0484375 0.5333333328125 0.0609375 0.5416666671875 0.0875 0.5375 0.075 0.4375 0.01875 0.39791666718749996 0.015625 0.43125 0.021875 0.45625 0.0390625 0.48125
15 0.4140625 0.45416666718750004 0.4296875 0.45 0.4265625 0.475 0.4140625 0.4916666671875 0.415625 0.5020833328125 0.4453125 0.5291666671875 0.4640625 0.525 0.478125 0.5104166671875 0.484375 0.45208333281249996 0.38125 0.40208333281249997 0.3890625 0.45416666718750004 0.4015625 0.43333333281249997 0.4140625 0.45416666718750004
15 0.1484375 0.46875 0.1375 0.5208333328125 0.2421875 0.5208333328125 0.2453125 0.5020833328125 0.234375 0.47291666718750003 0.234375 0.39791666718749996 0.2296875 0.3958333328125 0.1984375 0.4145833328125 0.1375 0.40416666718750005 0.1484375 0.46875
5 1 0.5416666671875 0.946875 0.525 0.9265625 0.5333333328125 0.9140625 0.5541666671875001 0.903125 0.5854166671875001 0.896875 0.6270833328125 0.9 0.64375 1 0.6375 1 0.5416666671875
5 0.659375 0.6041666671875 0.653125 0.6645833328124999 0.80625 0.65 0.803125 0.59375 0.778125 0.5520833328125 0.7484375 0.5354166671875 0.7078125 0.5333333328125 0.6875 0.54375 0.6734375 0.5625 0.659375 0.6041666671875
5 0.475 1 0.4671875 0.9291666671875 0.434375 0.8270833328125 0.3953125 0.75625 0.359375 0.7104166671875001 0.3328125 0.6895833328125 0.325 0.7083333328125 0.3234375 0.7895833328124999 0.3328125 1 0.475 1
21 1 0.6375 0.98125 0.6375 0.6015625 0.6708333328125 0.559375 0.6875 0.55 0.70625 0.55 0.7270833328124999 0.5671875 0.75 0.6046875 0.7729166671875001 0.6078125 0.7833333328125 0.6328125 0.79375 0.7234375 0.8604166671875 0.7609375 1 0.8296875 1 0.8078125 0.9291666671875 0.8078125 0.9229166671875 0.815625 0.9229166671875 0.878125 0.9541666671875 0.8453125 1 1 1 1 0.78125 0.9859375 0.8020833328125001 0.9265625 0.8041666671875 0.8765625 0.7895833328124999 0.859375 0.7625 0.8640625 0.7458333328125 0.88125 0.7375 0.875 0.71875 0.9328125 0.7333333328125 0.9734375 0.7604166671875 0.9625 0.75 0.9671875 0.7395833328125 1 0.7291666671875 1 0.6375
2 1 0.725 0.959375 0.7395833328125 0.884375 0.71875 0.8515625 0.7520833328125 0.84375 0.7875 0.8515625 0.8041666671875 0.884375 0.8458333328125001 0.9234375 0.83125 0.971875 0.8375 0.9796875 0.8479166671874999 0.98125 0.86875 0.9890625 0.875 1 0.8541666671874999 1 0.725
11 1 0.23541666718749998 0.9609375 0.23541666718749998 0.946875 0.23958333281250002 0.9421875 0.2541666671875 0.9203125 0.4583333328125 0.93125 0.47083333281249995 1 0.4770833328125 1 0.23541666718749998