19 0.503125 0.5291666671875 0.4921875 0.5604166671875 0.478125 0.5645833328125 0.465625 0.5583333328125 0.4453125 0.5270833328125 0.3953125 0.4895833328125 0.375 0.5041666671875 0.3765625 0.5229166671875001 0.3875 0.5541666671875001 0.490625 0.7125 0.5578125 0.7625 0.5703125 0.76875 0.5875 0.7645833328125 0.6078125 0.7875 0.6125 0.775 0.609375 0.7583333328124999 0.6265625 0.7354166671875 0.625 0.7041666671875 0.640625 0.6875 0.68125 0.6708333328125 0.6890625 0.6583333328125 0.6984375 0.6125 0.6984375 0.5895833328125 0.6921875 0.5770833328125 0.696875 0.41875 0.7109375 0.36666666718749996 0.671875 0.35208333281250004 0.5453125 0.35 0.534375 0.39791666718749996 0.5109375 0.45208333281249996 0.503125 0.5291666671875
11 1 0.2375 0.96875 0.23541666718749998 0.9328125 0.2375 0.9203125 0.2541666671875 0.9015625 0.4583333328125 0.909375 0.46666666718750005 1 0.4770833328125 1 0.2375
21 1 0.6375 0.99375 0.6375 0.65625 0.6791666671875001 0.6296875 0.6958333328124999 0.6265625 0.73125 0.6328125 0.7479166671875 0.6625 0.7583333328124999 0.671875 0.7708333328125 0.7875 0.8333333328125001 0.840625 1 0.915625 1 0.8859375 0.90625 0.9140625 0.9166666671874999 0.9265625 0.9125 1 0.9541666671875 1 0.8041666671875 0.990625 0.7979166671875 0.9890625 0.7791666671875 0.971875 0.7604166671875 0.9953125 0.7583333328124999 0.984375 0.7479166671875 0.990625 0.7395833328125 0.9859375 0.725 1 0.7291666671875 1 0.6375
19 0 0.66875 0.2453125 0.6479166671875001 0.2578125 0.5791666671875 0.2515625 0.5604166671875 0.3484375 0.55625 0.378125 0.5395833328124999 0.3734375 0.5166666671875 0.3546875 0.5125 0.35625 0.47291666718750003 0.3421875 0.4458333328125 0.34375 0.4375 0.3578125 0.43333333281249997 0.35625 0.42083333281249996 0.2140625 0.4166666671875 0.2078125 0.42291666718750004 0.2078125 0.45208333281249996 0.2109375 0.48125 0.2203125 0.5020833328125 0.215625 0.5229166671875001 0.1203125 0.525 0.1125 0.5208333328125 0.121875 0.45625 0.1109375 0.4145833328125 0.015625 0.41041666718750003 0.05 0.44375 0.0625 0.5375 0.034375 0.54375 0.021875 0.5375 0.0125 0.48125 0 0.46666666718750005 0 0.5666666671875 0.0140625 0.575 0.0140625 0.6 0 0.6166666671875001 0 0.66875
15 0 0.46666666718750005 0.015625 0.48333333281249996 0.0234375 0.5375 0.0375 0.5458333328125 0.059375 0.54375 0.0640625 0.51875 0.0484375 0.4375 0 0.40208333281249997 0 0.46666666718750005
15 0.121875 0.45416666718750004 0.1125 0.5229166671875001 0.2203125 0.5229166671875001 0.221875 0.5020833328125 0.2109375 0.4770833328125 0.209375 0.39791666718749996 0.203125 0.3958333328125 0.1703125 0.4145833328125 0.109375 0.40416666718750005 0.121875 0.45416666718750004
15 0.35625 0.47291666718750003 0.3546875 0.5125 0.3765625 0.51875 0.38125 0.54375 0.4296875 0.6041666671875 0.446875 0.64375 0.475 0.6479166671875001 0.5015625 0.66875 0.5046875 0.68125 0.5203125 0.68125 0.5203125 0.6395833328125 0.5125 0.6395833328125 0.5125 0.6333333328124999 0.5203125 0.6208333328125 0.5203125 0.5833333328125 0.5046875 0.5770833328125 0.4859375 0.5854166671875001 0.45 0.5354166671875 0.4578125 0.5083333328124999 0.4609375 0.45208333281249996 0.359375 0.40208333281249997 0.359375 0.43333333281249997 0.3421875 0.43958333281249995 0.35625 0.47291666718750003
19 0.45 0.5333333328125 0.45625 0.5416666671875 0.50625 0.5479166671875 0.5109375 0.48333333281249996 0.5234375 0.4291666671875 0.4015625 0.42083333281249996 0.4578125 0.45416666718750004 0.45 0.5166666671875 0.45 0.5333333328125
5 1 0.5333333328125 0.965625 0.525 0.953125 0.5291666671875 0.9375 0.5604166671875 0.9265625 0.61875 0.928125 0.6458333328125 1 0.6395833328125 1 0.5333333328125
5 0.7015625 0.6208333328125 0.6984375 0.66875 0.75 0.66875 0.8390625 0.6541666671875 0.8421875 0.6208333328125 0.8296875 0.575 0.8015625 0.54375 0.7546875 0.5333333328125 0.7359375 0.5395833328124999 0.715625 0.56875 0.7015625 0.6208333328125
5 0.665625 1 0.6515625 0.9208333328125 0.603125 0.8166666671874999 0.5375 0.7416666671875001 0.4921875 0.7083333328125 0.475 0.7041666671875 0.465625 0.70625 0.4578125 0.7229166671875 0.4515625 0.7708333328125 0.45 0.93125 0.4578125 1 0.665625 1
21 0.2484375 0.6708333328125 0.2515625 0.6791666671875001 0.2625 0.675 0.2734375 0.6479166671875001 0.275 0.6208333328125 0.290625 0.61875 0.296875 0.63125 0.3015625 0.7375 0.321875 0.73125 0.340625 0.64375 0.428125 0.6333333328124999 0.421875 0.6083333328125 0.39375 0.5666666671875 0.365625 0.5708333328124999 0.3625 0.5541666671875001 0.3359375 0.5541666671875001 0.2546875 0.5645833328125 0.2578125 0.5895833328125 0.2484375 0.6708333328125