19 1 0.46919956406249996 0.93540433125 0.45814660937499996 0.883644709375 0.51280429375 0.6892813359375001 0.4895794390625 0.6758538187500001 0.5032183046875 0.6716757421875 0.5642812421875 0.6293110468750001 0.551630040625 0.5260735765625 0.5436118546875 0.479982046875 0.620732384375 0.4650507265625 0.7190440046875 0.4604168125 0.8074643281249999 0.4780601765625 0.8253392906249999 0.5900065171875 0.835117759375 0.5777918359374999 0.9935497859375 0.58082413125 1 0.9744431765625 1 1 0.49530733125 1 0.46919956406249996
5 0.34853311875 0.3654561578125 0.3357023265625 0.293070859375 0.238316203125 0.2853593296875 0.254996334375 0.43357083437500005 0.26170779375 0.4547844921875 0.27844407968749996 0.47130804687500005 0.2277655984375 0.6172933078125 0.2545782671875 0.5535049875 0.2862412765625 0.5277831015625 0.29676430625 0.5322462 0.294536678125 0.5934113562500001 0.30374835 0.5482586609375 0.319535190625 0.5269202203125001 0.3243947875 0.6363088390625 0.3245950765625 0.6363193359375 0.3311909171875 0.5470891250000001 0.340581246875 0.53584641875 0.349379446875 0.554561696875 0.3575007859375 0.530213784375 0.3651662875 0.5332232546875 0.3584548265625 0.5120095984375 0.3605885296875 0.48995562656249997 0.36784515624999997 0.50076689375 0.3899815453125 0.48888831093749996 0.4044054703125 0.493555846875 0.3965143484375 0.47619197656249995 0.374833796875 0.460713175 0.37823648906249996 0.45176440937500006 0.40722063124999996 0.4584988859375 0.4109382734375 0.48085951250000003 0.406219628125 0.4962586625 0.41556299374999994 0.5045715484375 0.42014534843750007 0.4917729984375 0.4138427625 0.4627575484375 0.43198769531250003 0.45426846249999997 0.4334637328125 0.42610398906249997 0.43298992968750005 0.3959597546875 0.3603251375 0.3830244640625 0.350478971875 0.42162455468750004 0.34853311875 0.3654561578125
5 0.3641161625 0.312553375 0.3605111984375 0.362824225 0.395611765625 0.36466376875 0.3976356953125 0.3260448921875 0.3848896359375 0.32668076875 0.383484353125 0.3161761609375 0.3641161625 0.312553375
5 0.48115910937499995 0.482583825 0.501796290625 0.49931181718750006 0.4829217078125 0.5609084140625 0.49594035 0.555071340625 0.49916280156250004 0.584446915625 0.49956116406250006 0.58446779375 0.520572353125 0.532892584375 0.5299157203125 0.541205471875 0.5503742453125 0.5240234734375 0.5552715484374999 0.5425343140625001 0.57477603125 0.5435565 0.578723890625 0.5242053453125 0.5836681578125 0.52316059375 0.5953238843750001 0.5433294984375 0.5898390484375 0.4987104609375 0.608577340625 0.4397144625 0.625225809375 0.3496885890625 0.6262947249999999 0.329292471875 0.6253697796875 0.324550065625 0.515237596875 0.3174744125 0.4917291 0.4674913328125 0.48115910937499995 0.482583825
9 0.45246889218749997 0.32096497031250004 0.45455563281250005 0.318466590625 0.451834396875 0.314412365625 0.430379465625 0.3132879609375 0.428565309375 0.31058514531250003 0.396314765625 0.3101988359375 0.39345264375 0.3648113875 0.396173878125 0.3688656125 0.4351828453125 0.3709099859375 0.4366341703125 0.3730722390625 0.44287561093749994 0.3733993390625 0.45169350937499997 0.37307914375 0.4519021828125 0.37282930468750003 0.4521475078125 0.3681482296875 0.45196609218750006 0.3678779484375 0.4529201328125 0.3496737640625 0.4511059765625 0.3469709484375 0.45246889218749997 0.32096497031250004
21 0.3461018734375 0.365198353125 0.3481416515625 0.382255565625 0.41613475937500005 0.3910344140625 0.42407284375 0.3888426921875 0.442885278125 0.393740221875 0.5009111140625 0.39678122656250003 0.5027534484375 0.3877506859375 0.5029987734375 0.38306961093749997 0.5008217859374999 0.37982623125 0.413187903125 0.37262579375 0.358984225 0.36196187812499997 0.3461018734375 0.365198353125
2 0.49581968437499996 0.367046928125 0.4937329453125 0.3695453078125 0.48788159999999997 0.369238653125 0.48606744375 0.3665358359375 0.48085059374999994 0.372781784375 0.48140894999999995 0.3785480734375 0.503175953125 0.379688834375 0.5036229890625 0.371158875 0.4995842890625 0.3698519640625 0.4977701328125 0.367149146875 0.49581968437499996 0.367046928125
21 0.2290707375 0.355414175 0.22802736875 0.3566633640625 0.22789107656250002 0.3592639625 0.23242646875 0.366021003125 0.2343769171875 0.366123221875 0.23619107343749998 0.3688260375 0.2478937640625 0.36943935 0.24872845937500002 0.36844 0.248892009375 0.36531928125 0.24725926875 0.3628867453125 0.24753185156250002 0.35768555156250004 0.24286016875 0.3535291078125 0.2409097203125 0.35342688906249997 0.23882297968750002 0.35592526874999997 0.2370088234375 0.3532224515625 0.2349220828125 0.35572083125 0.2290707375 0.355414175
21 0.2603105265625 0.45718861562499996 0.25962906874999997 0.47019160624999995 0.257542328125 0.472689984375 0.2567245796875 0.4882935703125 0.25463783906250004 0.49079195000000003 0.2532749234375 0.516797928125 0.251188184375 0.51929630625 0.25077930937500004 0.5270981 0.251142140625 0.5276386640624999 0.2546529453125 0.5278226578125 0.2566306546875 0.5274047546875 0.2569032375 0.5222035609375 0.2612130078125 0.5146062046875 0.2614855921875 0.509405009375 0.2657953625 0.501807653125 0.2662042375 0.4940058609375 0.26829097812499997 0.49150748125000004 0.2685635609375 0.48630628593749997 0.2691895828125 0.48555677187499996 0.27033443125 0.46371175156250005 0.26706894999999997 0.45884668125 0.2651185015625 0.4587444625 0.26330434375 0.45604164531249997 0.2603105265625 0.45718861562499996
21 0.612700540625 0.43940900312500003 0.6145146968749999 0.4421118203125 0.61233403125 0.4837213828125 0.6141481890625 0.4864242 0.6132365140625 0.5411389703125 0.6158214578125001 0.54779379375 0.62661706875 0.547055696875 0.6309360328125 0.4273259828125 0.629394459375 0.41942197031250006 0.63252456875 0.41567440156249996 0.6637317421875 0.41730989999999996 0.668948590625 0.41106395156250003 0.669357465625 0.403262159375 0.6646857828125 0.399105715625 0.6180113140625 0.3940518703125 0.6148812046875001 0.3977994375 0.612700540625 0.43940900312500003
11 0.0623687390625 0.345504209375 0.0747055234375 0.13622764375000002 0.079441034375 0.04586869375 0.06987856249999999 0.0342727953125 0.026108582812499996 0.011116982812499999 0.007892478125000001 0.3400414890625 0.0623687390625 0.345504209375
3 0.0060675921875 0.6342293640625 0.010590553125 0.65428523125 0.0127826859375 0.654400115625 0.123188415625 0.6012513 0.131455696875 0.4565638109375 0.13470701875 0.39452489062499996 0.005634734375 0.3812558515625 0.001000821875 0.46967617656250005 0.016331825 0.47569512031250005 0.0060675921875 0.6342293640625