3 0.211729675 0 0.2133995703125 0.0135294484375 0.20484961875000002 0.12162654531249999 0.168542709375 0.4173225859375 0.1734766515625 0.42842329218749997 0.22338533906250002 0.445046203125 0.2108620515625 0.508576878125 0.237761834375 0.520275671875 0.2453171796875 0.5484900765625 0.2755725625 0.5585019078125 0.5730825140625 0.5971305140625 0.579258440625 0.58529495 0.5781054296875 0.530579928125 0.631135371875 0.201254578125 0.6498071000000001 0.11329109062500001 0.6680535 0.067254953125 0.5891863859375001 0.0428784390625 0.3926488609375 0 0.211729675 0
4 1 0.0578997390625 0.8385056875 0.03807073125 0.8005784953124999 0.06489853906250001 0.7786611125 0.20493798281250003 0.8908154578125 0.22841658125 0.9026672437500001 0.2298717984375 1 0.2140464609375 1 0.0578997390625
4 0.96090155 0.707980440625 0.8502281999999999 0.673401675 0.8561502328125 0.6636339140625 0.8765652203125001 0.66404158125 0.8926090296875 0.674407428125 0.96239743125 0.6829763671875 0.969362528125 0.6775346359375 0.9713936828125 0.6609922 0.8487663218750001 0.5955599625 0.8581604171875 0.519051196875 0.7286504171875 0.49685243124999995 0.690119946875 0.7209101734375001 0.7069804125 0.7502671046875 0.70497674375 0.7794067874999999 0.7434941828125 0.7862351140625 0.8170569999999999 0.8666327703125001 0.8581683578125 0.877977546875 0.8582233296874999 0.9031720421875 0.9180548749999999 0.967190859375 0.9424328031250001 0.9777928906250001 0.9450498671875 0.9781142265625 0.9738986265625 0.7431599421875 0.9704880515625 0.719652409375 0.96090155 0.707980440625
11 1 0.289440434375 0.89979259375 0.295374296875 0.8459185093749999 0.5931113156250001 0.9687997656249999 0.65647575 0.9678116734375 0.677344215625 0.9592957234374999 0.682595525 0.8548532734375 0.6613756890625 0.8502281999999999 0.673401675 0.9621985093750001 0.710238665625 0.9736061234375001 0.742336909375 0.97398855 0.742383865625 1 0.5178944359375001 1 0.289440434375
9 0.1799656953125 0.42685869531250004 0.13938309843750002 0.539418590625 0.0920958140625 0.5399093781250001 0.050476667187500004 0.5327002125 0.047148553125 0.546984421875 0.067872409375 0.57051878125 0.11139496093750001 0.5766497953124999 0.18429407343749998 0.5856006812500001 0.20880765937499998 0.49966634374999996 0.22730795312500002 0.45156240312499996 0.2218662234375 0.44459730625000005 0.1799656953125 0.42685869531250004
21 0 0.755291146875 0.013497051562500001 0.7569483765625 0.017360440625 0.7511258046875 0.013977353125 0.74021551875 0.0203522015625 0.7011176531250001 0.05523265937500001 0.6991034984375 0.2005050859375 0.72113866875 0.18755646875 0.826596696875 0.19546861875 0.8624637093749999 0.2004087078125 0.8630702765624999 0.2125140703125 0.7771866359375 0.2313782046875 0.7774038812499999 0.2282490125 0.764425790625 0.2374166984375 0.7025820765625 0.253433021875 0.700350678125 0.2784521125 0.5606920765625001 0.2730103828125 0.5537269796875 0.1972724609375 0.5423285546875001 0.1823816640625 0.5866777265625001 0.143383921875 0.5965822578125 0.1426222375 0.602785671875 0.1576229828125 0.6088254890625 0.1403097015625 0.6087986640625 0.13182123750000002 0.6266472203125 0.108078134375 0.640523765625 0.0724085078125 0.6361440859374999 0.0157886171875 0.6228951015625 0.019624520312499998 0.6044752812499999 0.03276554375 0.5871979875 0.053180531249999996 0.5876056546874999 0.0660676609375 0.5723961640625 0.047148553125 0.546984421875 0.0486719203125 0.5345775953125 0.1249176296875 0.5418404125 0.14299259375 0.535663825 0.0209829671875 0.51648496875 0 0.5277442328124999 0 0.6989284734375001 0.00484366875 0.6992134453125 0 0.7261879046875 0 0.755291146875
2 0.158384665625 0.602622075 0.146231734375 0.5990309046875 0.1485442703125 0.5930179125 0.15500157812499998 0.591711790625 0.1555093671875 0.5875761828125 0.1511107015625 0.5849371140625 0.067872409375 0.57051878125 0.051629678125 0.5874152328125 0.0376719984375 0.5857014453125 0.0216831625 0.6005300921875001 0.0160425109375 0.620827296875 0.018636428125 0.6253437468749999 0.0801276171875 0.6357800124999999 0.1100542234375 0.6394545375 0.133372090625 0.6268376421874999 0.13825105937499998 0.612743853125 0.1589199421875 0.6110837140625 0.158384665625 0.602622075
19 0 0.9423626328125 0.18937048125 0.9656144031249999 0.19944700625 0.8579671187500001 0.1853793796875 0.8058643406250001 0.1488106359375 0.7447018375 0.107136515625 0.7122981734375 0.0551691859375 0.6996204515625 0.041238992187500004 0.7105039109375 0.0172969671875 0.7516427546875 0 0.773196525 0 0.9423626328125
19 0.94236263125 1 0.94324086875 0.9928473328124999 0.938053034375 0.9838144328125 0.7598553609375001 0.7940162046875 0.7365650734375 0.7785626437500001 0.707098859375 0.7749446484375 0.647459721875 0.7991065640625 0.6023410265625 0.8460411546875 0.565820740625 0.9255161812500001 0.5524979796875 1 0.94236263125 1
19 0 0.5297584546875 0.01753215625 0.51894735625 0.143151278125 0.5343714453125 0.1539247921875 0.49791264843749994 0.10300052500000001 0.48956095624999996 0.11445326250000001 0.40910700312500003 0.11081628125000001 0.40026452187499995 0.049036040625 0.3905798828125 0.028559564062499997 0.48042075625 0 0.4828634796875 0 0.5297584546875
15 0 0.484260509375 0.026469021875 0.48751049531249996 0.031946901562500005 0.47847531875 0.0621263421875 0.3352523703125 0.0468717015625 0.3312803578125 0.0166438046875 0.333865775 0 0.46941869531249997 0 0.484260509375
19 0.2406752515625 0.5468706296875 0.2398522125 0.5160720078125001 0.209342934375 0.50812798125 0.196022078125 0.541387909375 0.2406752515625 0.5468706296875