19 0.1697212578125 0.694688921875 0.17894408281250002 0.6932281703125 0.190726946875 0.684803334375 0.1906034734375 0.684023759375 0.0052895453124999995 0.5714992046875 0.0162649125 0.5908539015625001 0.11292845781250001 0.6955104703125 0.1697212578125 0.694688921875
19 0.519374434375 1 0.530465890625 0.9982432859375001 0.666343784375 0.9759313531249999 0.65836395 0.8506370953125 0.6524149703125001 0.8318046109375 0.4880119609375 0.80511093125 0.3379042765625 0.750314140625 0.3355636640625 0.75068485625 0.3268979828125 0.7554849828125 0.30909285937500003 0.8927730609375001 0.42562450937499996 1 0.519374434375 1
15 0.1821925640625 0.695218459375 0.11538174062499999 0.6978903703125 0.1820786859375 0.775653646875 0.3054971578125 0.8867509953124999 0.3068009140625 0.8865445 0.3321008390625 0.7184170625 0.32820883749999996 0.6938439328125 0.324590928125 0.676619715625 0.30636054218750003 0.6676423 0.28473329375 0.6684310906250001 0.1821925640625 0.695218459375
15 1 0.783443784375 0.69193489375 0.75752026875 0.68810596875 0.7581267109375001 0.673213715625 0.76523134375 0.658757590625 0.7925689328125001 0.6566367859375 0.8166344875 0.6710338390625 0.9759795109375 0.8311127781250001 0.950625496875 1 0.9233198843749999 1 0.783443784375
5 0.878866275 0.45119914687499996 0.7182375249999999 0.4608204734375 0.7091912375 0.44116024062500003 0.691829528125 0.443910065625 0.6892474296875 0.458820484375 0.7307164375 0.758101278125 0.7573700734375 0.7578346984375 0.75563271875 0.7343802171875 0.7600600015625 0.7560903421875 0.7678302296874999 0.761451228125 0.9800969187499999 0.775158959375 0.98647186875 0.774149265625 0.9551607499999999 0.4272504640625 0.9323652703124999 0.42690597031250005 0.9275006250000001 0.44613284999999997 0.878866275 0.45119914687499996
21 0.7330278640625 0.5591971 0.7389768421875 0.5780295843750001 0.93048103125 0.5741964109375 0.938679615625 0.5728978828125 0.9380074359374999 0.568653909375 0.9338138 0.5471704421875 0.7422119625 0.548514284375 0.7330278640625 0.5591971
21 0.72469093125 0.4940745171875 0.72871083125 0.5132125375000001 0.7689219328125 0.517390234375 0.9307559 0.506127875 0.93223095625 0.50589425 0.9305032546875 0.48257007031250004 0.9250694859375 0.479475753125 0.74819334375 0.4863971578125 0.72469093125 0.4940745171875
21 1 0.4606491453125 0.9969199 0.44120215937499996 0.9606208703125001 0.4429964203125 0.9754722750000001 0.605433434375 1 0.6056313531249999 1 0.4606491453125
21 0.46849488125 0.5470441375 0.48357404531250003 0.5486107734375001 0.5141515828125 0.7916107921875 0.5216222593750001 0.807565634375 0.530887228125 0.806757365625 0.54006964375 0.8053030140624999 0.515385828125 0.6121246078125 0.5253846890625 0.606586003125 0.7058194359375001 0.60964748125 0.6979078734375 0.5209915359374999 0.693888378125 0.4956134328125 0.685642090625 0.4572822109375 0.5999478609375 0.4655815875 0.462953284375 0.5307837578125 0.46849488125 0.5470441375
5 0.4811368546875 0.6755549281250001 0.4887093078125 0.79827708125 0.5027960734375 0.8001327296875 0.5068582703125 0.799489340625 0.50450145625 0.6982206171875001 0.4849471484375 0.5747595734375001 0.47935163750000004 0.5519161640625 0.464218559375 0.5437664984375 0.46218165312500004 0.530905971875 0.4706049015625 0.5216619765625 0.470850540625 0.5044849890624999 0.5004936578125 0.491880096875 0.5102468796874999 0.503518478125 0.5184432359375 0.49658750781250005 0.514449415625 0.4713715265625 0.5029979109375 0.420294509375 0.48919480625 0.43302721875000005 0.431675909375 0.43818237499999996 0.4811368546875 0.6755549281250001
5 0.5252971890625 0.6572231171875 0.5447136875 0.8110272078125 0.5559346921875 0.813204915625 0.5562342453125 0.8026109609375001 0.58791426875 0.8028665937499999 0.5857395515625 0.8203491156249999 0.5973679375 0.82509893125 0.6257889109375 0.8047777234375 0.6356499609374999 0.8295821671875 0.6375029484375 0.8294205124999999 0.653996578125 0.8268081781250001 0.6513282296875 0.809960890625 0.6581219546875 0.790428475 0.6483687312499999 0.77879009375 0.6421501828125 0.72704245625 0.6574210703125 0.7048490765625 0.6656226125 0.7628742078124999 0.68369125625 0.7521025328125 0.6746210375 0.682350159375 0.6779436296875 0.644647459375 0.677519953125 0.6419724703125 0.6622617843749999 0.63553005625 0.5571689375 0.6337187328125 0.545594465625 0.6355519484375 0.5252971890625 0.6572231171875
7 0.43338812187500003 0.430264965625 0.4569983625 0.43575366718749997 0.4859345453125 0.43117062656250005 0.4881631765625 0.42027113437499997 0.5059322671875 0.4200934140625 0.5187827984375 0.43255954531249996 0.5118812453125 0.4389258984375 0.52269845625 0.49482294062500004 0.5350962984375001 0.49285931562499996 0.559317384375 0.476235428125 0.5170053984375 0.127933871875 0.512763459375 0.10115131562499999 0.4693279046875 0.10158574218750001 0.39917413281249997 0.120606890625 0.39273387656250003 0.13612838124999999 0.43338812187500003 0.430264965625
4 0.47397933593749997 0 0.3855616109375 0.022175546875 0.377899209375 0.029980720312499997 0.3877841921875 0.10487730312500002 0.3948474859375 0.11826004062499999 0.5132821421875 0.0981835203125 0.5337051265625 0.233371803125 0.660263478125 0.2146452453125 0.6788112984375 0.35672209375 0.6839515109375001 0.361708546875 0.6955259890625001 0.3598753296875 0.7027750078125 0.358199871875 0.70774748125 0.352139053125 0.6908831 0.22693365468749999 0.9549837328124999 0.1864158265625 0.9254583656250001 0 0.47397933593749997 0
10 0.5482677890625001 0.3652696671875 0.5514220109375 0.3683295359375 0.5638848921874999 0.36648743906250003 0.6759101015625 0.3487443890625 0.6621558796875 0.2353330765625 0.6592164656249999 0.21677434999999998 0.534096334375 0.233969 0.5318137875 0.2382854625 0.5350278921875 0.281676253125 0.5482677890625001 0.3652696671875
13 0.576654528125 0.4752033015625 0.602281928125 0.4628389421875 0.6821889203125 0.45545617343749994 0.6844714671875 0.45113971093750005 0.6743108624999999 0.436929225 0.6691227328125 0.416657921875 0.670590515625 0.40719724843750005 0.680235909375 0.40566956875000004 0.683431475 0.3996265234375 0.676245265625 0.3542545890625 0.6716808999999999 0.35165536249999996 0.56967218125 0.3655708234375 0.5514423796875 0.368458140625 0.5493880875 0.37234295624999997 0.5508258890625 0.4063913921875 0.562089984375 0.47751009843750003 0.576654528125 0.4752033015625
18 0.7710619890625 0.36359953749999996 0.7830977578125 0.3709214578125 0.944976828125 0.353587709375 0.966196684375 0.3502268140625 0.98143940625 0.34346216875 0.9022932609375 0.349406115625 0.896398196875 0.3371566640625 0.886752803125 0.33868434375 0.8744282999999999 0.28566266093750003 0.874378484375 0.2856705515625 0.8793899546875 0.3358955625 0.8689837125000001 0.3388620625 0.868684159375 0.3494560203125 0.7710619890625 0.36359953749999996
16 0 0.3926837296875 0.1371998890625 0.3768114234375 0.1370026046875 0.3755658125 0.13232968437499998 0.37103267500000003 0 0.381999096875 0 0.3926837296875
16 0 0.493765475 0.040026157812500004 0.4874259546875 0.0704241625 0.48208405625 0.1406318484375 0.46964593906249996 0.149176984375 0.46242003125000003 0.1490515015625 0.46162776718750004 0.0340173046875 0.47071225625 0 0.4813902203125 0 0.493765475
16 0 0.298593484375 0.01229790625 0.299871165625 0.109724765625 0.292877475 0.11960440624999999 0.29131269375 0.12300226249999999 0.28717113437499997 0.12283702031249999 0.28612783125 0 0.282029021875 0 0.298593484375
16 0.039426640624999995 0.5856034671875 0.0557595125 0.5830165953125 0.06609505624999999 0.58085228125 0.16168031875 0.5538482375 0.162930428125 0.5492558578125 0.1625592578125 0.546912384375 0.118725375 0.5448318640625 0.028000481249999997 0.5763040203124999 0.028039271875 0.5765489374999999 0.039426640624999995 0.5856034671875
16 0 0.204251034375 0.0574691109375 0.2109812828125 0.107600996875 0.20304117187499998 0.11269272968749999 0.20210288906249999 0.10258604062500001 0.19447543437499998 0 0.1812300796875 0 0.204251034375