4 1 0.524729359375 0.7895476609375 0.528780025 0.4232903125 0.5733711390625 0.41797196875 0.5842928890625 0.43734775 0.8774698078125001 0.21354075 0.9367849171874999 0.2066658515625 0.94784285 0.21076444843750003 0.976762346875 0.22844749687500002 0.9801820984375 0.2459587265625 0.9786500640625 0.294818375 0.96940858125 0.51496754375 0.904139615625 0.49699167187500004 0.6986744593750001 0.5149440249999999 0.6887386656250001 0.54332515 0.690438221875 0.5614327343750001 0.7181320921875 0.5676589515625 0.7175873687500001 0.593394075 0.706970671875 0.7711267890625 0.6767820359375001 0.78165951875 0.6716779578125001 0.7855252687500001 0.6441529609375001 0.8246206984375 0.6428238453125 0.8350494703125 0.65445919375 0.8497570015625 0.8225670515625 0.9421384234374999 0.8207585984374999 1 0.8306245234375 1 0.524729359375
13 0.21382322656250002 0.6173154546874999 0.191745934375 0.63388600625 0.19439193593749998 0.6462022593750001 0.18614205625 0.659471778125 0.196958909375 0.7651812828125 0.207465296875 0.7956314640625 0.22012423593750002 0.8865407671875 0.23265428593749998 0.9042661515624999 0.3050860359375 0.8895640296874999 0.3118569765625 0.8952455234375 0.26899975625 0.9073602093750001 0.3508777125 0.902026696875 0.3631911875 0.9009494078125 0.397104309375 0.8836047656250001 0.3880505171875 0.86975783125 0.4267827984375 0.8642779046875001 0.43285378281250003 0.8261035187499999 0.417238378125 0.647618634375 0.39630321875 0.6055331046875 0.37186545937500004 0.595123384375 0.31673737968750004 0.6104029234375 0.21382322656250002 0.6173154546874999
6 0.9817528234375 0.5205908296875 0.9803002281250001 0.503987584375 0.918868315625 0.5009970140625 0.685852290625 0.508835528125 0.580188178125 0.5201712296875 0.51784839375 0.5068036328125001 0.449360009375 0.512795590625 0.36860076406250003 0.5219524 0.3691454875 0.5281786171875 0.4149078984375 0.549270421875 0.3454076828125 0.5616247765625 0.18819570624999998 0.5753790421875 0.1461950859375 0.5435016671875 0.0716620578125 0.552113753125 0.08097504062500001 0.586850925 0.006805160937500001 0.5996138234374999 0.008257757812499999 0.6162170687499999 0.808067434375 0.525329875 0.9817528234375 0.5205908296875
4 0.1456182875 1 0.148080565625 0.9953170484375 0.1150340125 0.617593225 0.04444435 0.6174951453124999 0.008825178125 0.6227027109375001 0.0418344125 1 0.1456182875 1
18 0.04420785625 0.596864334375 0.07827047499999999 0.59179295 0.08688350156249999 0.5826742406250001 0.0782968171875 0.5562386921875 0.069969321875 0.5506933796875 0.0026743421875 0.55239834375 0.0080307890625 0.6136228109374999 0.010699165625 0.6133893578125 0.04420785625 0.596864334375
20 0.2063332796875 0.5317049703125 0.164487890625 0.537457259375 0.148636815625 0.5534830890625 0.1778900328125 0.575235025 0.267489140625 0.56739611875 0.41524835156249995 0.5531618046875 0.401161746875 0.5355726015625 0.3607952953125 0.522373878125 0.2063332796875 0.5317049703125
10 1 0.47816952500000004 0.9907889765625001 0.37288705312500003 0.857392421875 0.3720099921875 0.8518661609375 0.4164105953125 0.8563015640625 0.4850351609375 0.8616975234375 0.49292824062499996 0.994166646875 0.491272328125 1 0.490761975 1 0.47816952500000004
5 0.582641078125 0.9784722531250001 0.8527039406249999 0.8921060734375 0.8311741953125 0.6639476375 0.825959809375 0.6581299625 0.8157902281249999 0.6673848515625 0.812781078125 0.6509177859374999 0.8065548609375 0.651462509375 0.8019628140625 0.6706858828125 0.787590678125 0.6677607015625 0.5517983515625 0.71557664375 0.542381409375 0.697578896875 0.504479384375 0.6946210203125001 0.5017030828125 0.73459845 0.5254961812500001 0.9887000125000001 0.5447864859375 0.9870123296875001 0.5535336562500001 0.9684710734375 0.5613164265624999 0.9677901703125 0.5575546375 0.978575740625 0.582641078125 0.9784722531250001
4 0.5659947937500001 0.770276659375 0.5603133 0.7770476000000001 0.5614803625 0.8083148640625 0.5687960265625 0.8202225750000001 0.5781353515625 0.8194054890625001 0.7898530671875 0.7653306359375 0.7896978359375 0.7277009734375001 0.76461139375 0.7278044625 0.5659947937500001 0.770276659375
4 0 0.28528107812500003 0.06545182031249999 0.28392614374999997 0.0734940328125 0.283222540625 0.0784167703125 0.2707669328125 0.056705450000000004 0.0405330890625 0 0.0454941734375 0 0.28528107812500003
4 0.7249556015625 0.0952599203125 0.5531122984375 0.08519876562499999 0.5099695453125 0.111977471875 0.5063893296875001 0.12483844687500001 0.5252453203125 0.50171249375 0.5678071296875 0.517594671875 0.621605525 0.512887921875 0.7337196265625 0.500203684375 0.7376893328125 0.4559392625 0.726639634375 0.29378526250000003 0.7249556015625 0.0952599203125
16 0.3075563421875 0.9536551140625 0.28641326562499997 0.9450484375 0.28825535156250004 0.9302482359375001 0.2781897296875 0.9227637 0.2312075703125 0.9415131453125 0.2180288375 0.9343009703125 0.20062262031250003 0.824985375 0.1951241125 0.7083541171875 0.1815573015625 0.6070677843750001 0.13587250625 0.6047908125 0.1101373828125 0.615407509375 0.1402524 0.9954791000000001 0.148077271875 0.9997613296875001 0.1655885046875 0.9982292953125 0.1995830359375 0.992379634375 0.23099965312499998 0.9749919953124999 0.2776962796875 0.9709065703125 0.3075563421875 0.9536551140625