9 0.053357995312499996 0.44419615625000003 0.012312271875 0.6473315359375 0.2232631546875 0.6999274984375 0.24549077968750002 0.6423980609375 0.24093844375 0.6348217 0.2711746046875 0.5070923828125 0.053357995312499996 0.44419615625000003
15 0.2265391953125 0.337345646875 0.18256451875 0.313498859375 0.0821006484375 0.4516308953125 0.22461690937499998 0.493605525 0.3023476234375 0.362688146875 0.2265391953125 0.337345646875
19 0.8906428140625 1 0.965554709375 0.69954479375 0.9564541125 0.690834425 0.9488573765625 0.6631750046875 0.9331965765625 0.667858775 0.8796865781250001 0.7468430406250001 0.8503972953125001 0.7738941890625 0.7857462328125 0.8135997734375 0.7645291640625 0.8211924343750001 0.744316028125 0.8182998453125 0.7387516078125 0.8083240328124999 0.738215003125 0.7588066718750001 0.7533514218749999 0.7239325937500001 0.6947076546875001 0.6749572734375 0.7093441453125 0.6485469953125 0.7653945390625 0.5916672421875 0.764882384375 0.5808039875000001 0.68907395625 0.5554614890625 0.6734253828125001 0.5794723140625 0.6507452046875 0.6704375390624999 0.62902005625 0.673609296875 0.5794850359375 0.6462290484375 0.48901974062500003 0.61508506875 0.4880035828125 0.6062432656250001 0.5263608609375 0.5363636765625001 0.534928928125 0.5019990359375 0.46416461406250004 0.46288439375 0.43489570781250003 0.5221472984375 0.41876758125 0.58683368125 0.40259870312499996 0.5870965484374999 0.3545797703125 0.560094303125 0.2701828984375 0.5369046875000001 0.25857450625 0.55762861875 0.2424504546875 0.6287573515625 0.24649878749999998 0.6383551609375 0.3693181421875 0.6947428062500001 0.3607378484375 0.70978039375 0.31982387343749996 0.7317860703125 0.298155778125 0.8251507468750001 0.4123866890625 0.883691275 0.41239484062500004 0.896575978125 0.3836177125 0.9344903796875 0.3718366203125 0.9817417609374999 0.4450664171875 1 0.8906428140625 1
15 0.41240256718749996 0.5892725390625 0.4165339 0.5903025953125 0.4232487671875 0.5817780203125 0.4408889046875 0.5110272890625 0.4797420375 0.42624154687500004 0.4736736125 0.4182871828125 0.426170909375 0.4085905421875 0.33462933906250003 0.373420771875 0.33025254375 0.3723295140625 0.31954081093750003 0.384151784375 0.2695873671875 0.494082359375 0.26506355625 0.5316024578125 0.41240256718749996 0.5892725390625
15 0.6708464375000001 0.59627459375 0.704147375 0.5208400921874999 0.5555586156250001 0.46446874843749997 0.5454581609375 0.47268598125 0.523773765625 0.5402812531250001 0.48793650624999996 0.600053596875 0.483400471875 0.618246640625 0.583974371875 0.654058090625 0.6173364390625 0.6752588578125 0.6496741953125 0.6747331187500001 0.6708464375000001 0.59627459375
15 0.9158488609375001 0.60180404375 0.9294936453125 0.6052060703125 0.9461583765625001 0.5900370500000001 0.9405898828125 0.573618884375 0.8405159093749999 0.5293436359375 0.8021301046874999 0.55412676875 0.7511279015625 0.6036767296875001 0.7011377796875 0.6556261453125 0.6910414 0.670285728125 0.6920575578125 0.67912753125 0.7586894796875 0.7255319109375 0.7595328046875001 0.7257421749999999 0.8370612359375 0.6594561046875 0.9001758359375 0.5871607609375 0.9153326312500001 0.5844984390625 0.9158488609375001 0.60180404375
15 0.9007024187500001 0.72068136875 0.9345236625 0.6689948218749999 0.951667946875 0.61315024375 0.9476196140625 0.6035524359375 0.9102255171875001 0.5985232625 0.911733453125 0.5860165625 0.9056691046875001 0.5845045515625 0.8844561109375 0.5985395625 0.868303534375 0.6245718375 0.8223535953125 0.673234359375 0.741549953125 0.7389722187500001 0.7360059109375 0.7612081609375 0.73901793125 0.8188576046874999 0.74614915 0.8206356171875001 0.7673723359375 0.822706484375 0.8113184859375 0.8014568140625 0.8704092046874999 0.75821776875 0.9007024187500001 0.72068136875
14 0.86766691875 0.317107746875 0.8727069593750001 0.2968932515625 0.8641062906249999 0.2797190828125 0.8449011625 0.27278359375 0.8277283515624999 0.2835317140625 0.810567765625 0.31360688593749997 0.8060358046875 0.3382422828125 0.8176645718750001 0.3497301078125 0.8151445531249999 0.359837353125 0.7813233109375 0.4115239 0.739958309375 0.5193015921875 0.737438290625 0.5294088375 0.747042890625 0.536097759375 0.7395393796875 0.5726065453125 0.7745643 0.5813392390625001 0.8091983859375 0.5451535296875 0.849526853125 0.39632227656249996 0.853026353125 0.337075671875 0.86766691875 0.317107746875
21 0 0.7923346359375001 0.084302253125 0.8367812046875001 0.06565003124999999 0.9051324812500001 0.08776081875 0.9125240421875 0.0909876296875 0.9133285765625001 0.111083740625 0.8391643546875001 0.1171440140625 0.834234015625 0.29494870156249997 0.7475918890625 0.2440320765625 0.932431228125 0.191718071875 0.938443496875 0.25775891562500003 0.9549093296875 0.319697871875 0.7322914328125 0.3702082984375 0.704089975 0.36818005625 0.6928487171875 0.24384461562499998 0.6360830703125 0.21811596406249997 0.7005228828125001 0.012432124999999999 0.6470930312500001 0.024011990625 0.5812726406250001 0.0174395640625 0.5753397265625 0.0174477140625 0.588224428125 0.009871353125 0.592776765625 0 0.5925232421875 0 0.7923346359375001
21 0 0.5478039765625 0.007507732812499999 0.550587159375 0.0094345625 0.5612663515625 0.0119361109375 0.5618900578125 0.028737028125 0.5623215515625 0.0322650546875 0.54817140625 0.027712718749999997 0.540595046875 0 0.530006365625 0 0.5478039765625
19 0 0.5314228078125 0.020921575 0.5383650453125 0.0308582609375 0.5408425390625 0.051845982812500004 0.4502605046875 0.084183740625 0.449734765625 0.114980959375 0.41017691718749993 0.1553664796875 0.3515385828125 0.1573784203125 0.337010434375 0.139185375 0.3324743984375 0.030539259375 0.3161214390625 0 0.43860771875 0 0.5314228078125
19 0.27464745156250003 0.305861371875 0.2089720796875 0.32384045 0.227677278125 0.3392397390625 0.3004535328125 0.36382623125 0.2257509171875 0.4890572640625 0.260686459375 0.5015251171874999 0.2659008890625 0.5028252203125 0.3247150015625 0.37631663125000003 0.3964750984375 0.39206131875 0.3327668390625 0.324646384375 0.27464745156250003 0.305861371875
21 0.90584180625 0.5579771015625 0.9108981453125 0.5635320140625 0.9882226624999999 0.5892525156249999 0.9628889203125001 0.671772853125 0.967559009375 0.6729372375 0.9705906734375 0.6728879484375 0.9978109625 0.57017203125 0.9113899234374999 0.5421835109375001 0.90584180625 0.5579771015625