4 0.4078188328125 0.5526339499999999 0.4000162546875 0.5619446531250001 0.3478905796875 0.8511003890625 0.116381978125 0.8545097734375 0.1070361375 0.86357605 0.1040167296875 0.8926280546875001 0.1203472046875 0.900224140625 0.13770890625 0.902973965625 0.1873529328125 0.9058272125 0.416752721875 0.8957559187499999 0.44901733125 0.6920451984375 0.46884010781249996 0.6867476078125 0.4959670328125 0.6952626953125 0.506836990625 0.7265145609375 0.5130100421875 0.7274922765625 0.540549134375 0.7234168296875 0.7203057187499999 0.737122359375 0.7317603703125 0.73471799375 0.742170190625 0.7089458171875 0.7804258609375 0.717114221875 0.7877300078125 0.7309268984374999 0.7613316921875 0.8975993078125001 0.8514064953125 0.9181936625 0.93424426875 0.9545162015624999 0.9831300390625 0.6458635953125 0.7739843390625001 0.5979730546875001 0.4078188328125 0.5526339499999999
13 0.193942721875 0.54459825625 0.16851244062499998 0.5553356109375 0.1681002734375 0.5679261453125 0.1568852640625 0.578805675 0.14180736562500001 0.6839919906249999 0.144635103125 0.7160793953125 0.1349250671875 0.8073507796875001 0.1427947625 0.8275809375 0.2166317453125 0.8308383578124999 0.22182708125 0.837989125 0.177312096875 0.8393758531250001 0.258048221875 0.8540088390625 0.27025655312499997 0.8559424484375 0.307358359375 0.84731734375 0.3019233796875 0.8316914109375 0.34083086093750004 0.83574445 0.35595673125 0.8001727093750001 0.3839845734375 0.62321188125 0.3738526875 0.5773117984375 0.352659171875 0.5612992625000001 0.295472178125 0.56278824375 0.193942721875 0.54459825625
6 0 0.49449457656250007 0.7927886625 0.5991057265624999 0.9624613343749999 0.63652575 0.9650685749999999 0.6200642765625 0.9061849375 0.602300815625 0.6781941765624999 0.5535348124999999 0.572926384375 0.538971334375 0.5156722734375 0.510919453125 0.4477687 0.5001645828125 0.3671931171875 0.48951196875 0.3662154015625 0.49568502031249995 0.4055159046875 0.5272212374999999 0.335091353125 0.5223949906249999 0.1792217859375 0.49770767656250003 0.1461805984375 0.45661632656249995 0.0717780671875 0.446941425 0.07241073125 0.48289976875 0 0.4775360578125 0 0.49449457656250007
4 0 0.9087654078125 0.0271651234375 0.9084042125 0.0387060375 0.8954669984375 0.098020771875 0.5209685015625001 0.029551651562499996 0.5037961515625 0 0.5008557671875 0 0.9087654078125
18 0 0.4911713984375 0.034313228125 0.48372095000000004 0.06859091875 0.4870407 0.07915411875 0.48027653593749997 0.0772178328125 0.45254892968749993 0.0704792328125 0.44515373281250004 0.004770732812499999 0.4305279234375 0 0.4606491453125 0 0.4911713984375
20 0.207386309375 0.45971878750000006 0.165392303125 0.4551768921875 0.1461350734375 0.4668919640625 0.169257075 0.49507477031249997 0.25809111093750003 0.5091446984375 0.4049048328125 0.5310793921875 0.395491875 0.51060480625 0.3595175390625 0.48803261249999996 0.207386309375 0.45971878750000006
10 1 0.49361096875 0.877739925 0.46227289374999997 0.8616363390625 0.5040176859375001 0.84933820625 0.57167683125 0.852664375 0.580640853125 0.9815992015624999 0.611081309375 0.9884667359374999 0.61216901875 1 0.539350853125 1 0.49361096875
5 0.46443337187499995 0.98425226875 0.7473680828125 0.965785653125 0.781674384375 0.73919598125 0.778022309375 0.7322896421875 0.7659158484375 0.7388093765625 0.7669798265625001 0.722103475 0.760806775 0.721125759375 0.7517005765625 0.7386672 0.73846301875 0.7323519734375 0.49810700781249995 0.7217042515625 0.4933238390625 0.70196295 0.45726324218750003 0.68992360625 0.4448979921875 0.7280418859375 0.40651160312499995 0.98035161875 0.425637190625 0.9833808140625001 0.4386100671875 0.96750644375 0.44632638281250003 0.9687285890625 0.4400670671875 0.9782837234375 0.46443337187499995 0.98425226875
4 0.49864862343749994 0.7782138734374999 0.49149785625 0.783409209375 0.485066015625 0.8140300406250001 0.4892836375 0.8273538609375001 0.498543215625 0.828820434375 0.7170539015624999 0.8275709859375 0.7260067203125 0.79102153125 0.7016404171875 0.7850529859375001 0.49864862343749994 0.7782138734374999
4 0.0729596578125 0 0.0466495421875 0.1661155265625 0.1306327546875 0.18521774062500002 0.13860629687499998 0.186480625 0.1463960921875 0.1755859203125 0.1729913171875 0 0.0729596578125 0
4 0.8161889468749999 0.1617041171875 0.6518841375 0.11036916249999999 0.603544553125 0.12591524999999998 0.5969593328125 0.1375280671875 0.5240811359374999 0.5077690203125 0.56153643125 0.5334760640625 0.6148754515625 0.5419241359375 0.726727878125 0.5567395296875 0.7412882015625 0.514750309375 0.7697953281250001 0.3547398109375 0.8161889468749999 0.1617041171875
16 0.20352363593749997 0.893623284375 0.1850907421875 0.8801572890625 0.1904586046875 0.8662423578125 0.182502646875 0.85654505 0.13238015625 0.8633715437499999 0.12133767343749999 0.8531853765624999 0.1308943296875 0.742905978125 0.15377480625 0.6284089578125001 0.16511436875000002 0.5268491531249999 0.12133745625 0.5135876640625 0.0937983640625 0.517663109375 0.031071198437500003 0.8937304312500001 0.037627673437499995 0.8997784687499999 0.05498937968749999 0.9025282921875 0.0893892890625 0.9050764125 0.12407914843750001 0.8958056296875 0.17037703906249999 0.9031384953125 0.20352363593749997 0.893623284375