19 0.382046559375 0.6465533406249999 0.2520717171875 0.67394021875 0.24360771718750002 0.6713408000000001 0.2384399734375 0.6447550640624999 0.243611259375 0.6140372968750001 0.34523908125 0.596405175 0.35864569375 0.59167686875 0.35546554375 0.5753164140625 0.4210211015625 0.5604513796874999 0.41415071875000004 0.5087286859375 0.386771125 0.49070514843749996 0.2562862 0.4990902359375 0.1842542359375 0.5215811375 0.16101867812499998 0.5494432625 0.21835357656249998 0.779182540625 0.261597596875 0.7707767546875 0.263543478125 0.72476849375 0.383576809375 0.7035587046875 0.3991398640625 0.7344907765625 0.382046559375 0.6465533406249999
15 0.237104940625 0.6460757312500001 0.2470900328125 0.6733168140625 0.2805322375 0.6668163093749999 0.3803140078125 0.645828953125 0.3584469359375 0.590654340625 0.24454877343749998 0.610671575 0.237104940625 0.6460757312500001
21 0.5107254328125 0.792653271875 0.5091353578125 0.7844730453125 0.5030001890625 0.7856656015625 0.452553884375 0.8209392875000001 0.4369380875 0.7242253468750001 0.47073780468750004 0.7261446546875 0.50425256875 0.742975634375 0.502264975 0.7327503515625 0.4848831734375 0.71702809375 0.4380180796875 0.7134037859375 0.43126026093750003 0.6786378234375 0.54936228125 0.655681115625 0.5560638171875001 0.6819687125 0.5641302984375 0.682523075 0.5616326218750001 0.653296003125 0.6306532828125 0.6398797468749999 0.63735481875 0.6661673421875001 0.6454213 0.6667217046875 0.6503639140625 0.6593939796875 0.6428110578124999 0.6205379015625 0.669624284375 0.6110812875 0.6626377953125 0.5997053640625001 0.5520394296875 0.5384327765625 0.5178984765625 0.5429467781249999 0.5234637390625 0.571577571875 0.5918582109375 0.579506296875 0.595777115625 0.5914784984375 0.524881425 0.6116262031249999 0.4587595015625 0.5990110859375 0.44541271250000003 0.5549142578125 0.357986540625 0.571908184375 0.3561677953125 0.587117996875 0.3822950078125 0.6478315015625 0.400295915625 0.75681578125 0.414838803125 0.749744278125 0.3970067421875 0.6661950953125 0.4096746015625 0.6658550390625 0.44403006093749997 0.8671650062499999 0.4414162765625 0.87828470625 0.4479661109375 0.8889496343750001 0.450746109375 0.8884092578124999 0.4671495125 0.8796496515625 0.45385900625 0.8440311890625001 0.4564727890625 0.8329114875 0.5107254328125 0.792653271875
19 1 0.5290958171875 0.9260459890625 0.53815765625 0.8829309515625001 0.521070453125 0.8299306874999999 0.5186387015625 0.8260117828125001 0.5066665015625 0.834933125 0.46248583906249996 0.8049362078125 0.5128855046874999 0.74188186875 0.499674109375 0.7493257 0.4642699515625 0.7765962703125 0.40803325468749996 0.7742111578124999 0.395762915625 0.6257745234375001 0.4182490953125 0.6492245890625 0.5962109390625 0.6654138328125 0.6057980281249999 0.658993709375 0.6219022578125 0.661776340625 0.636217653125 0.6783631046874999 0.6478498 0.6799531796875 0.656030025 0.5135648374999999 0.6926172968750001 0.4990782328125 0.708167165625 0.5247445609375 0.8729642515625 0.539910096875 0.9018512671875 0.5505868203125 0.94858943125 0.573931403125 0.9949875390624999 1 0.9121681921875 1 0.5290958171875
9 0.49405040468749994 0.48576961875 0.42571221562500006 0.4863192578125 0.462572434375 0.602249290625 0.5268031 0.6125791234375 0.5318018796875 0.6116074593749999 0.5983974921875 0.5885815328125 0.59487610625 0.5786543875 0.5249478421875 0.5710238015625 0.49405040468749994 0.48576961875
15 0.7512007296875 0.457538503125 0.7422793875 0.5017191671875 0.79919855625 0.51612311875 0.8156727546875 0.5107985312500001 0.8365794828125 0.47914443125000006 0.8670900265625001 0.39044305156250003 0.861183528125 0.3682455671875 0.7928453390625 0.36879520625 0.7512007296875 0.457538503125
15 0.8757826968750001 0.3696524296875 0.8440233156250001 0.443740275 0.8268631031250001 0.5192349796875 0.8848622625000001 0.5228173703125 0.9337149515625001 0.5366669609375 0.94184125625 0.4883961859375 0.9433223078124999 0.422316178125 0.9524687796875 0.41204897812499997 0.9762707046875001 0.41166700624999997 0.9864408859375 0.382099878125 0.9828632171875 0.36369436875 0.9414508203124999 0.37174412343749996 0.8757826968750001 0.3696524296875
15 1 0.451855478125 0.992850875 0.41507641875 0.9494508843749999 0.4129008890625 0.9403044125 0.42316808906250003 0.9410396265625 0.47608334062499996 0.933367121875 0.5348775375 0.99881581875 0.5256043796875 1 0.5253741984375 1 0.451855478125
19 0.8308357296875 0.35132957187499997 0.8221430578125 0.37212019375 0.8612829078124999 0.3687568296875 0.8675306421875 0.38452100625 0.8732120109375 0.3728050265625 0.890083728125 0.369525496875 0.9527270734375 0.3690216609375 0.9579163984375001 0.3680129578125 0.9533667390625 0.35934685312500003 0.9044014859375 0.32854053125 0.8541275703125001 0.33194581093750003 0.8308357296875 0.35132957187499997
3 0 0.5417717546875 0.024432504687500002 0.6656612187500001 0.025689520312500002 0.6654168796875 0.0570219796875 0.6367767484375 0.060374518749999995 0.621268796875 0.039189918750000004 0.5532275656250001 0 0.3626178578125 0 0.5417717546875
3 0 0.5417717546875 0.024432504687500002 0.6656612187500001 0.025689520312500002 0.6654168796875 0.0570219796875 0.6367767484375 0.0607720375 0.6233138515625 0.04157503125 0.56549790625 0 0.36694521406249997 0 0.5417717546875