19 0.4296875 0.4291666671875 0.5328125 0.43958333281249995 0.515625 0.5083333328124999 0.509375 0.6104166671875 0.5 0.6229166671875 0.3375 0.6020833328124999 0.3703125 0.48333333281249996 0.3703125 0.44166666718750003 0.175 0.47083333281249995 0.1703125 0.4791666671875 0.171875 0.775 0.1890625 0.775 0.2890625 0.70625 0.65 0.75625 0.665625 0.6395833328125 0.575 0.6333333328124999 0.5625 0.6229166671875 0.571875 0.44375 0.63125 0.44375 0.5484375 0.39375 0.4890625 0.3854166671875 0.4421875 0.39791666718749996 0.40625 0.41875 0.4296875 0.4291666671875
15 0.4859375 0.625 0.50625 0.6208333328125 0.5203125 0.6020833328124999 0.5265625 0.4770833328125 0.534375 0.43958333281249995 0.528125 0.43333333281249997 0.440625 0.4291666671875 0.38125 0.4166666671875 0.359375 0.5208333328125 0.334375 0.6041666671875 0.4859375 0.625
15 0.7609375 0.6375 0.746875 0.56875 0.753125 0.47291666718750003 0.7484375 0.45416666718750004 0.578125 0.4375 0.565625 0.4479166671875 0.5625 0.63125 0.7609375 0.6375
15 1 0.4895833328125 0.8578125 0.4791666671875 0.84375 0.4895833328125 0.85 0.60625 0.84375 0.6375 0.8484375 0.64375 0.9125 0.64375 0.921875 0.675 0.95625 0.6708333328125 1 0.68125 1 0.4895833328125
14 0.99375 0.2958333328125 0.9671875 0.3791666671875 0.95625 0.47083333281249995 0.9609375 0.4875 0.99375 0.49375 1 0.49375 0.9984375 0.2125 0.9828125 0.25 0.984375 0.275 0.99375 0.2958333328125
21 1 0.95625 0.984375 0.925 0.9484375 0.8125 0.9375 0.8020833328125001 0.8921875 0.7958333328125 0.8734375 0.85625 0.6578125 0.8604166671875 0.6421875 0.85 0.65 0.7875 0.646875 0.75625 0.2921875 0.7041666671875 0.0578125 0.8541666671874999 0.034375 0.8729166671874999 0.028125 0.8895833328125 0.0953125 0.9125 0.09375 1 0.128125 0.9979166671874999 0.1265625 0.9375 0.1390625 0.9354166671874999 0.2890625 0.9708333328125001 0.29375 0.975 0.2921875 1 0.3140625 1 0.3140625 0.9791666671874999 0.33125 0.9791666671874999 0.41875 1 1 1 1 0.95625
2 0.3234375 0.8041666671875 0.3890625 0.8270833328125 0.4203125 0.8229166671874999 0.46875 0.8458333328125001 0.4984375 0.8395833328125001 0.5390625 0.8083333328125001 0.5390625 0.79375 0.528125 0.7729166671875001 0.509375 0.75625 0.45625 0.75 0.415625 0.7270833328124999 0.39375 0.725 0.334375 0.7645833328125 0.3234375 0.7791666671875 0.3234375 0.8041666671875
9 0.6484375 0.7770833328125 0.596716840625 0.7915051296875 0.6359375 0.8729166671874999 0.6421875 0.8833333328125 0.875 0.8791666671874999 0.9171875 0.6625 0.915625 0.6458333328125 0.70625 0.6395833328125 0.66875 0.6416666671875 0.6625 0.65 0.6484375 0.7770833328125
19 0.7609375 0.6375 0.846875 0.6375 0.853125 0.6125 0.8484375 0.5229166671875001 0.75625 0.5041666671875 0.7484375 0.5145833328125 0.746875 0.5625 0.7609375 0.6375
18 0.759375 0.6333333328124999 0.76875 0.6416666671875 0.8453125 0.6375 0.853125 0.6104166671875 0.8484375 0.5229166671875001 0.7578125 0.5041666671875 0.7484375 0.5166666671875 0.746875 0.5583333328125 0.759375 0.6333333328124999
19 1 0.6770833328125 0.921875 0.6625 0.909375 0.6854166671875 0.890625 0.7895833328124999 0.896875 0.8 0.928125 0.8020833328125001 0.940625 0.8104166671874999 1 0.975 1 0.6770833328125
18 1 0.675 0.9203125 0.6645833328124999 0.909375 0.6875 0.89375 0.7958333328125 0.928125 0.8020833328125001 0.9421875 0.8125 1 0.975 1 0.675