4 1 0.5229166671875001 0.6546875 0.50625 0.6484375 0.6833333328125 1 0.70625 1 0.5229166671875001
4 0 0.6479166671875001 0.3203125 0.6625 0.325 0.48541666718750004 0 0.46666666718750005 0 0.6479166671875001
4 0.0578125 0 0.0625 0.2 0.1046875 0.21458333281250003 0.3796875 0.2270833328125 0.384375 0 0.0578125 0
4 1 0.0354166671875 0.590625 0.014583332812499999 0.584375 0.0208333328125 0.584375 0.0375 0.5890625 0.060416667187499995 0.5953125 0.0645833328125 0.8015625 0.0770833328125 0.7828125 0.45 0.790625 0.4770833328125 0.8140625 0.4875 1 0.49791666718750005 1 0.0354166671875
21 1 0.7041666671875 0 0.6479166671875001 0 1 1 1 1 0.7041666671875
6 1 0.49583333281249997 0.8234375 0.4875 0.7828125 0.47291666718750003 0.6125 0.46458333281249997 0.6171875 0.4791666671875 0.5765625 0.48125 0.4125 0.46875 0.4140625 0.45416666718750004 0.409375 0.45208333281249996 0.31875 0.43958333281249995 0.040625 0.43125 0 0.4375 0 0.46666666718750005 1 0.525 1 0.49583333281249997
5 0.3578125 0.66875 0.3578125 0.6458333328125 0.3640625 0.6375 0.4984375 0.64375 0.6109375 0.6541666671875 0.6140625 0.6833333328125 0.6484375 0.6833333328125 0.6515625 0.5020833328125 0.61875 0.5 0.6171875 0.5208333328125 0.4828125 0.5166666671875 0.365625 0.5083333328124999 0.3640625 0.48541666718750004 0.33125 0.48333333281249996 0.325 0.5020833328125 0.321875 0.6645833328124999 0.3578125 0.66875
13 0.4625 0.5125 0.5296875 0.5083333328124999 0.5359375 0.5104166671875 0.53125 0.5166666671875 0.5875 0.5208333328125 0.6140625 0.5208333328125 0.6171875 0.5104166671875 0.6171875 0.5041666671875 0.5671875 0.5083333328124999 0.4140625 0.49375 0.4015625 0.49583333281249997 0.4015625 0.50625 0.4625 0.5125
13 0.6109375 0.6520833328125 0.4015625 0.6395833328125 0.4015625 0.6708333328125 0.6140625 0.6791666671875001 0.6109375 0.6520833328125
13 0.6140625 0.5645833328125 0.4015625 0.5520833328125 0.403125 0.5979166671875 0.615625 0.60625 0.6140625 0.5645833328125
20 0.61875 0.4791666671875 0.5953125 0.4583333328125 0.425 0.45 0.4140625 0.45416666718750004 0.409375 0.46875 0.61875 0.4791666671875