8 0.0485387921875 0.4711665390625 0.054987464062500005 0.468337103125 0.0652953203125 0.3918821890625 0.09597886875 0.3888306390625 0.10674018593750001 0.318802096875 0.027809856249999997 0.298538134375 0.0137009421875 0.37855376406249996 0.024110509375 0.382504725 0.0088246 0.4601973453125 0.045653609375 0.47065780312500005 0.0485387921875 0.4711665390625
12 0 0.6524694140625 0.0559194296875 0.661009396875 0.058823584375 0.7165237515625 0.0682433953125 0.722151228125 0.06890592031250001 0.72226805 0.0738444296875 0.685324778125 0.07882248281250001 0.684087071875 0.09465354687500001 0.6212988796875 0.12178607500000001 0.46742266875 0.058696828125 0.45629833125 0.0469318859375 0.4690321609375 0.013079120312500001 0.4630630046875 0.009456440625 0.4476159234375 0.0033013921874999997 0.44653062187500003 0 0.464450703125 0 0.6524694140625
8 0.8383442765625 0.542735446875 0.864865 0.5452962953125 0.8749944765625 0.48784917656250004 0.8033961921874999 0.470993521875 0.788650428125 0.5276266640625 0.8079308015625 0.535257259375 0.792823271875 0.5939420859375 0.8236902078125 0.607846646875 0.8383442765625 0.542735446875
1 0.9192560109375 1 0.9619237515625001 0.7506873890625 0.9275258296875 0.7298138015625 0.8882415484375 0.7186559796875 0.8613540499999999 0.6821829078125 0.8281331234374999 0.6636323296875 0.7765387453125 0.650303903125 0.74051036875 0.6206809343749999 0.568530778125 0.588240821875 0.5283395765625001 0.56423025 0.49638733906250004 0.5564807375 0.47502805625000005 0.569638296875 0.38813384375000004 0.5585474453125 0.2939075875 0.5440482875 0.2591479 0.525226384375 0.23145018125 0.5203425296875 0.173889153125 0.558848825 0.120134190625 0.6297583140625 0.10022698593749998 0.6706730515625 0.1314556890625 0.68252593125 0.138517659375 0.6964639796875 0.11246542343749999 0.8082212328124999 0.1037880234375 0.8934255296875 0.1085010125 0.938681471875 0.45625566875 1 0.9192560109375 1
12 0.7249845796875001 0.600755109375 0.7479793265625 0.632310840625 0.7762222000000001 0.652099125 0.824739053125 0.6648849 0.85334369375 0.6826215015625 0.866718178125 0.7011102609375001 0.8701082640625 0.7017080234375 0.8819483343750001 0.7003581046875 0.8964240234374999 0.6542547 0.8984112375000001 0.6249884921875 0.7305027796875 0.578457921875 0.7248011921875 0.5837989953125 0.7249845796875001 0.600755109375
2 0.8747406828125 0.6152616203125 0.8655520796875 0.6043862296875 0.8308840843749999 0.5940423828125 0.829437015625 0.6022491140625 0.8410235796875 0.6085230828125 0.8541597421875 0.6116326453125 0.8747406828125 0.6152616203125
15 0.294697771875 0.36860343281249996 0.280410478125 0.467626859375 0.281139021875 0.499487403125 0.2731751375 0.508660515625 0.2710962296875 0.52944866875 0.284583321875 0.533942278125 0.28739077343749997 0.54501466875 0.30893344218749996 0.5488132234374999 0.470050003125 0.570876003125 0.4849841640625 0.5671628828124999 0.486879684375 0.529418615625 0.5326657531250001 0.4317183296875 0.43889295937500006 0.4236455453125 0.294697771875 0.36860343281249996
15 0.1892261828125 0.54357164375 0.1899252859375 0.5436949140625 0.227739565625 0.5233903234375 0.273810734375 0.5230520249999999 0.285213909375 0.5123698796875 0.2985992890625 0.4364576171875 0.293891309375 0.42716558281249994 0.2963269765625 0.3683618375 0.35027534375 0.3863362796875 0.37390193125 0.4053105890625 0.4628800609375 0.43157719375000003 0.47156246875 0.38233680625 0.32845759218750004 0.35710355625 0.2478051140625 0.31961215468750004 0.23766561875 0.30513145625 0.20221245 0.506196371875 0.19053920156249998 0.52740825625 0.1892261828125 0.54357164375
15 0.537776965625 0.41172928750000004 0.5326205328125 0.431974790625 0.5379703703125001 0.5006132187500001 0.5305566515625 0.560654671875 0.563870484375 0.5890056890625 0.723563459375 0.6171638703125 0.725250896875 0.5632524390625 0.7583651031249999 0.46543323281250004 0.6835109140625 0.46704272500000005 0.6284772453125 0.45522333125000003 0.5540715078125 0.42729528749999995 0.537776965625 0.41172928750000004
15 0.500255046875 0.3815785328125 0.50152874375 0.42834350781249997 0.5364668125 0.428157615625 0.5370069578125001 0.4070981359375 0.500255046875 0.3815785328125
15 0.590956578125 0.4340635546875 0.6205548249999999 0.4371670515625 0.6511516890625 0.461601353125 0.68984748125 0.47159767343750003 0.7041579578125 0.474120996875 0.7168649984375 0.46684196718750004 0.7247371890625 0.44919079687499996 0.721114509375 0.433743715625 0.6897074265625001 0.44089863124999995 0.5577356515624999 0.4155129765625 0.590956578125 0.4340635546875
15 0.5632588609375 0.4291796984375 0.5898712781250001 0.44021860312500005 0.6020896796875 0.43391114843749995 0.6257162671875001 0.4528854578125 0.6532331234375001 0.45879515781249997 0.6829824999999999 0.4640407765625 0.694145334375 0.460720403125 0.6890755875 0.4534800546875 0.6927849515625 0.4414412828125 0.622817121875 0.4333350109375 0.5630754718750001 0.4122235859375 0.5632588609375 0.4291796984375
15 0.49964449375 0.54700656875 0.5231038140625001 0.5564317609375 0.5285535921875 0.557392703125 0.533859028125 0.5509240421875 0.5398256796875 0.499089321875 0.5374666796875001 0.4584793953125 0.5236178218750001 0.45603746718749993 0.492944290625 0.5310168375 0.49964449375 0.54700656875