21 0.4770097328125 1 0.47588046562499997 0.9838507125 0.502232934375 0.9799195484375 0.536945934375 0.8939553546875001 0.5472754875 0.8848793578124999 0.5519509546875 0.99602186875 0.5722042234375 0.994605621875 0.5646319875 0.8418972625000001 0.60075835625 0.7537458140625 0.5950649921875 0.7395249875000001 0.48635250937499996 0.730419540625 0.48208675625 0.8038125546874999 0.264160271875 0.8232282984375001 0.2591935390625 0.819398765625 0.2516365875 0.7113293265625 0.1083421890625 0.700465240625 0.1087781671875 0.706700015625 0.14764007968749998 0.7248667328125 0.176964609375 0.7186393203125 0.202630340625 0.7272867 0.194150134375 0.74041021875 0.20734631406249998 0.7499295546875 0.20977696406250002 0.7622901109375 0.1372848765625 0.8007739812500001 0.12325663281250002 0.80175493125 0.088925475 0.7811829718750001 0.0627183328125 0.787192396875 0.0180576234375 0.7756964328125 0.029247725000000002 0.9357223343750001 0.051941393749999995 0.9466659609375 0.0525105796875 1 0.07589514375 1 0.0708309375 0.9704061234375001 0.0690870265625 0.945467021875 0.07985255625 0.9426258015625001 0.432673015625 0.9931373328124999 0.4469919125 0.9963129000000001 0.44795368125 1 0.4770097328125 1
9 0.47068447343750003 0.8106140875 0.48478633281250005 0.7976195703125 0.4850485 0.62217390625 0.478192528125 0.5913270125000001 0.2760873359375 0.60180485 0.2467644296875 0.6038553062500001 0.24000302499999998 0.6121596874999999 0.2540996453125 0.8137507562499999 0.2609102625 0.8252829296874999 0.47068447343750003 0.8106140875
2 0.08756660468750001 0.7841495734375 0.130752165625 0.8030581609375 0.1352688296875 0.802742325 0.21153548125000002 0.765038721875 0.20740081250000003 0.7507089015624999 0.19420463125 0.7411895656249999 0.20156212187500003 0.7344098171875 0.1963047375 0.7264237671875 0.1754604140625 0.7195276609375 0.1461358828125 0.7257550734375 0.095781809375 0.7000382843749999 0.056999682812499994 0.7278112421875 0.01593223125 0.745301903125 0.018257446875 0.7785540375 0.0596554421875 0.7881897328125 0.08756660468750001 0.7841495734375
21 0.0781855953125 0.7171929390625 0.08525243437499999 0.7062566734375 0.078291028125 0.6963013609375001 0.02968086875 0.6955236734375 0.013116540625 0.7050356453125 0.0162592140625 0.7499779859375 0.01797099375 0.7498582859375 0.0781855953125 0.7171929390625
15 0.24936303437500001 0.432423103125 0.1954954890625 0.42365936406250004 0.1846245234375 0.4473921640625 0.17622410156249999 0.50645535625 0.1470591390625 0.60456211875 0.22486845781250003 0.608519053125 0.24591080468749998 0.6070476296875 0.3078952546875 0.5974922015625 0.31469709218749997 0.515568165625 0.3339684796875 0.43277217500000004 0.24936303437500001 0.432423103125
15 0.5297498265625 0.43265654531250003 0.48157564375 0.4381136328125 0.36833240625 0.43141342812500005 0.36141089375 0.44442795156250003 0.3547287328125 0.5952614984375 0.4763068515625 0.586759928125 0.48301749687499995 0.6155285609375001 0.512787975 0.6212783843749999 0.517658903125 0.620937775 0.5378624328125 0.615870271875 0.527082659375 0.5289104 0.5355885171875 0.44895562968749997 0.5297498265625 0.43265654531250003
19 1 0.737711284375 0.9926081421875 0.735220796875 0.938370159375 0.6763608671875 0.9346315765625001 0.645295984375 0.8352313656250001 0.6125667328125 0.8356274515625 0.5958316703125 0.8765752265625 0.5094314984375 0.8772619640625001 0.49685295468749996 0.7926565203125 0.49650388124999995 0.7842162046875 0.5325972343750001 0.798258690625 0.6214173765625 0.7896331578125 0.632462634375 0.7756049140625 0.6334435843749999 0.7152119406249999 0.620959309375 0.6181369453125 0.6214821921875 0.6141476015625 0.60923063125 0.623816065625 0.5459019265625 0.6201829171875 0.49394546562499997 0.539381596875 0.4807998578125 0.53202410625 0.48757960625 0.52869585 0.5295807531250001 0.5391849718749999 0.6123841062500001 0.5304141125 0.6213511078125 0.4863347078125 0.618168178125 0.4860981890625 0.7267825890624999 0.585603834375 0.7386202625 0.5970959953125 0.746170334375 0.5966999093750001 0.762905396875 0.5629643 0.8404475625 0.56518408125 0.894591275 0.5704414671875 0.9025773265625 0.7423736578125 0.9197925453125 0.7495858234375 0.9109345390625 0.749981909375 0.8941994765624999 0.776149159375 0.8652202171875001 0.7796036046875 0.9816691609375001 1 0.9662575421874999 1 0.737711284375
15 0.6151467171875 0.62351865625 0.7263952828125 0.6240930812500001 0.775030853125 0.63270056875 0.7798368234375 0.632364503125 0.798676503125 0.62739236875 0.78546608125 0.5280719421875 0.789877159375 0.45675718749999994 0.627182521875 0.4519486453125 0.6216783890625 0.45233353125000003 0.617839534375 0.46043354843750006 0.622860403125 0.5770340093749999 0.612425415625 0.6070015828125 0.6151467171875 0.62351865625
15 1 0.48253961562500003 0.9963114828125 0.42979136875 0.9252983046875001 0.4222265703125 0.9107286484375001 0.43786432499999994 0.86919956875 0.5159514640625 0.8324918968749999 0.5957898765625 0.8323864640625 0.6166814546875 0.94269753125 0.648647746875 1 0.5599694937499999 1 0.48253961562500003
15 1 0.5660349609375 0.9548365375 0.6206494359375 0.93265863125 0.661880259375 0.940346665625 0.682226865625 1 0.7417661671875 1 0.5660349609375
19 0.431134303125 0.4335482046875 0.360913296875 0.39251328124999996 0.290190771875 0.389105 0.2625702609375 0.39730167656250004 0.2253468265625 0.42496563906249996 0.2494538640625 0.433722015625 0.33250061406250003 0.4341800828125 0.333663221875 0.4508061484375 0.31381053125 0.52528910625 0.3105221671875 0.590260090625 0.347775696875 0.5952255953125001 0.35174878593750003 0.5949477703125 0.36339808125 0.517644765625 0.3658144890625 0.44020423124999997 0.37317197968750004 0.433424484375 0.431134303125 0.4335482046875
19 0 0.5174603921875 0.01313470625 0.705295428125 0.0469899921875 0.6966627734374999 0.2267156515625 0.7133330203125 0.24966008125 0.705463328125 0.23956704687500002 0.6059249125 0.169135171875 0.606673146875 0.1482908484375 0.5997770421874999 0.182382653125 0.4825299765625 0.182052109375 0.45540362187500005 0.1663198453125 0.454415309375 0 0.480442821875 0 0.5174603921875
14 0.8368385249999999 0.23236179531249998 0.8445921015625 0.2088469859375 0.8432841671875 0.190142659375 0.8154784390625001 0.1732912390625 0.796087375 0.18717771875 0.7877923859375 0.22534933281249997 0.7929443375 0.25422696093749997 0.8054138875 0.2533550046875 0.8078445375 0.26571556093750004 0.7867636953125 0.36743386718750004 0.78507391875 0.4552656953125 0.7931580390625 0.45887723906250005 0.7988912953125 0.49606790156249997 0.8426618734375 0.4948345328125 0.8489210125 0.4943968515625 0.8497069953124999 0.4611882125 0.8583325281249999 0.45014295468750004 0.85395850625 0.297994109375 0.8368385249999999 0.23236179531249998
19 0.810866809375 0.4657315515625 0.8169961515624999 0.48618715156250003 0.8378404749999999 0.4930832578125 0.848170028125 0.48400726250000004 0.8580237109375 0.4457266546875 0.8533590375 0.28942129375 0.8386697046875 0.23614953593750002 0.8452606734374999 0.19600865781250001 0.8296338437499999 0.1741287671875 0.809225496875 0.1734674359375 0.7959238828124999 0.184839678125 0.7857795484375 0.21896376874999998 0.7862554187499999 0.2481683828125 0.7990555125000001 0.2744227796875 0.7853321625 0.3693613375 0.7847651 0.4508493953125 0.7981464984375 0.485416828125 0.8001012796875001 0.4685727703125 0.810866809375 0.4657315515625