14 0.596875 0.3416666671875 0.6125 0.35625 0.58125 0.3875 0.571875 0.40833333281249995 0.5640625 0.5166666671875 0.609375 0.525 0.70625 0.525 0.7109375 0.5166666671875 0.6953125 0.40625 0.659375 0.3291666671875 0.6734375 0.2770833328125 0.6734375 0.2541666671875 0.65 0.225 0.6265625 0.22291666718749997 0.6078125 0.23333333281250002 0.5984375 0.2541666671875 0.596875 0.3416666671875
19 1 0.4166666671875 0.990625 0.4166666671875 0.9703125 0.43125 0.9328125 0.5333333328125 0.903125 0.5770833328125 0.79375 0.6645833328124999 0.6734375 0.7458333328125 0.65 0.7291666671875 0.096875 0.5916666671875 0.084375 0.5854166671875001 0.078125 0.5666666671875 0.065625 0.55625 0 0.5625 0 1 0.95 1 1 0.8729166671874999 1 0.4166666671875
15 0.0859375 0.5875 0.31875 0.64375 0.3 0.5104166671875 0.2921875 0.49791666718750005 0.2359375 0.5041666671875 0.0625 0.45208333281249996 0.053125 0.4583333328125 0.053125 0.47083333281249995 0.0859375 0.5875
15 0.7875 0.53125 0.553125 0.51875 0.428125 0.5229166671875001 0.4125 0.5395833328124999 0.4265625 0.6708333328125 0.6390625 0.725 0.671875 0.7479166671875 0.803125 0.6583333328125 0.90625 0.575 0.9296875 0.54375 0.9546875 0.48541666718750004 0.959375 0.45208333281249996 0.9390625 0.4479166671875 0.8703125 0.475 0.828125 0.51875 0.7875 0.53125
9 0.2625 0.4770833328125 0.26875 0.5 0.290625 0.49791666718750005 0.296875 0.50625 0.303125 0.5708333328124999 0.309375 0.59375 0.365625 0.5979166671875 0.39375 0.575 0.39375 0.5666666671875 0.3828125 0.5625 0.321875 0.5583333328125 0.3125 0.51875 0.3046875 0.4583333328125 0.296875 0.45625 0.265625 0.46458333281249997 0.2625 0.46666666718750005 0.2625 0.4770833328125
11 0 0.4604166671875 0.0765625 0.45208333281249996 0.084375 0.36875 0.08125 0.24375 0 0.22916666718749998 0 0.4604166671875
4 0 0.1583333328125 0.04375 0.16875 0.0453125 0.23333333281250002 0.075 0.2375 0.08125 0.2479166671875 0.09375 0.25 0.228125 0.25833333281250004 0.2296875 0.075 0 0 0 0.1583333328125
19 0.7640625 0.525 0.7703125 0.5333333328125 0.828125 0.51875 0.8703125 0.4770833328125 0.7828125 0.46458333281249997 0.76875 0.46875 0.765625 0.4791666671875 0.7640625 0.525
19 0.4140625 0.5416666671875 0.434375 0.5229166671875001 0.565625 0.5166666671875 0.56875 0.47291666718750003 0.5625 0.46875 0.4671875 0.4583333328125 0.334375 0.475 0.3359375 0.5458333328125 0.4140625 0.5416666671875
21 0.30625 0.5833333328125 0.3203125 0.6458333328125 0.35 0.6541666671875 0.3859375 0.6479166671875001 0.3890625 0.6625 0.3984375 0.6625 0.4 0.6479166671875001 0.421875 0.6520833328125 0.4203125 0.5770833328125 0.41875 0.5666666671875 0.4125 0.5666666671875 0.3953125 0.56875 0.375 0.5875 0.30625 0.5833333328125
2 0.403125 0.5708333328124999 0.41875 0.5645833328125 0.4140625 0.5395833328124999 0.384375 0.5395833328124999 0.3703125 0.5520833328125 0.3734375 0.5625 0.403125 0.5708333328124999