4 0.1407684453125 0 0.115843284375 0.107962734375 0.22077343593749998 0.15356910625 0.34703443749999996 0.1840550875 0.4229772859375 0.20158787656250002 0.472448834375 0 0.1407684453125 0
4 1 0.1366829546875 0.6615435578125 0.0433864171875 0.6538121718750001 0.06298282031249999 0.6553320125 0.091129440625 0.8610962171875001 0.1514626515625 0.7665536578125 0.484565953125 0.759873465625 0.5343389140625 0.7773221171875 0.549057921875 0.8174910578125001 0.5626079171875 0.9672766312500001 0.601464909375 1 0.49886440624999995 1 0.1366829546875
4 0.53254100625 0.67856336875 0.9436007656250001 0.8012597265625001 0.9829672 0.630744965625 0.5761226609375 0.5175743015625 0.53254100625 0.67856336875
5 0.4547793828125 0.6541962828125001 0.48417464218750006 0.658844578125 0.5282249453125 0.4958255734375 0.49824452812500003 0.48676591562500005 0.48899068906250004 0.5060108343749999 0.290370103125 0.4494649921875 0.260858334375 0.43837539531249997 0.26296855625000004 0.415343109375 0.2325194921875 0.4083133890625 0.2245550859375 0.41502719531250004 0.184955634375 0.572659359375 0.21950340937499999 0.582773475 0.22817209218749998 0.5591171953125 0.24796398437499997 0.5636865140625 0.317176046875 0.5903560453125001 0.447169728125 0.6246437171875 0.4584120578125 0.63151548125 0.4547793828125 0.6541962828125001
6 0.8225856468750001 0.5613786968750001 0.7793718000000001 0.547125725 0.7593468890625 0.529673809375 0.616588425 0.4881628875 0.5891842671874999 0.4818361390625 0.5772376593749999 0.4919068484375 0.40707503593750005 0.444069178125 0.391265346875 0.43614295625 0.40321195468750004 0.426072246875 0.390447171875 0.418848996875 0.079985834375 0.3257920140625 0.028338934375000003 0.3202827875 0.0213092125 0.350731853125 0.255414871875 0.4133319359375 0.27789953125 0.4270754640625 0.3856415703125 0.46050220781249995 0.5165725484375 0.49073000625 0.541633465625 0.5072064421875 0.968324265625 0.630571578125 0.9822642281249999 0.633789871875 0.9900555015625001 0.6000421593749999 0.9170942562500001 0.589612128125 0.8225856468750001 0.5613786968750001
4 0.2633760125 0.44136204687499997 0.366690175 0.4692230015625 0.3735650171875 0.470810184375 0.372759625 0.45378644375 0.26759384375 0.423092609375 0.25927730000000004 0.43827765156250004 0.2633760125 0.44136204687499997
21 0 0.8961143578125 0.43978209843749994 0.99764605625 0.45328678437500003 0.9593375203125 0.488424940625 0.9182727312500001 0.535975740625 0.892902428125 0.589849371875 0.8818206671875 0.6884593046874999 0.8853433624999999 0.8041657499999999 0.9120563 0.90851074375 0.9532513078125 0.9431906984375 0.8030359218750001 0.9360470812499999 0.7992485546875 0 0.5179893484375 0 0.8961143578125
4 0.33497487812500004 0.617450165625 0.3404229109375 0.5938521406249999 0.229635965625 0.559722425 0.220498634375 0.5854086406250001 0.32051157343750003 0.6141110484375 0.33497487812500004 0.617450165625
4 0.3607498671875 0.512752378125 0.2583143984375 0.4810852859375 0.25133015 0.4794728453125 0.23906750625 0.518869928125 0.34244739375 0.5486169234375 0.3519627171875 0.5508137093750001 0.3607498671875 0.512752378125
4 0 0.5141942140625 0.17399838125 0.5690606109375 0.18369605 0.5712994953125 0.22707341718750002 0.4110650640625 0.0304439328125 0.35284076875000003 0.0210019359375 0.352130821875 0.0053885124999999996 0.4197599921875 0 0.443082503125 0 0.5141942140625
20 0.58573394375 0.49573923750000004 0.5813969109375 0.473891153125 0.41901484062499994 0.428384296875 0.40741974062499997 0.4257073578125 0.38663940625 0.435342240625 0.4299697625 0.45603650937499995 0.566360740625 0.49126658125 0.58573394375 0.49573923750000004
13 0.3767395421875 0.47475028124999996 0.49465354531249994 0.5019728734375 0.49543329375 0.491996759375 0.3785565328125 0.4564611 0.37223109062500004 0.469967690625 0.3767395421875 0.47475028124999996
13 0.459349353125 0.6274556062500001 0.3420039453125 0.5939498828125 0.3348577171875 0.6179576484375 0.33895642812500004 0.6210420453125 0.4547793828125 0.6541962828125001 0.459349353125 0.6274556062500001
13 0.45715762499999996 0.5831178687499999 0.4720015453125 0.58654485625 0.48119876250000004 0.5467073296875 0.3608084484375 0.5124986359375 0.35085033125 0.5486860265625 0.35448039374999996 0.5538003609375 0.45715762499999996 0.5831178687499999
13 0.5261145984375 0.6760106484375 0.5358424796875 0.67825650625 0.5762977515625 0.5237618578125 0.5274627390625 0.5060730062500001 0.4848183796875 0.6630021968750001 0.5261145984375 0.6760106484375