11 0.3190579109375 0.5445978046875 0.31308625 0.5287269921875 0.42134475312499997 0.49482979374999997 0.3884289609375 0.2721627484375 0.136168678125 0.272218128125 0.1708933046875 0.5051435875 0.22040376562500003 0.5069909171875 0.2291778671875 0.5477532484375 0.297698628125 0.5314402453125 0.298238775 0.552499725 0.23469606718749997 0.5700504343749999 0.2337891453125 0.5829031828125 0.284206528125 0.5718977640625 0.282484378125 0.5891252031249999 0.2917169515625 0.5874972515625 0.313081240625 0.5646909015625 0.40115244843750003 0.5512770437500001 0.394727328125 0.5418326062500001 0.3190579109375 0.5445978046875
4 0.24270141562499997 0.6064529390625 0.22035854375000002 0.50673445625 0.20768667968750001 0.5068533765625001 0.014072726562499999 0.5515701015625 0.06462841875 0.8472837515625 0.0696173078125 0.8519571906250001 0.0735516421875 0.8512634609375 0.25933268125 0.772758165625 0.2672098796875 0.754445428125 0.27680421875 0.7548691578125 0.2877539328125 0.7719776781250001 0.301241025 0.7674840671875 0.415929659375 0.7070673968750001 0.41774350312499997 0.6813619015625 0.5621220765625 0.6093636765625 0.5436719578125 0.504727853125 0.394050265625 0.5289947234375 0.3908810484375 0.5380154296875 0.3964909421875 0.5518345578125 0.24270141562499997 0.6064529390625
4 0 0.14823645937500002 0.29883401875 0.1779562046875 0.303720378125 0.1876719671875 0.3262566546875 0.19850651875 0.33701797187500004 0.268535059375 0.342719559375 0.2738761328125 0.38498967031250003 0.270653715625 0.3921383265625 0.28420151875 0.42861515624999996 0.2841160859375 0.5140623 0.2648185046875 0.4880200828125 0.08113343437500001 0.4811415 0.07811536875 0.2869974171875 0.029844796875000003 0 0.080450184375 0 0.14823645937500002
19 0.7350512171875 0.5743762265625 0.830008609375 0.517967575 0.8410500171875 0.5265980375 0.848835521875 0.516763353125 0.9214274140625 0.5145408046875 0.9545566453125 0.5044682828125 0.945425784375 0.42569036093749996 0.8874979796875 0.421096290625 0.8141583703125 0.4303259671875 0.8008224421874999 0.43267745 0.700762609375 0.46883107968750004 0.7164969703125 0.5760612359375 0.7294630859375 0.5753615640625 0.7350512171875 0.5743762265625
19 1 0.886504190625 0.965451121875 0.5932481593750001 0.9194716453125 0.5844318046875 0.8503190453125 0.5881633859375001 0.8115749093750001 0.6203806875 0.808767459375 0.6314530765625 0.815284275 0.632419459375 0.8174548765624999 0.64472955625 0.8062300812500001 0.65305520625 0.7816098874999999 0.6573964109375 0.7406084640625 0.6498177625 0.7074792328124999 0.6598902843750001 0.636691165625 0.7083351578125 0.596316575 0.749301840625 0.590971746875 0.781976359375 0.6055291125 0.8915295249999999 0.6134013031250001 0.9091806953124999 0.611133996875 0.9413125640625 0.625793075 0.9704598546875 0.6463171859375 0.980327034375 1 0.9179632124999999 1 0.886504190625
9 0.8565193140625 0.5873345453125001 0.940606075 0.5873160859375 0.9603399093749999 0.5732591171875 0.926130384375 0.54121268125 0.8542620265625 0.5475385953125 0.8206943593749999 0.4561457640625 0.8046748984375001 0.4462775953125 0.8391444781249999 0.5607815875 0.8565193140625 0.5873345453125001
21 0.8387889734374999 0.5137750203125 0.8527972890625 0.5488546046875 0.8567510593750001 0.5481574484375 0.8680204437500001 0.5445837484375 0.8748123421875 0.5201159609375 0.8959932437499999 0.5142657234375 0.8387889734374999 0.5137750203125
2 0.8722322468750001 0.523479675 0.8696948687500001 0.545081803125 0.929969909375 0.5447666140625 0.9326242796875001 0.5442985765625 0.95812784375 0.5337196296875 0.951886109375 0.507319078125 0.885357571875 0.51693438125 0.8722322468750001 0.523479675
21 1 0.5130327828125 0.9878190375000001 0.513147096875 0.9923336109375 0.5927389953125 1 0.5930775781250001 1 0.5130327828125
21 0.827054225 0.609189378125 0.8629909093749999 0.588044465625 0.8375604953125 0.560796453125 0.8287863921874999 0.5200341203125001 0.820730815625 0.519339065625 0.7013342015624999 0.58904776875 0.69119470625 0.6035284671875 0.722240021875 0.6086317 0.7326642156250001 0.6588871359375 0.7361495109375 0.6582725843749999 0.741693765625 0.6559728109375 0.7385295562499999 0.6290296093750001 0.82107755625 0.629282475 0.827054225 0.609189378125
3 0.48304578593749997 0.052922793749999995 0.494357265625 0.0720829953125 0.47462343125000006 0.08613996406249999 0.49615608437500003 0.154269228125 0.5134292078125 0.2612280609375 0.505643703125 0.2710627421875 0.4625583640625 0.27865985000000004 0.466986253125 0.330765896875 0.4935736265625 0.4995465390625 0.5068773296875 0.512009040625 0.5529485000000001 0.5123473390625 0.56796183125 0.5974921765625 0.5711675828125 0.5969269171875 0.604441165625 0.5794247890625 0.6185651062499999 0.551548690625 0.636576790625 0.5547191625 0.6821078140625 0.53399798125 0.6888080171875 0.5180082500000001 0.685190346875 0.4974914234375 0.6924357062500001 0.46659726093750004 0.725386559375 0.43751694218750004 0.7250298015625 0.39950135000000003 0.696811971875 0.23947009062500002 0.6907486171875 0.2320773359375 0.6853171031249999 0.237266003125 0.6867591625 0.28143664375 0.680242346875 0.2804702609375 0.6682073328125 0.25720669375 0.6726502484375 0.2014210140625 0.6835132765624999 0.191043678125 0.6936477625 0.2125268890625 0.7006180390625001 0.20706689687500002 0.6914921875 0.09232506562500001 0.68859805 0.0759116015625 0.6205357593749999 0.049834321875 0.5642384109374999 0.036490871875000004 0.4889307609375 0.041307753125 0.48304578593749997 0.052922793749999995