4 0.0878318078125 0 0.0596712875 0.1448733109375 0.12829443125 0.1603346234375 0.13544976875 0.12352360468750001 0.1109653703125 0.1102750140625 0.1173256703125 0.0775541078125 0.1441951796875 0.078532359375 0.159460325 0 0.0878318078125 0
4 0.2545516875 0.0103152 0.24762148125 0.013212756249999999 0.24716767968750003 0.023736178125 0.2918763328125 0.0557722515625 0.42224869218750005 0.081114071875 0.3560319109375 0.39720343125 0.35944073125 0.40423301875 0.5031798734375 0.44649877968749996 0.51013673125 0.44785105625000005 0.528101621875 0.44550668125000004 0.605565034375 0.1125025046875 0.5946560984375 0.0785471265625 0.2545516875 0.0103152
6 0.62018899375 0.512220159375 0.6522860703125 0.5354378125 0.6182049421875 0.5797489453125 0.614570990625 0.6066328203125 0.9628160890625 0.71411843125 0.9675267921874999 0.7150341 0.9739322296875 0.6658739390624999 0.9049643109375 0.5866758125 0.846451525 0.5519564890625 0.8238421562499999 0.5454393453125 0.8262870921875001 0.5819941421875 0.8200956406250001 0.5892799515625 0.6959147328124999 0.5566523234375 0.6729641281250001 0.543701871875 0.6796656640625 0.5174142734375 0.6758593234375 0.5124297453125 0.6008160578124999 0.48086419999999996 0.58979455625 0.4638655515625 0.4762939140625 0.4418032625 0.275138428125 0.3793570046875 0.08114182187499999 0.33740323125 0.059327490625 0.326795975 0.076255490625 0.321597140625 0.0717103953125 0.3122243578125 0.02876420625 0.3038764640625 0.0220063875 0.3386424265625 0.48152148125 0.4640426625 0.62018899375 0.512220159375
4 0 0.506273259375 0.006423454687500001 0.507521853125 0.013808053125 0.50365145625 0.008978004687500001 0.479367 0.0370892703125 0.35112471093750003 0.021807628125 0.339664953125 0 0.45185547656249997 0 0.506273259375
4 0.64071798125 0.5212511171875 0.558005753125 0.48819487656250005 0.1759190375 0.3820898453125 0.15053412187499998 0.5044951046875 0.15894183906249998 0.510374053125 0.602614853125 0.64728589375 0.60498744375 0.647747078125 0.618055871875 0.5805158421875001 0.656340859375 0.53914418125 0.6563971421875 0.530665815625 0.64071798125 0.5212511171875
6 0 0.6148208625 0.92107009375 0.9352150890625 0.9246267218750001 0.9359064265624999 0.948775984375 0.8116692359375 0.91122266875 0.7428221453125 0.134947746875 0.502791875 0 0.5120660328125 0 0.6148208625
4 0.6077568890625 0.6498771484375 0.91122266875 0.7428221453125 0.948068834375 0.813123525 0.9484778453124999 0.8132030296874999 0.967856884375 0.71350651875 0.6172410562499999 0.6092741562499999 0.6077568890625 0.6498771484375
4 0.9121681921875 1 0.9252726890625 0.9325832093749999 0 0.6149578828125 0 0.9105764484375 0.46004429375000006 1 0.9121681921875 1
13 0.0333326203125 0.3458845484375 0.002077709375 0.5066771250000001 0.0054568453125 0.5073339625 0.1524654328125 0.5027481875 0.17188756875 0.411018778125 0.1709201421875 0.3832404859375 0.0333326203125 0.3458845484375
20 0.0497272171875 0.3270521984375 0.1606225765625 0.3608114484375 0.1721899515625 0.36305991875 0.246393890625 0.37164730625 0.1490824921875 0.33999792812499996 0.05552115 0.3218114453125 0.0497272171875 0.3270521984375
10 0.671883646875 0.410050571875 0.6865390984374999 0.40016534375 0.68381275 0.406002375 0.6922204671875 0.411881321875 0.73550789375 0.4266625234375 0.735676740625 0.401227428125 0.71357745625 0.3757084984375 0.6246174921875001 0.3584164328125 0.596164990625 0.4802254125 0.678033190625 0.5059547390625 0.6856254640625 0.507430528125 0.69739529375 0.499902590625 0.7073895453125 0.44029780937499996 0.6713735625 0.42905235937499997 0.671883646875 0.410050571875
10 0.7436473828125 0.45848783437499996 0.7433624296875 0.44357616093749996 0.707687684375 0.43876401875 0.6968983953125 0.5024589125000001 0.75759005625 0.5198272828125 0.7664343703125 0.5215464437499999 0.787613740625 0.42883215156250004 0.780796096875 0.41477297812499997 0.7577927515625 0.46760439531250003 0.7436473828125 0.45848783437499996