21 0 0.440287 0.4845022421875 0.5621596609374999 0.9696497421875 0.6831205171875 0.9915739140625 0.5951874671875 0.9844974828125 0.5912760015625 0.7009606734375 0.47549298906250004 0.5099296265625 0.42142226562499996 0.49376482343749994 0.42812748593750005 0.340136025 0.39197063593750003 0.2744321265625 0.36485325625 0.2567349359375 0.34541106875 0.1920512703125 0.33357784375 0.13190364062499998 0.3035515734375 0.08591702500000001 0.2942329328125 0.0414383453125 0.27240759375 0 0.43860771875 0 0.440287
5 0.0687746125 0.2531895625 0.0972088859375 0.2723565265625 0.105547365625 0.2744355421875 0.116285465625 0.2757709078125 0.1268736234375 0.2397628203125 0.1374332546875 0.15865827500000002 0.075269609375 0.1367178015625 0.0447143703125 0.2592681734375 0.046040946875 0.2595989265625 0.0687746125 0.2531895625
3 0.6446961640625 0.0940401765625 0.48708831249999995 0.1578054890625 0.46637932343750005 0.169819053125 0.45779902968749997 0.1848566390625 0.48509674843750006 0.2045453953125 0.5669736000000001 0.23784225781249999 0.55488158125 0.2927993953125 0.6084567828125 0.316892753125 0.5817527234375001 0.436914275 0.5919270453125 0.44562396406250004 0.5951803203125 0.446435096875 0.6373439421875 0.45292183281250004 0.6449162265624999 0.4419271453125 0.73314544375 0.133269953125 0.6446961640625 0.0940401765625
5 0.55803975625 0.2930500390625 0.5479393 0.3012672703125 0.523718584375 0.353200384375 0.5015261093750001 0.4163747546875 0.53033499375 0.4286570078125 0.5524445859375 0.4341695484375 0.5844068953125 0.4391863671875 0.6121189609375 0.315121946875 0.607566625 0.3075455859375 0.55803975625 0.2930500390625
5 0 0.723511059375 0.006991834375 0.7334998046875 0.0096178109375 0.8908936921875 0.030339025 0.8982071812499999 0.034183596875 0.585687428125 0.042259885937500005 0.5726712921875 0.0897544390625 0.5694832328125 0.0993508890625 0.5632874484375 0.1033829203125 0.547115853125 0.08918523125 0.4684270609375 0.0709881109375 0.457448675 0 0.4418733640625 0 0.723511059375
5 0.8269436062500001 1 0.7740974203125 0.97011844375 0.7417555874999999 0.9642018312499999 0.49165419843749997 0.9855819078125 0.474977240625 0.9814238765625 0.475407890625 0.8634401046875 0.4915034140625 0.7472149140625 0.4924828953125 0.69807555625 0.49853909375 0.6867028656249999 0.5404773781250001 0.68642369375 0.553101928125 0.6745415671874999 0.5515287875 0.583970646875 0.37970286875000003 0.536835409375 0.3473651109375 0.5373611484375 0.3236647 0.6130422171875 0.33125328593750003 0.627816934375 0.3519785765625 0.641572778125 0.35198672656249996 0.6544574796875 0.2788124234375 0.79939356875 0.26620825 0.8434874515624999 0.21989639218749998 0.9454691421874999 0.233599978125 0.9488858296875 0.2455481640625 0.9328092296875001 0.377252128125 0.656462628125 0.4257628390625 0.662116371875 0.46316101249999997 0.6735878953125 0.47074959843749997 0.6883626125 0.45466222343749996 0.81747250625 0.452666584375 0.8577700593750001 0.4592512375 0.8830300281250001 0.452235934375 0.9757538312499999 0.446683740625 0.9851050734375001 0.41286674687499997 0.9935820546875 0.43860772031249995 1 0.8269436062500001 1
11 0.7428008203124999 0.12037914062499999 0.7342164515625 0.1289743734375 0.6464912390625 0.435610115625 0.649023484375 0.4448299234375 0.721295734375 0.471437865625 0.7268642296875 0.4878560296875 0.7950881484375001 0.5048661625 0.8319863921874999 0.5248014875 0.84007083125 0.524670053125 0.8410747640625 0.514184803125 0.8718964343750001 0.5132810625 0.8870328531249999 0.478406984375 0.9954344546874999 0.10821886875 0.8802118374999999 0.07949064375 0.801911915625 0.10935185 0.7428008203124999 0.12037914062499999
9 0.34017865 0.3595061984375 0.27498690625 0.3432520703125 0.2709548734375 0.35942366875 0.33792439375 0.390345659375 0.4966552203125 0.42992169999999996 0.5745540359375 0.23973227187499999 0.41787268749999995 0.1706076609375 0.40827623593749995 0.17680344374999998 0.34017865 0.3595061984375
2 0.1866117578125 0.34134684531250004 0.191273734375 0.3425092078125 0.2104333171875 0.337355834375 0.19980848125 0.31538276249999997 0.2099089359375 0.3071655296875 0.1851353140625 0.2838118765625 0.1644222484375 0.2893830890625 0.1270281515625 0.28435391718749997 0.06940461718749999 0.2506627515625 0.0446513703125 0.25952085468749997 0.0350752953125 0.2979283953125 0.148273746875 0.32185771406249997 0.1866117578125 0.34134684531250004
3 0.633484940625 0.6427842312500001 0.64963344375 0.61030960625 0.5616963187499999 0.5819430828125001 0.54603551875 0.5866268546875 0.5450804890625001 0.67442031875 0.51578713125 0.6950291187500001 0.5284279828125 0.70891639375 0.5264241921874999 0.736329246875 0.584080328125 0.8215592234375 0.5931687 0.8109425375000001 0.5987005187500001 0.7693795406249999 0.633484940625 0.6427842312500001
3 0.666436403125 0.6139622765625 0.6583845640625 0.665632521875 0.605451925 0.858557659375 0.6100083359374999 0.8725763703125 0.6534796359375 0.92796755 0.6586397578125001 0.9292541125 0.8394577890624999 0.953402771875 0.8968816374999999 0.6714187265625 0.6735087578125001 0.611431390625 0.666436403125 0.6139622765625