4 1 0.56875 0.7859375 0.5541666671875001 0.4171875 0.5666666671875 0.4109375 0.5770833328125 0.4046875 0.8708333328125001 0.1765625 0.9104166671874999 0.16875 0.9208333328125 0.1703125 0.95 0.1921875 0.95625 0.2546875 0.95 0.4796875 0.9041666671874999 0.4796875 0.6979166671875 0.4984375 0.6895833328125 0.5265625 0.69375 0.5421875 0.7229166671875 0.5484375 0.7229166671875 0.575 0.7145833328125 0.7546875 0.7 0.765625 0.6958333328124999 0.771875 0.66875 0.8109375 0.6708333328125 0.8203125 0.6833333328125 0.8203125 0.8520833328125 0.9125 0.8583333328125 1 0.88125 1 0.56875
13 0.18125 0.60625 0.1828125 0.61875 0.1734375 0.63125 0.175 0.7375 0.1828125 0.76875 0.1875 0.8604166671875 0.1984375 0.8791666671874999 0.271875 0.8708333328125001 0.278125 0.8770833328125001 0.234375 0.8854166671874999 0.328125 0.8875 0.3640625 0.8729166671874999 0.35625 0.8583333328125 0.3953125 0.85625 0.4046875 0.81875 0.4046875 0.6395833328125 0.3875 0.5958333328125 0.3640625 0.5833333328125 0.3078125 0.59375 0.2046875 0.5916666671875 0.18125 0.60625
6 0 0.5729166671875 0.8046875 0.5520833328125 0.978125 0.5625 0.978125 0.5458333328125 0.9171875 0.5375 0.684375 0.525 0.578125 0.5270833328125 0.5171875 0.5083333328124999 0.4484375 0.5083333328124999 0.3671875 0.5104166671875 0.3671875 0.5166666671875 0.4109375 0.5416666671875 0.340625 0.5479166671875 0.1828125 0.5479166671875 0.14375 0.5125 0.06875 0.5145833328125 0.075 0.55 0 0.55625 0 0.5729166671875
4 0 0.99375 0.096875 0.9770833328125 0.10625 0.9625 0.10625 0.5833333328125 0.0359375 0.5770833328125 0 0.5791666671875 0 0.99375
18 0 0.5708333328124999 0.0375 0.55625 0.071875 0.5541666671875001 0.08125 0.5458333328125 0.075 0.51875 0.0671875 0.5125 0 0.5083333328124999 0 0.5708333328124999
20 0.1734375 0.5479166671875 0.4109375 0.5458333328125 0.3984375 0.5270833328125 0.359375 0.5104166671875 0.2046875 0.50625 0.1625 0.5083333328124999 0.1453125 0.5229166671875001 0.1734375 0.5479166671875
10 1 0.4166666671875 0.8671875 0.40416666718750005 0.8578125 0.4479166671875 0.85625 0.5166666671875 0.8609375 0.525 1 0.5354166671875 1 0.4166666671875
5 0.5328125 0.71875 0.525 0.7 0.4875 0.69375 0.48125 0.7333333328125 0.4828125 0.9895833328125001 0.5015625 0.9895833328125001 0.5125 0.9708333328125001 0.5203125 0.9708333328125001 0.515625 0.98125 0.540625 0.9833333328125 0.8171875 0.9208333328125 0.815625 0.6916666671875 0.8109375 0.6854166671875 0.8 0.69375 0.7984375 0.6770833328125 0.7921875 0.6770833328125 0.7859375 0.6958333328124999 0.771875 0.6916666671875 0.5328125 0.71875
4 0.534375 0.8125 0.540625 0.825 0.55 0.825 0.765625 0.7895833328124999 0.76875 0.7520833328125 0.74375 0.75 0.5421875 0.775 0.5359375 0.78125 0.534375 0.8125
4 0 0.2416666671875 0.09375 0.2479166671875 0.1 0.23541666718749998 0.0984375 0.0041666671875 0 0.0041666671875 0 0.2416666671875
4 0.525 0.5041666671875 0.56875 0.525 0.7328125 0.5208333328125 0.740625 0.4770833328125 0.74375 0.3145833328125 0.759375 0.1166666671875 0.5890625 0.0916666671875 0.54375 0.1145833328125 0.5390625 0.1270833328125 0.525 0.5041666671875
16 0.1078125 0.96875 0.1578125 0.9645833328125001 0.190625 0.95 0.2375 0.95 0.26875 0.9354166671874999 0.2484375 0.925 0.2515625 0.9104166671874999 0.2421875 0.9020833328125001 0.19375 0.9166666671874999 0.18125 0.9083333328125001 0.1734375 0.7979166671875 0.178125 0.68125 0.1734375 0.5791666671875 0.128125 0.5729166671875 0.1015625 0.58125 0.0984375 0.9625 0.1078125 0.96875