4 0.7627253234375 0.616608209375 0.3564910171875 0.6165971531250001 0.3466069671875 0.611188021875 0.346166203125 0.588222378125 0.3559726359375 0.5748166796875 0.3889458078125 0.5572928609375001 0.46677351875 0.55048381875 0.6942896234375 0.5514916515625 0.69807775625 0.505151825 0.683628003125 0.483411809375 0.618719834375 0.47654279062500005 0.30714980000000003 0.4828887234375 0.313452221875 0.626636434375 0.321131034375 0.6426949546875 0.3462174765625 0.64259146875 0.361211953125 0.6705576984375 0.3803548875 0.9072901203124999 0.904950121875 0.9382489406250001 0.91002996875 0.9378045125 0.9206080890624999 0.9332192875 0.9179912546875 0.6343935703125 0.9124137187500001 0.6244250859375 0.7627253234375 0.616608209375
6 0.8087102359375 0.460966428125 0.79799593125 0.4639951 0.8060378921875 0.4842044328125 0.7955051609375 0.489308509375 0.717132728125 0.48989133437500004 0.7088052328125001 0.484346021875 0.7036948046875 0.4617889234375 0.6148935984375 0.4507364 0.46821435468750006 0.45938658749999994 0.41749674687500005 0.453367346875 0.29590394375 0.46191404843750006 0.2265076859375 0.45752897656249997 0.21890648906250001 0.4602852875 0.2240169171875 0.48284238593750006 0.6106647015625 0.474110584375 0.6868318999999999 0.48417714843750004 0.6945107125 0.500235671875 0.6953146265625 0.527352125 0.7050171 0.5306858515624999 0.8741949203124999 0.5315693953125 0.890830578125 0.5301139640625 0.9069020406250001 0.5255709562499999 0.9021547625 0.5071646671875001 0.8653685265625001 0.481104965625 0.8087102359375 0.460966428125
6 0.3465747453125 0.5928920421874999 0.348390490625 0.6136460968749999 0.925923378125 0.6174920921875 0.9242892078124999 0.5988134406250001 0.8779044562499999 0.5526805890625 0.39192273437499997 0.55546394375 0.3532680703125 0.579758703125 0.3465747453125 0.5928920421874999
5 0.24326463281250002 0.9179769078125 0.2619432828125 0.9163427375 0.23115182812500001 0.7078162156250001 0.22300732031249998 0.57886870625 0.21174829218750002 0.5756711609375 0.213590378125 0.5608709593750001 0.2229297046875 0.560053875 0.221295534375 0.541375225 0.208661525 0.5403892640625 0.18878947031249999 0.5463104265625 0.180539590625 0.5595799453125 0.17101869218750002 0.5583216265625001 0.1722897125 0.5728494656249999 0.1654148140625 0.5839073984375001 0.1483966765625 0.5686659609375 0.14333752187499998 0.6004779499999999 0.1284206609375 0.5913265484375 0.13373900625 0.5804047984375 0.10177766562499999 0.5915662171875 0.09005152968749999 0.6009572859375 0.0938909359375 0.6089865484375 0.08325424687500001 0.6308300499999999 0.0505666078125 0.6336898484375 0.048906095312499995 0.6505654562500001 0.0196947140625 0.6573037015625001 0.016322415625 0.6366858265625 0.028048551562500003 0.6272947578125 0.0111080296875 0.630868153125 0.0437138171875 0.9856263328124999 0.056347825 0.9866122921875 0.064960853125 0.9774935843750001 0.06270434375 0.9337738859375 0.1365886890625 0.9356750078125 0.17622884218749998 0.9405721078125 0.1854378671875 0.9920487078125 0.20087687031249998 0.99671043125 0.201768646875 0.9966324109375 0.2086046046875 0.9879305875 0.1935851984375 0.8700410109375 0.2361568859375 0.87259034375 0.24326463281250002 0.9179769078125
21 0.14648061875 0.528837646875 0.0004500546875 0.5269746265624999 0.013704990625 0.6784792375 0.149255509375 0.6143378187499999 0.14648061875 0.528837646875
4 0 0.23557803906250002 0.0100477484375 0.3319062546875 0.1444852890625 0.3303395390625 0.16371844687499998 0.32865685624999996 0.1705544078125 0.3199550328125 0.1543942796875 0.13524393125 0 0.144809303125 0 0.23557803906250002
18 0 0.47976706562500004 0.0044197624999999996 0.482710203125 0.073271296875 0.4808690578125 0.0927802046875 0.470797084375 0.096801184375 0.48090175 0.16876582812500002 0.47878824375000006 0.2131796015625 0.46653737656249994 0.1980811671875 0.45531057031250005 0.16933689375 0.44946020156250005 0.0010474640625 0.46209232812499995 0 0.46527847187500004 0 0.47976706562500004
4 0.5321398578125 0.18610854062499999 0.42006795468749997 0.1959135609375 0.4116365015625 0.207107675 0.43464518593749996 0.4163151015625 0.4594460953125 0.43087563281249996 0.47703529843750003 0.416789028125 0.497452078125 0.41709408437500006 0.472987975 0.44223861875 0.479758915625 0.4479201125 0.5306970265625 0.45496570937499997 0.53951749375 0.45419401718749997 0.5520867078125 0.44995741718750004 0.55608275625 0.3701387375 0.5455001640625 0.195396121875 0.5321398578125 0.18610854062499999
13 0.21414239375 0.495469809375 0.2228330375 0.5051659328125 0.234920909375 0.6254032781250001 0.25606398750000003 0.63400995625 0.2959279375 0.6354891296875 0.3064818421875 0.6345657828125 0.30976581406250003 0.5665729140625 0.299752875 0.48797986250000003 0.22257384687499998 0.484275696875 0.21414239375 0.495469809375
20 0.332671128125 0.4519006390625 0.24340281406250003 0.45343673124999995 0.2133611765625 0.46861278124999994 0.2263583328125 0.4737495515625 0.341180196875 0.4595213578125 0.332671128125 0.4519006390625
10 0.6253223718750001 0.46237174843749995 0.6804632828125 0.46068448125000006 0.6988695234375 0.45907414375 0.6998817421875 0.4182054046875 0.7547242875 0.41758988593749996 0.75290854375 0.3968358296875 0.7148249437499999 0.3918025484375 0.7050448546875 0.369653990625 0.6175146687499999 0.37312930624999996 0.6253223718750001 0.46237174843749995