19 0.376559540625 1 0.3774477421875 0.8358037328125001 0.3762371953125 0.8295760062499999 0.28737197187499997 0.8115293875 0.10460093749999999 0.7515517875 0.0718560734375 0.9157647750000001 0.08822974375 1 0.376559540625 1
5 0.7764412484375 0.4461326203125 0.709337828125 0.459176203125 0.6963436890625 0.45374328437500006 0.5970737234375 0.46508068593749996 0.5852866546875 0.460739590625 0.5815950921875 0.4468661640625 0.556670965625 0.45171092343749997 0.6113275781249999 0.7687208984375 0.7220284203125 0.780364184375 0.86127356875 0.7767759062499999 0.8713334125 0.7748204703125 0.8659441640625 0.7202896109375 0.8646687921874999 0.7137283875 0.8455871234375 0.7046150984375 0.8034255359375001 0.4262964109375 0.77871468125 0.42712035156250006 0.7764412484375 0.4461326203125
21 0.3655392 0.5565123296875 0.3823678203125 0.5611999015625 0.408276890625 0.7047265390625 0.420061746875 0.7448823250000001 0.4256074515625 0.7452634484375 0.42998224687500003 0.7444130734375001 0.41225871875 0.6177330390625 0.5662755703125 0.6116713671875 0.581996575 0.6024719375 0.56949914375 0.5381782281249999 0.5537871828125 0.4655360125 0.5154423718750001 0.47298948906250005 0.36255780937500004 0.54117440625 0.3655392 0.5565123296875
5 0.3854423578125 0.5821350421875 0.3818659640625 0.5637360874999999 0.36936972031250004 0.562400021875 0.40698514843750005 0.72023185 0.40703556250000006 0.7202220500000001 0.3854423578125 0.5821350421875
5 0.36438098124999996 0.45433521250000003 0.360476146875 0.444482603125 0.3413037421875 0.44820934062499995 0.35922171718749996 0.53532325 0.3769659171875 0.5318741265625 0.381205175 0.5306521625 0.3796441265625 0.5123852421875 0.3902241265625 0.515634515625 0.417492040625 0.502375446875 0.42331411562500004 0.51185538125 0.437598603125 0.506525334375 0.42908300625000007 0.4627163875 0.423034915625 0.43364886562500005 0.4059930234375 0.43298211093749994 0.405566478125 0.44102374843750003 0.36438098124999996 0.45433521250000003
5 0.41806342656249995 0.620982015625 0.41181480625000005 0.6195437171875 0.41834483906250003 0.66337384375 0.4320469359375 0.70315695625 0.4365168078125 0.76197853125 0.4415583578125 0.7623250078125 0.437726090625 0.727255665625 0.46101660312500004 0.72936071875 0.4655590421875 0.7629655625 0.4773461125 0.767306659375 0.48473144843749993 0.759238825 0.481892978125 0.729282125 0.5313146875 0.7276342421875001 0.5399752328125 0.7670708765625001 0.5618454046875 0.772104925 0.5560255421875 0.7268103015625 0.5710094890625 0.7066538140625 0.58463901875 0.77165365625 0.6079651453125 0.7718947515625 0.610461215625 0.7714095640624999 0.585428396875 0.6375283609375 0.4721704953125 0.6383202015625 0.42878191875000005 0.6812418921875001 0.41806342656249995 0.620982015625
21 0.7096700125 0.5417497203125 0.702994846875 0.5483530562500001 0.60635229375 0.5578532875 0.6103274812499999 0.578303853125 0.6177831703125001 0.5808339765625 0.7913350984374999 0.5691180359375 0.795034253125 0.5683989921875 0.7911132734375 0.5482272984375001 0.779754825 0.5440440609375 0.7250782906250001 0.549366284375 0.7096700125 0.5417497203125
21 0.5945219296875 0.5072273609375 0.5994205609375001 0.5221926109374999 0.608793490625 0.5243500609375 0.7787359031250001 0.507897278125 0.7846424828125 0.5067491546875 0.7805927609375 0.48591514062499996 0.7793575500000001 0.480584134375 0.5970789875 0.4947922328125 0.5945219296875 0.5072273609375
21 1 0.4669507515625 0.9825907609375 0.4636293171875 0.9725098734375001 0.42712167812499996 0.8137350953125001 0.4394140109375 0.8087638984375 0.44966549218749996 0.82934779375 0.586268515625 0.8373707343750001 0.601952915625 1 0.59415478125 1 0.4669507515625
7 0.40047523749999997 0.4404216390625 0.40473626406249996 0.43163465624999997 0.42199142968750003 0.42828059218750003 0.44044923750000003 0.4976477265625 0.4475749109375 0.49745644687499996 0.46149407656249997 0.494750834375 0.5036478234375 0.474751534375 0.471579425 0.2637118296875 0.440473584375 0.103686146875 0.3384332875 0.1314794953125 0.329627609375 0.14247632500000001 0.38101920625 0.4375712375 0.40047523749999997 0.4404216390625
4 0.451855478125 0 0.4326830765625 0.0037267374999999997 0.314211015625 0.0396219765625 0.31662294062499996 0.0776203125 0.32507021406250003 0.12107776562499999 0.331602459375 0.12909320468750002 0.44542982656249996 0.1056409515625 0.47055837343749995 0.24003412968750001 0.594468840625 0.2172748296875 0.617963771875 0.3586178203125 0.6428309546875 0.3560391015625 0.6471650796875 0.35519663281249997 0.62933315 0.227741796875 0.9442575062499999 0.1691796109375 0.9120335390625 0 0.451855478125 0
10 0.4896764171875 0.36909600781249996 0.53415595625 0.3676129125 0.5843876234375001 0.35784886562499996 0.61458068125 0.351449346875 0.5918662734375 0.219239815625 0.4684527046875 0.2445554375 0.4896764171875 0.36909600781249996
16 0.0074472640625 0.586457375 0.011635723437499999 0.6028871234375 0.0238493390625 0.5991865828125 0.11459946406249999 0.569608459375 0.11431583906250001 0.5630313203124999 0.04167396875 0.5731721078125 0.0074472640625 0.586457375
16 0.028292153125000004 0.6936950328125 0.0309899171875 0.7024558187500001 0.0370540484375 0.701409715625 0.09779225312499999 0.6896034046875 0.12585815 0.6787094859375 0.1346638296875 0.66771265625 0.08211780937499999 0.668641390625 0.028292153125000004 0.6936950328125
16 0 0.5064606984375 0.0249773078125 0.5016056015625 0.045967562499999996 0.496994928125 0.10000885156249999 0.4812394390625 0.09994888125 0.48093091718750003 0.08495219375 0.4774789984375 0 0.495182515625 0 0.5064606984375
16 0 0.409767125 0.074873946875 0.3979937328125 0.0798204375 0.3970322328125 0 0.402909321875 0 0.409767125
16 0 0.3197244875 0.057106856250000004 0.3139013390625 0.06515926562499999 0.312336109375 0.0591869265625 0.30500770781250003 0 0.3068660515625 0 0.3197244875
16 0 0.23268058749999998 0.014822239062500001 0.22979943593750002 0.049640728125 0.22211790625 0.04889256875 0.2182689546875 0.048012221875 0.2157871703125 0 0.21227520000000002 0 0.23268058749999998