3 0.2861020484375 0.60964203125 0.3106305484375 0.6137788843750001 0.6251792953125 0.5683639453125 0.6418748484375 0.5654200687500001 0.6445419265625 0.5549012984374999 0.6314216109374999 0.5254826828125 0.605466078125 0.3692834625 0.5784352625 0.135001378125 0.5776350609375001 0.031484340625 0.41624842656250005 0.0430173828125 0.1472571421875 0.0782838390625 0.1356681328125 0.08032729375 0.1665871625 0.22877602968750002 0.2222942765625 0.5806990937500001 0.265287921875 0.5815800421875 0.2861020484375 0.60964203125
4 0.6764964328125 0 0.6885490734374999 0.102628075 0.6932520453125 0.12929995156250002 0.698591865625 0.132589340625 0.8099476859375001 0.11850742031249999 0.8276984046875 0.1153774890625 0.9290494234375 0.0538749578125 0.919549815625 0 0.6764964328125 0
4 1 0.6205668625 0.9959500296874999 0.6222468015625 0.98889306875 0.6002209406250001 0.99061521875 0.582993503125 0.9795738109375 0.574363040625 0.9304251171875 0.57456739375 0.917844946875 0.56620825625 0.8755748359375 0.569430671875 0.8772052921875 0.560681290625 0.889153621875 0.55645900625 0.9805724265625001 0.5530322375 0.9785852125 0.5237660265625 0.8621894546875 0.4935184078125 0.8469035453125 0.4158257859375 0.735027371875 0.4292061578125 0.73248999375 0.4508082875 0.7718258984374999 0.7188836796875 0.86115076875 0.8025604843749999 0.8657670546875 0.8017465078124999 0.8675808984375 0.7760410125 0.927139159375 0.7718857 0.9341961218750001 0.7939115625000001 1 0.844678225 1 0.6205668625
11 1 0.4562556703125 0.9428417921875001 0.1320953640625 0.9366867437499999 0.133180665625 0.8232668000000001 0.182796271875 0.827149534375 0.2498067484375 0.85716618125 0.492024240625 0.9751006999999999 0.5220005343749999 0.9813424328125 0.548401084375 0.8729972453125001 0.5548124328124999 0.872452090625 0.5697168625 0.98142911875 0.5758869375 0.9890312343750001 0.5830083687500001 0.9924655171874999 0.620481309375 1 0.6179709812499999 1 0.4562556703125
9 0.15376975937499998 0.623985028125 0.0775551875 0.641654659375 0.06551516406249999 0.654355 0.079088940625 0.6773472421875 0.14247690625 0.674103253125 0.15199801562499998 0.672424425 0.189064584375 0.6621865125 0.19089345468750002 0.528589290625 0.15758584375 0.5196540171875 0.15376975937499998 0.623985028125
21 0.0868531578125 0.820359171875 0.0953621953125 0.8146278546874999 0.09473035625000001 0.80204643125 0.1082174484375 0.797552821875 0.2016284765625 0.7874283546874999 0.2231583734375 0.9184933984375 0.24008440156250002 0.9155088828125001 0.217107790625 0.7762370453125 0.22263099999999997 0.762570321875 0.2345793296875 0.7583480359375 0.2660881234375 0.685097078125 0.2854451640625 0.7768801546875 0.288696059375 0.8313092078125001 0.30951519375 0.8234072906250001 0.301913078125 0.816285859375 0.28545518125 0.7049523359375 0.2914318515625 0.6848592390625 0.28383474375 0.6417739 0.2925271703125 0.6190864703125001 0.2861020484375 0.60964203125 0.2006446859375 0.62100839375 0.1884459546875 0.623159359375 0.1891550265625 0.6626994328125 0.139461178125 0.677808215625 0.1312222125 0.694069271875 0.131400590625 0.7130770671875 0.1217145578125 0.72113139375 0.10469648125 0.7325940281250001 0.034366884375000004 0.7386486171875 0.046305196874999996 0.8063541515624999 0.082420259375 0.8042170343749999 0.0868531578125 0.820359171875
2 0.10719123593749999 0.732683003125 0.1328941328125 0.71254928125 0.13226229218750002 0.699967859375 0.14231009375 0.6939652187500001 0.1362467390625 0.6865724609375 0.1471097671875 0.676195128125 0.0625695453125 0.6826399624999999 0.0527918171875 0.69917234375 0.0288951578125 0.7076169140624999 0.0346834296875 0.7404438390625 0.09036103281249999 0.735650621875 0.10719123593749999 0.732683003125
21 0.0528370390625 0.6994288046875 0.077278853125 0.6760798046875001 0.0667826 0.6525449125 0.072667575 0.6409298703124999 0.055877479687499995 0.6401883421875 0.0524633546875 0.6407903453125 0.020981503125000002 0.662736353125 0.028488170312499998 0.705308771875 0.0346432140625 0.704223471875 0.0528370390625 0.6994288046875
19 0.0492243765625 0.6429480671875 0.1523214390625 0.624769275 0.15458874375 0.5926374062499999 0.1446326359375 0.590161990625 0.1308854890625 0.5121980453125 0.072058815625 0.5167532265625 0.06670755625 0.5176967968749999 0.06615576875 0.6039995796875 0.0130226296875 0.61759933125 0.020891062499999998 0.6622234328125 0.021990176562499998 0.662029628125 0.0492243765625 0.6429480671875
15 0 0.543744334375 0.0138366046875 0.6222156171875 0.056825771875 0.6146354671875 0.06728754375 0.6014201124999999 0.0682094921875 0.4806756375 0.06223783125 0.46480482500000003 0.0461266765625 0.4634147125 0 0.4801584484375 0 0.543744334375
19 0.1918757921875 0.624141190625 0.27958523281250003 0.60867565 0.2687272125 0.583089075 0.193057796875 0.5858542734375 0.1859958265625 0.599792321875 0.1918757921875 0.624141190625
19 0.5347462515625 1 0.830557528125 0.9478404906250001 0.6474625015625 0.7064358796875 0.6042854671875 0.72251104375 0.5767661296875 0.7464026953125 0.54354019375 0.8009171828125 0.5310417000000001 0.8560078062500001 0.5409827796875 0.9663749484374999 0.52324116875 0.9737342171875 0.378057384375 0.9781793140625 0.236079903125 1 0.5347462515625 1