14 0.0625 0.14791666718750002 0.0390625 0.24583333281250003 0.0421875 0.4125 0.0359375 0.47083333281249995 0.059375 0.5875 0.0578125 0.8916666671875 0.0625 0.9145833328125 0.075 0.91875 0.15625 0.8979166671875 0.153125 0.8729166671874999 0.1265625 0.85 0.11875 0.8229166671874999 0.1265625 0.7041666671875 0.13125 0.7020833328125 0.1390625 0.7291666671875 0.1765625 0.74375 0.1765625 0.73125 0.1578125 0.71875 0.153125 0.70625 0.1328125 0.7 0.1109375 0.5958333328125 0.1171875 0.50625 0.1546875 0.49375 0.146875 0.3125 0.1203125 0.19583333281249998 0.1203125 0.1854166671875 0.1390625 0.1625 0.1421875 0.1270833328125 0.1359375 0.08541666718749999 0.1203125 0.054166667187499996 0.103125 0.04375 0.078125 0.04375 0.065625 0.05 0.0546875 0.07083333281250001 0.0625 0.14791666718750002
19 0.1984375 0.58125 0.203125 0.6375 0.228125 0.6395833328125 0.240625 0.61875 0.2421875 0.5875 0.25625 0.5875 0.265625 0.6041666671875 0.275 0.58125 0.228125 0.5625 0.21875 0.5395833328124999 0.23125 0.5291666671875 0.275 0.51875 0.2953125 0.4583333328125 0.2984375 0.375 0.30625 0.3416666671875 0.1890625 0.3270833328125 0.1734375 0.3416666671875 0.159375 0.50625 0.1984375 0.58125
21 0 0.64375 0.015625 0.5833333328125 0.0515625 0.5791666671875 0.04375 0.49583333281249997 0 0.5083333328124999 0 0.64375
21 0.2171875 0.55 0.2234375 0.55625 0.30625 0.58125 0.3484375 0.7145833328125 0.3390625 0.7375 0.3265625 0.74375 0.3328125 0.7541666671875 0.2828125 0.85 0.284375 0.8645833328125001 0.303125 0.875 0.31875 0.8708333328125001 0.346875 0.8145833328125001 0.3578125 0.80625 0.3625 0.78125 0.36875 0.78125 0.4171875 0.9333333328125001 0.45 0.9583333328125001 0.4625 0.95625 0.3921875 0.73125 0.459375 0.6041666671875 0.5875 0.5791666671875 0.6015625 0.5479166671875 0.571875 0.5520833328125 0.484375 0.5354166671875 0.3828125 0.5479166671875 0.378125 0.5375 0.396875 0.5229166671875001 0.4265625 0.5291666671875 0.4453125 0.5208333328125 0.5 0.5333333328125 0.546875 0.5125 0.54375 0.5020833328125 0.53125 0.5 0.2375 0.525 0.21875 0.5333333328125 0.2171875 0.55
2 0.4828125 0.5354166671875 0.4796875 0.5270833328125 0.4609375 0.5208333328125 0.3921875 0.51875 0.3796875 0.5354166671875 0.3796875 0.5458333328125 0.4828125 0.5354166671875
5 0.7515625 0.5145833328125 0.7375 0.5479166671875 0.734375 0.5916666671875 0.7265625 0.6125 0.7265625 0.6208333328125 0.7421875 0.625 0.740625 0.6395833328125 0.7140625 0.63125 0.68125 0.6416666671875 0.684375 0.53125 0.6734375 0.5083333328124999 0.653125 0.50625 0.6140625 0.5291666671875 0.590625 0.5708333328124999 0.5859375 0.625 0.59375 0.6645833328124999 0.5640625 0.6625 0.48125 0.6895833328125 0.5296875 0.7166666671875 0.5984375 0.7229166671875 0.646875 0.7083333328125 0.6703125 0.6645833328124999 0.7265625 0.6770833328125 0.7734375 0.6666666671875 0.7875 0.65 0.8 0.6104166671875 0.8109375 0.5270833328125 0.79375 0.47291666718750003 0.775 0.4604166671875 0.753125 0.4604166671875 0.7296875 0.475 0.7296875 0.5083333328124999 0.7515625 0.5145833328125
5 0.5421875 0.6270833328125 0.571875 0.61875 0.571875 0.6 0.565625 0.59375 0.509375 0.5895833328125 0.4828125 0.59375 0.4609375 0.6104166671875 0.5421875 0.6270833328125
5 0.5046875 0.5020833328125 0.503125 0.48333333281249996 0.4890625 0.45625 0.453125 0.4458333328125 0.434375 0.47083333281249995 0.43125 0.5083333328124999 0.5046875 0.5020833328125
5 0.3734375 0.5125 0.3671875 0.48125 0.353125 0.4625 0.33125 0.45 0.3078125 0.45 0.284375 0.47291666718750003 0.2765625 0.5208333328125 0.3734375 0.5125
5 0.125 0.7020833328125 0.1375 0.7270833328124999 0.159375 0.7458333328125 0.203125 0.7645833328125 0.271875 0.7625 0.34375 0.7333333328125 0.34375 0.725 0.2609375 0.6895833328125 0.1859375 0.6979166671875 0.203125 0.6458333328125 0.196875 0.575 0.1609375 0.5166666671875 0.14375 0.5041666671875 0.11875 0.5 0.1078125 0.5291666671875 0.109375 0.6291666671875 0.125 0.7020833328125
11 0.5015625 0.42291666718750004 0.5484375 0.41041666718750003 0.578125 0.4166666671875 0.590625 0.4270833328125 0.634375 0.42083333281249996 0.65625 0.4291666671875 0.671875 0.25 0.653125 0.24375 0.4875 0.2520833328125 0.4734375 0.4166666671875 0.5015625 0.42291666718750004
9 0.5375 0.5166666671875 0.496875 0.5270833328125 0.49375 0.5395833328124999 0.5703125 0.5541666671875001 0.60625 0.54375 0.640625 0.5041666671875 0.6359375 0.4916666671875 0.6453125 0.42291666718750004 0.64375 0.4166666671875 0.6234375 0.4166666671875 0.6015625 0.42291666718750004 0.578125 0.5208333328125 0.5375 0.5166666671875