16 0.6126320015625 0 0.6134747015625 0.0149031109375 0.619639484375 0.0166664671875 0.6059177109375 0.03831813125 0.5946754375000001 0.042527889062500004 0.36197846718750004 0.056823001562499996 0.35037723593750003 0.0163772984375 0.321365475 0.0204546359375 0.3167689078125 0.057917270312500005 0.17993097656249998 0.0666295515625 0.163733178125 0.063646484375 0.14922903437499999 0.044646834375 0.1008761015625 0.051442396875 0.201068871875 1 0.2553358859375 1 0.2606640890625 0.984903165625 0.238681303125 0.7723523828125 0.26038000625 0.7653581890625001 0.722874509375 0.71613738125 0.7255334859375 0.7210232046875 0.7154394859375001 0.7263864640625 0.7241412781250001 0.7462015796875 0.721783746875 0.7504775484375 0.7156799484375 0.742131225 0.716763765625 0.7919443296875001 0.7403217125 0.95956783125 0.7936301703125 0.9599650953125 0.801004209375 0.95629898125 0.792549825 0.86807535 0.6851350703125 0.009753309375 0.68376433125 0 0.6126320015625 0
2 0.3075396984375 0.7163912015625 0.3228781046875 0.6599309984375 0.29108415781249997 0.394410725 0.28841975 0.37545246875 0.213081140625 0.3768842765625 0.25469612812500003 0.7221085375 0.2888754703125 0.7190142875000001 0.3075396984375 0.7163912015625
2 0.4085003625 0.705357815625 0.4073160859375 0.62781486875 0.3819488828125 0.4122333875 0.375886884375 0.369100021875 0.3185504765625 0.3681099734375 0.3559348 0.71129905625 0.3848557828125 0.7086808453125 0.4085003625 0.705357815625
2 0.4812153796875 0.6904048203125 0.45201294843750006 0.3943219296875 0.44739625 0.3614724125 0.3950320984375 0.36498748281250004 0.4302418421875 0.6927036281250001 0.477427859375 0.690937121875 0.4812153796875 0.6904048203125
2 0.5277860125 0.70121615625 0.56369978125 0.6961688046875001 0.5319389390625 0.37921956093750003 0.52850821875 0.35480871875000003 0.463789796875 0.357428028125 0.49537524062499994 0.659355940625 0.512355409375 0.702990321875 0.5277860125 0.70121615625
2 0.586008984375 0.6867220281249999 0.614821784375 0.6826726546875 0.6337036703125001 0.679493025 0.600427234375 0.361322940625 0.59888784375 0.3503696015625 0.5297125312500001 0.353554196875 0.557046396875 0.63645758125 0.558411265625 0.6461691359375 0.586008984375 0.6867220281249999
2 0.6008089437499999 0.350005159375 0.6037083828124999 0.37063574374999997 0.630883684375 0.6482007484375 0.659590525 0.6770382578125 0.696949128125 0.6727082640625001 0.7129847234375 0.6704546078125 0.7147755890624999 0.64167003125 0.685059090625 0.323569409375 0.682678778125 0.306632609375 0.6661489921875 0.3026907046875 0.58527849375 0.31668607187500003 0.585457971875 0.3390138 0.6008089437499999 0.350005159375
2 0.3557726578125 1 0.3203418734375 0.9253671812500001 0.29302029687500003 0.9555045718749999 0.26860163125000003 0.964195909375 0.25854695156249996 1 0.3557726578125 1
2 0.5118897609374999 1 0.49801366874999997 0.9012664703125 0.452127403125 0.9115795 0.4375012921875 0.9057457890625 0.4444195140625 1 0.5118897609374999 1
2 0.515256321875 0.9986935234375001 0.5404299734375 0.9960760125 0.5871026609375 0.98951659375 0.5867949640625 0.9828539515625 0.584092271875 0.9636233000000001 0.561441621875 0.8922717499999999 0.5165335093750001 0.9025278125 0.5019073984375 0.8966941 0.515256321875 0.9986935234375001
2 0.6603220875 0.96712938125 0.66001469375 0.9649421578125 0.6220460546875 0.8828339359375 0.6143095859375001 0.8839212249999999 0.6134627578125 0.8919295171874999 0.565170809375 0.892142109375 0.5919904828125 0.9919853671875 0.6057545609375 0.9900509515625 0.6605385046875 0.9812996671875001 0.6603220875 0.96712938125
2 0.7264556625 0.9717726390625 0.7327661109375 0.9661521953125 0.730974671875 0.95340544375 0.686391525 0.8761575531249999 0.6767209390625 0.8775166656250001 0.6758741109375 0.8855249562499999 0.6275821609375 0.8857375484375 0.66571218125 0.9816244578125 0.7264556625 0.9717726390625