5 0.1884098875 0.4184767421875 0.1611036109375 0.41704567968750006 0.15673717812500002 0.4518474921875 0.1561556671875 0.462943378125 0.16102907187499998 0.7729983500000001 0.13089384843750002 0.9748227875 0.162101021875 0.9764582859375001 0.1811634546875 0.8366393203125 0.19223165 0.8307000296875 0.23550342500000002 0.8447026390625 0.2197073921875 0.9781734390624999 0.23517468749999998 0.9815917859375001 0.2403915359375 0.9753458374999999 0.248832421875 0.9262411359374999 0.26171477187500003 0.9230046609375 0.29523430624999997 0.9364961765625001 0.26075155625 0.9850184046875 0.2662728234375 0.9853077625 0.2897872390625 0.9844539093750001 0.32331136875 0.9418792437500001 0.3318839484375 0.9462401249999999 0.32970328437499996 0.9878496890624999 0.3453068703125 0.9886674390625 0.36374308125 0.7413767453125 0.3646736671875 0.7236201062500001 0.28200842656249997 0.7037141359375 0.28139691093749997 0.416830634375 0.26382500625 0.4125196671875 0.2608993375 0.41236633906250003 0.25445254687499996 0.42715337187499997 0.2052824640625 0.43239970000000005 0.19162932500000002 0.43168416875000004 0.1884098875 0.4184767421875
4 0.1933377875 0.5894116171875 0.1928349875 0.6363245953125001 0.19483525468750001 0.637342134375 0.2018657375 0.6377105859375 0.2546618015625 0.613487396875 0.2521707828125 0.567721390625 0.2066290140625 0.5783733484375 0.1933377875 0.5894116171875
4 0 0.725323984375 0.1577093328125 0.6553456609375 0.15632243437499999 0.4205763328125 0.175192421875 0.4150459171875 0.19065971718750002 0.41846426406250004 0.194015446875 0.4290710921875 0.219371275 0.430399934375 0.2519165625 0.42702813749999996 0.25273791874999996 0.41135571249999997 0.0039148828125 0.41780447499999995 0 0.5026474859375 0 0.725323984375
4 0.1071969328125 0 0.10975767656249999 0.017847814062500002 0.14690552343750002 0.0367449625 0.1398699203125 0.096354275 0.19983101875 0.14643603125 0.142224646875 0.1447208796875 0.1370077984375 0.150966828125 0.12733109843749998 0.3356092671875 0.184560546875 0.3426505328125 0.20137341250000002 0.3435316578125 0.2110686796875 0.2865390875 0.27257594687500003 0.2884586765625 0.28959704999999997 0 0.1071969328125 0
6 0.24333425156250002 0.40792534218750004 0.24805289687499998 0.39252619375000003 0.30892566875 0.387893178125 0.3141013359375 0.37496925625 0.314165434375 0.3737461875 0.282709725 0.3656573359375 0.0076965140625 0.3512445046875 0.005189668749999999 0.3878822671875 0.0039562296875 0.41141767656250006 0.0422675296875 0.4134254859375 0.24333425156250002 0.40792534218750004
20 0.10803906562500001 0.3435949171875 0.078373465625 0.34986343125 0.06526549375 0.3387455109375 0.0360087703125 0.33721222968750003 0.0228538359375 0.3456499 0.031153832812499997 0.35521197656250003 0.05059018125 0.3575344640625 0.1910224484375 0.36489420625 0.19102645625 0.3648177171875 0.142465678125 0.35843784375 0.1371594984375 0.3477287953125 0.10803906562500001 0.3435949171875
5 0.8845509593750001 1 0.901575446875 0.898385725 0.9402031140625 0.5718348140625 0.8986092046874999 0.56313561875 0.893481684375 0.5863365609375 0.8487576640625001 0.581384934375 0.5964260078125 0.544691128125 0.591937578125 0.51837849375 0.56073040625 0.5167429953125 0.5229067 0.9958888578125 0.6013519671875 1 0.8402770421874999 1 0.84804863125 0.930785 0.6820818671875 0.888186425 0.5789806890625 0.8775676390625 0.5737638390625001 0.8838135875 0.566817565625 0.9603778937499999 0.5775376359375 0.7744862625 0.6019863859375 0.7744636984375 0.8631162437500001 0.82987278125 0.845773290625 1 0.8845509593750001 1
21 0.875254284375 0.527359078125 0.8664984499999999 0.5451543890625 0.8430930703125 0.5439277640625 0.8364709390625 0.5396691031249999 0.8344311609374999 0.5226118890625 0.6714112531249999 0.49842193437500004 0.6468262109375 0.501045096875 0.6330791484375 0.5394407515624999 0.6356640921875 0.546095575 0.8704417140625 0.5818694125 0.889946196875 0.5828916000000001 0.897024165625 0.5597928750000001 0.9396614453125001 0.56724288125 0.9406108906249999 0.6051048765625 0.9145128546875 0.804533153125 0.9798293875 0.8177352750000001 0.9840228546875001 0.8179550453125 0.9977648296874999 0.5557425546875 0.9896492765625 0.54639296875 0.875254284375 0.527359078125
21 0.5861013625 0.6931824046874999 0.58501103125 0.7139871875 0.5916331625 0.71824585 0.8628380234374999 0.769358621875 0.86965085625 0.7697156671875 0.8716978359375 0.7519599218749999 0.8723673 0.739185784375 0.8492286312499999 0.729138115625 0.616674040625 0.6882653000000001 0.5913182124999999 0.6869364578125 0.5861013625 0.6931824046874999
21 0.59279715625 0.628861353125 0.6052706328124999 0.6334266703125 0.879691715625 0.677797484375 0.8808083874999999 0.66768581875 0.882080440625 0.6434135750000001 0.8691263203125 0.6368237984375 0.6110796109375001 0.5972227390625 0.594160071875 0.6028553750000001 0.59279715625 0.628861353125
21 0.3526579203125 0.59463194375 0.35246619218749997 0.609486015625 0.3765060671875 0.61726524375 0.35130132187499996 0.9862434671875 0.37167880625 0.9892672109375 0.37852838125 0.9896261828125 0.402670453125 0.7151228578125 0.413738646875 0.7091835671875 0.5259106078125 0.7333164328125 0.54269385625 0.7302843953125 0.550796209375 0.605537478125 0.5524443406249999 0.5740892734374999 0.5141323765625 0.5475495890625 0.49794125781250004 0.5206236421875 0.3531861671875 0.5845523859374999 0.3526579203125 0.59463194375
5 0.40632198906249994 0.8245785531250001 0.40564053125 0.8375815421875 0.3996013359375 0.9154972562499999 0.3880773046875 0.9487939328125 0.39533393125 0.9596051984375 0.39371887656250004 0.9904222828125 0.41518451250000005 0.9915472484375 0.432180615625 0.7789944171875 0.4441207703125 0.760149046875 0.44515840312500005 0.740349828125 0.41227185468750005 0.7297078453125 0.3991592859375 0.774656103125 0.3967060390625 0.8214668625 0.40632198906249994 0.8245785531250001
3 1 0.02619010625 0.9817858890625001 0.024693543749999998 0.9873600546875 0.086267575 0.983816475 0.153883115625 0.9386983703125 0.5296409468750001 0.996853359375 0.5479440015625 0.99816991875 0.5480129984375 1 0.5130929671875 1 0.02619010625
5 0.7176513250000001 0.43526060156249996 0.704768975 0.4384970765625 0.7004546078125 0.5021606125 0.7184175171875 0.4952787859375 0.81748150625 0.50829373125 0.8225223749999999 0.518467325 0.8278861140625 0.518748428125 0.8354356984375 0.5183717921875 0.8357973937500001 0.5114702046875 0.838170246875 0.4493999515625 0.82202149375 0.4589845921875 0.7210070562500001 0.445867428125 0.7176513250000001 0.43526060156249996