11 0.1101401734375 0 0.10667206874999999 0.0109198546875 0.072169909375 0.3047385109375 0.08201030468750001 0.31434267656250003 0.1774015296875 0.33235218125 0.3097318546875 0.34440234531249997 0.3225640109375 0.303998359375 0.3350598125 0.22787043437499999 0.3482348375 0.1077473546875 0.14054673125 0 0.1101401734375 0
16 0 0.588942790625 0.0340899890625 0.602053459375 0.14135276562500002 0.61312469375 0.16162167031250002 0.620598478125 0.1673450546875 0.621301221875 0.180041640625 0.5800934718749999 0.1808857828125 0.6116818015625001 0.18864005 0.6126339062499999 0.3449123984375 0.5835452250000001 0.3706107125 0.39989146875000003 0.24885498125 0.3786448078125 0.2431868421875 0.3863447625 0.1733984421875 0.377775825 0.0953204984375 0.35979314375000004 0.068702096875 0.35862379375 0.063569234375 0.37478538906250003 0.048595975 0.38134281875 0.011629389062499999 0.3747049140625 0 0.4694186875 0 0.588942790625
5 0.828252153125 0.416464546875 0.8332135796875001 0.4401625 0.8595780875000001 0.4433996546875 0.8723827562500001 0.39039842187499996 0.7966448359375 0.3789999953125 0.8054696546875 0.39687537812499996 0.828252153125 0.416464546875
21 0.7080112875 0.4085225046875 0.5746104109375 0.3795490640625 0.536628246875 0.381182378125 0.5384879671875 0.404499490625 0.5552934609375 0.4086619234375 0.5430240671875 0.47012479531249995 0.5475588421875 0.47592904375 0.554913646875 0.47683210000000004 0.57080199375 0.41056613124999997 0.6615406593750001 0.428004375 0.69405360625 0.4068087171875 0.7080112875 0.4085225046875
5 0.6600215421875 0.4275554796875 0.6049525046875 0.414496915625 0.586479696875 0.47519810468749996 0.6456145640625001 0.4863945375 0.649576515625 0.48688100468749995 0.6520683546875 0.45386567656250004 0.619274025 0.464531890625 0.6120275484375 0.4594441765625 0.6600215421875 0.4275554796875
5 0.7752924796875 0.4375110140625 0.76158869375 0.433729421875 0.6732450265625001 0.44806992812499996 0.66356955 0.5140492515624999 0.6850550890625 0.5313801953125 0.7267428578125 0.5404343953125 0.7303292124999999 0.54087474375 0.7682658953125 0.5332012828125 0.780109959375 0.5136657640625 0.781859734375 0.48659388437500006 0.7752924796875 0.4375110140625
5 0.5377072984375 0.372394209375 0.5358475781250001 0.349077096875 0.5019826984375 0.34282003437499997 0.4562462671875 0.34350124375 0.4650370828125 0.46422241093750005 0.4818700625 0.4809820921875 0.5077267796875 0.48835485624999997 0.5824216359375 0.495427253125 0.543341434375 0.467540040625 0.536945615625 0.37859762343750003 0.5121319609375 0.3755508890625 0.5377072984375 0.372394209375
19 0.47855567656250003 1 0.5141580265625 0.948820871875 0.546670975 0.9276252140624999 0.5344905546875001 0.9114367953125001 0.5093955203125 0.89786061875 0.444005784375 0.8919307468750001 0.4698350171875 0.8867062625000001 0.47550315468750004 0.8790063078125 0.40123362812499996 0.830006559375 0.38287728125 0.8256537046875 0.35687009999999997 0.9861807703125001 0.4694186921875 1 0.47855567656250003 1
19 0.44266036875000003 0.7490349921874999 0.44294174843749995 0.7595644359375 0.47429517031249996 0.7990967921875 0.41967894843750003 0.756708121875 0.39232635 0.7743394343750001 0.38798265781249996 0.7968948625000001 0.4828935796875 0.831637225 0.5183642859375001 0.8632792046875 0.5304897328125 0.8542731296875001 0.5450483312500001 0.8723277859375 0.548683140625 0.872774084375 0.558178684375 0.87236575625 0.551158615625 0.8526129906250001 0.553978940625 0.8424643890624999 0.5601823546875 0.843226071875 0.5697963421875001 0.8674952890625001 0.6400650453125001 0.85933136875 0.701337496875 0.8731516171875 0.6997591562500001 0.8603639484375 0.549559303125 0.7117850406249999 0.554973546875 0.7061528890625001 0.5790530046875 0.728000284375 0.6069683640625 0.731427859375 0.6311982859375 0.585375425 0.6220835828125 0.5826820453125 0.6179932109374999 0.5821798109375 0.5348739421875 0.613428878125 0.5271471625 0.6250740218749999 0.5138896765625 0.7074053609375001 0.44266036875000003 0.7490349921874999
19 0.9110634125000001 1 0.9602200625 0.8545629078125 0.9777387796875001 0.7118843984375001 0.9606793921874999 0.70978976875 0.9588471578125001 0.69906990625 0.9889101359374999 0.6209010015625 0.9939880249999999 0.5795449125000001 0.8272300593749999 0.5401787984374999 0.8195032796874999 0.5518239421875 0.8452305046875 0.8551368187499999 0.8496840765625 1 0.9110634125000001 1
19 0.8486422296875 1 0.831073903125 0.8806853296874999 0.8343470453125 0.8412066250000001 0.8288503421875 0.8090470328125001 0.8216038640625 0.8039593187499999 0.8285414734375 0.7859203406249999 0.8139450874999999 0.6099128890625 0.7940104015625 0.592772365625 0.6900757390625001 0.567416921875 0.6549413875 0.5714988796875 0.64927325 0.5791988359375 0.622504384375 0.745929315625 0.6835779140625 0.7870118625 0.7097435 0.8175113171874999 0.7100248812500001 0.8280407609375 0.72138864375 0.8252380968749999 0.709661040625 0.7797195734375 0.66367723125 0.667025553125 0.669091475 0.6613934015625 0.721957921875 0.73085395 0.764078340625 0.8493705421875 0.7788251921875 0.8574781640625 0.767207534375 0.86234863125 0.770618109375 0.8858561640625 0.762891328125 0.8975013078125 0.76785275625 0.9211992625000001 0.7588290171875001 0.9305861796875 0.6314051468749999 0.9170394749999999 0.6146821140625 0.9506687828124999 0.59968136875 0.9446289671875 0.594466046875 0.9229988171875 0.589333184375 0.9391604109375 0.59917358125 0.948764575 0.60283805 0.9702043046875 0.5729385078125 1 0.8486422296875 1
21 0.8306746359374999 0.4608405453125 0.839218071875 0.46818648281249997 0.8359724171874999 0.5202624375 0.8488870328125 0.5176501953125 0.8567852484375 0.4661455046875 0.8937243484374999 0.4601861609375 0.8856887 0.4487046140625 0.8345105390625 0.442420725 0.8306746359374999 0.4608405453125