7 0.0576373671875 0 0 0.46941868593749997 0 0.62274951875 0.016539165624999998 0.6263980984375 0.02470608125 0.62740086875 0.0470111203125 0.48399818437500003 0.10359530937500001 0 0.0576373671875 0
4 0.1338504078125 0.5203731984375 0.097446584375 0.5347941796875 0.10161884218749999 0.5520983 0.12877251875 0.5617292890625001 0.120620409375 0.6153017843749999 0.0963695171875 0.6333139375 0.0971586875 0.639707771875 0.49027948906249996 0.70817960625 0.5057267000000001 0.7100762859375 0.5397826609374999 0.509345028125 0.151760453125 0.43861312343750003 0.146346209375 0.444245275 0.1338504078125 0.5203731984375
4 0.2336596921875 0 0.213162396875 0.156493259375 0.216545484375 0.16740354375 0.24448833125 0.1834283671875 0.2827518765625 0.192324496875 0.47760359843750005 0.22805603593749998 0.49553534062500004 0.23025777656250002 0.53012673125 0.228995246875 0.5640046421875 0.0043662421875 0.528444453125 0 0.2336596921875 0
4 1 0.079379053125 0.7815007031250001 0.040779178124999996 0.7753522640625 0.06521199062500001 0.7782550484375 0.09285513125 0.9827412843750001 0.132655734375 0.9112385359375 0.522682275 0.914113834375 0.53772816875 0.9932751640624999 0.5637150421875 0.9958922343750001 0.564036378125 1 0.5305813109375 1 0.079379053125
5 0.947798778125 0.6095562265625001 0.7071351265625 0.56951155 0.6812784093750001 0.5621387859375 0.6825203937500001 0.5392025171875 0.6551128234375 0.5316393328125 0.6455538078124999 0.5325646109375 0.6401670515625 0.5507940109375 0.613171778125 0.73218954375 0.6516892171875 0.73901786875 0.660657984375 0.7044364546875 0.8379905421875 0.7346060703124999 0.92537360625 0.7537312765624999 0.9228621484374999 0.7870065687500001 0.96732910625 0.7966643828125 0.9922107640625001 0.5940195421875 0.95394721875 0.5851234140625 0.947798778125 0.6095562265625001
4 0.9236970890625 0.6071216546875 0.9477353046875001 0.6100731765625 0.9508772499999999 0.5844840953125 0.9358765046874999 0.578444278125 0.7600948 0.548465084375 0.7565402765625 0.5774143453125 0.9236970890625 0.6071216546875
21 0.9423626328125 1 0.96732910625 0.7966643828125 0 0.6222745953125 0 0.9423626328125 0.46941869062499997 1 0.9423626328125 1
4 0.92137476875 0.786299196875 0.9255957640625001 0.7519219484375 0.729906859375 0.717399478125 0.7268876125 0.7548103796875 0.9030553109375001 0.7840498499999999 0.92137476875 0.786299196875
4 0.7466658796875 0.67065596875 0.9097517015625 0.6998634218750001 0.933250490625 0.7027487109375 0.9404400890625 0.65666683125 0.7494037453125 0.622715625 0.7407163609375 0.66782648125 0.7466658796875 0.67065596875
6 0.9114881796875001 0.5334701921875 0.7437146359375 0.5023752984375001 0.7414020984375 0.508388290625 0.7600398265625 0.5232705890625 0.7287688640625001 0.521529975 0.56564788125 0.4910063421875 0.5446976171875 0.4821370375 0.5374236515625 0.4644520765625 0.4577948546875 0.4462789734375 0.156647921875 0.39880788749999996 0.10885284843750001 0.40343428281250004 0.10321219687500001 0.4237314875 0.1316628328125 0.4356207 0.9700788640625 0.5876288749999999 0.9926550796875 0.5904008859375 0.9963048125 0.5606761953125 0.9425327343750001 0.54987585625 0.9114881796875001 0.5334701921875
13 0.7582583140625 0.55060094375 0.7380972203125 0.5481254718749999 0.6851143125 0.5437189671875 0.6812784093750001 0.5621387859375 0.75521158125 0.575414596875 0.7582583140625 0.55060094375
13 0.7258941453125 0.749703321875 0.7285781640625 0.715399728125 0.6590436562499999 0.7047629843750001 0.654600503125 0.7409495640625 0.7258941453125 0.749703321875
13 0.7463020390625 0.6223347828125 0.672368865625 0.609058971875 0.668150071875 0.6560303656250001 0.741065465625 0.6649832499999999 0.7463020390625 0.6223347828125
13 0.5999226156249999 0.7295132609375 0.6133232125 0.731158646875 0.6435269031249999 0.5362513234375 0.5388305578125 0.5170992921875001 0.506956315625 0.712588615625 0.5999226156249999 0.7295132609375
20 0.5711213468749999 0.4977129640625 0.713997078125 0.5168301328125 0.760677834375 0.522561809375 0.7238391734375 0.497573546875 0.5421079484375 0.464764865625 0.53776425625 0.48732029218750006 0.5711213468749999 0.4977129640625