4 0.7259343390625 0 0.5822269343750001 0.046817454687499996 0.5824520640624999 0.0807309171875 0.598011578125 0.16896649218749998 0.605736821875 0.1759541609375 0.646069228125 0.17872596875 0.9339684125 0.11215240312500001 0.91216819375 0 0.7259343390625 0
19 1 0.5606937234375 0.8589601796874999 0.49601732812500005 0.745860596875 0.4628211734375 0.66286695625 0.4534855859375 0.5623754078125 0.4687745109375 0.38882818750000003 0.5258542640625 0.2653824921875 0.61139714375 0.12148387187500001 0.7391175453125001 0.0866041625 0.7480198 0.0386027953125 0.7467386890625 0.0878318078125 1 0.5481445218750001 1 1 0.9121681921875 1 0.5606937234375
4 1 0.4830434390625 0.9986412671875 0.47762067343750003 0.8532159359374999 0.49103220781249995 0.86173621875 0.5021099921875 0.96484545 0.5433497640625 1 0.5365164124999999 1 0.4830434390625
4 0.8091304218750001 0.4361970609375 0.801975084375 0.399386040625 0.67535278125 0.41126496562500003 0.642006865625 0.41986908125 0.64529958125 0.45318626562500003 0.7486300421875 0.46069110156250004 0.757150325 0.47176888593750005 0.82815165625 0.48874135937499996 0.835769484375 0.487260603125 0.840939003125 0.4851945875 0.8351450703125 0.479953834375 0.8295235249999999 0.442844675 0.8091304218750001 0.4361970609375
11 1 0.4601393984375 0.9873946374999999 0.46070585937499997 0.9830782125 0.44668860156249995 0.9845557234375001 0.437912096875 0.9972235812499999 0.437572040625 0.9483287765625 0.186030075 0.77654401875 0.2194216484375 0.8083982593749999 0.448808046875 0.95922000625 0.43859220781249997 0.96654773125 0.443534821875 0.966660296875 0.46049155312499995 0.88843688125 0.4756966453125 0.88315303125 0.4894576796875 1 0.478938940625 1 0.4601393984375
15 0.16239286875 0.70728946875 0.2898668890625 0.5981485531249999 0.27140509687500003 0.59324785625 0.2207899453125 0.6030864453125 0.17506112499999998 0.5971189421875 0.12068272499999999 0.6039749609375 0.1123746890625 0.6055898796875 0.10643798281250001 0.61258025625 0.119330971875 0.6461536625 0.16127099375 0.7075075390625 0.16239286875 0.70728946875
19 0.2315234421875 0.5354732359375001 0.210050346875 0.5396471828125 0.1886335359375 0.5522994953125 0.2081154953125 0.5952037671875 0.22697114062499998 0.60400726875 0.22895229218750002 0.603622171875 0.252651759375 0.5950361 0.254755459375 0.5649146125 0.24731516718750002 0.5430152671874999 0.2315234421875 0.5354732359375001
15 0 0.5427747703125 0.0075963328124999995 0.587224271875 0.031735953125 0.6377124921874999 0.0768385828125 0.665024978125 0.11160572656250001 0.6391659921875 0.10530170937500001 0.6149234515625001 0.10871052968749999 0.6078938640625 0.210394634375 0.598740109375 0.16200283124999998 0.4808069375 0.14586986875000002 0.4796982140625 0.11070520625 0.50351214375 0.064350196875 0.5188896234375 0 0.5194071890624999 0 0.5427747703125
15 0.12162863125000001 0.7406811515625 0.136815203125 0.7279134218750001 0.11511697812499999 0.6981739046875 0.0151988796875 0.6263359796875 0.039050003124999996 0.749039378125 0.11277097968750001 0.7424029046875 0.12162863125000001 0.7406811515625
15 0.1329709609375 0.7257424671875 0.1345814421875 0.725429421875 0.15892108124999998 0.710617225 0.15420713749999998 0.6945549109375 0.11003355 0.637879846875 0.10877683125 0.6381241296875 0.0737709984375 0.66562125625 0.07536107343750001 0.6738014828125001 0.1201224671875 0.7075472781250001 0.1329709609375 0.7257424671875
19 0.0344229640625 0.6366596078125 0.0061056375 0.5795553078125 0.0156460875 0.6286366671875 0.0332981828125 0.63687824375 0.0344229640625 0.6366596078125