19 0.799983259375 0.45165825000000004 0.8067045328125 0.4450295203125 0.8419463265625 0.44962350000000006 0.8437628078125 0.441778103125 0.7472561765625 0.3965804921875 0.6789981109375 0.40298106718750004 0.641304290625 0.4257778046875 0.6580623953125 0.43460126250000003 0.7627431890625 0.44449458750000004 0.75030051875 0.5150349859375 0.7539804078125 0.613944159375 0.7435352734375 0.63105614375 0.6299076859375 0.6122030125 0.581086996875 0.61305518125 0.5777714390625001 0.5909742671875 0.597843625 0.509882440625 0.599659365625 0.4460389453125 0.5803128859375 0.45679489218749997 0.5314921984375001 0.457647059375 0.4450231390625 0.4838997359375 0.4386261421875 0.7441204546875 0.4390003390625 0.7655581609375 0.4464804625 0.7912127734375 0.46809791250000005 0.7986491296875 0.46659957500000004 0.8247209171875 0.47554637031249997 0.8336807203125 0.5610531625 0.847424890625 0.5717022359375 0.8472390093750001 0.6686021234374999 0.7026873171875 0.880052884375 0.730251190625 0.8977583109375 0.72619979375 0.8965737671875 0.6583373234375001 0.896083065625 0.641416228125 0.8159716890625001 0.6402100140625 0.806843096875 0.620835128125 0.799983259375 0.45165825000000004
21 1 0.7528593484375 0.7675721421875 0.7211451531249999 0.8257486671875001 0.7526867203125 0.868619975 0.7467292718749999 0.9001379093749999 0.7618065046875 0.8974131875 0.7735746 0.9074045703125 0.7864230156249999 0.9076318156250001 0.799441865625 0.8818822046875001 0.8350529328125 0.80903675 0.80246513125 0.7818335109375 0.81075365625 0.717072059375 0.793652128125 0.711940021875 0.779416609375 0.7194331890625 0.761053871875 0.755809728125 0.7187459031250001 0.66670610625 0.7059761140624999 0.58205500625 0.8363795906249999 0.5689306000000001 0.8678634375 0.6160711546875001 0.8826679765625001 0.6151277 0.9949411265625001 0.633144890625 0.9946266359375 0.6355100109375 0.98911576875 0.6390058859375001 0.9096155640625 0.6792433703125 0.9206337515625 0.679557778125 0.9938164953124999 0.6917817921875 0.9936031249999999 0.6950485265624999 0.9867742375 0.7098083546875 0.9930280125 0.6938221437500001 0.9724705468750001 0.6958651296875 0.9216459015625 1 0.982416259375 1 0.8270608718749999 0.9712123328125 0.8048434734375001 0.9679876734375 0.7879700984375 1 0.7839429296875 1 0.7528593484375
2 0.9000720078125 0.7580310375 0.8745034546875001 0.748059084375 0.8393071093750001 0.7460688765625 0.8257736640625 0.75411879375 0.7586957937500001 0.7162211921875 0.7242266328125 0.7558913046875 0.71196501875 0.7808486828125 0.7170516078125 0.79248043125 0.7916226453124999 0.8120152968750001 0.807018021875 0.7987237515625 0.8844803062500001 0.8324030203125 0.8848561265624999 0.8323964593750001 0.9076113640625 0.7982701703124999 0.9073841187499999 0.7852513203125 0.8974381843750001 0.7750066734375001 0.9000720078125 0.7580310375
15 0.60208441875 0.43948520625 0.59754395625 0.515096796875 0.5776990171875 0.6092074734375 0.737633615625 0.6286848203125001 0.7469095453125 0.628522909375 0.7517733609375 0.6217963734375 0.7481389218750001 0.5254909703124999 0.761685115625 0.45102446562500004 0.76160395625 0.44637487499999995 0.755449553125 0.44071505312500003 0.677291003125 0.43947475156250004 0.6087147953125001 0.4276489375 0.60208441875 0.43948520625
15 0.8111803703125 0.6343031515625001 0.8808691156249999 0.6371238015625 0.9011700328125001 0.6367694484374999 0.9116351484375 0.45804396093750005 0.8050015265624999 0.44818472343750004 0.8004603250000001 0.4677982140625 0.8111803703125 0.6343031515625001
14 1 0.5568650140625 0.9951649890625 0.3641239421875 0.929359690625 0.399131903125 0.91537249375 0.43714221875000003 0.8984817375 0.700497946875 0.9063839453125 0.7055691390625001 0.901979090625 0.7329939421875 0.921280121875 0.719634225 0.9303178140625 0.7338015703125 0.9279104968749999 0.7077979562500001 0.9409432656250001 0.61510846875 0.945985884375 0.7361326453125 1 0.7471502265625001 1 0.5568650140625
19 0.29375600468749996 1 0.31747848749999996 0.999485471875 0.3265168234375 0.767484359375 0.3253948828125 0.7032084375000001 0.324377121875 0.667283228125 0.0029910796875 0.619629721875 0.0022078890625 0.6196433921875 0.009807871875 1 0.29375600468749996 1
4 0.7511104328125 0.28725178281249997 0.8395720421874999 0.28935406874999997 0.8459132359374999 0.2892433828125 0.8532013734375001 0.20472831406249997 0.99331675 0.2022825921875 0.9919805500000001 0.125731753125 0.6614605046875 0.1315010015625 0.66159703125 0.1950499640625 0.752471684375 0.1973705875 0.7511104328125 0.28725178281249997
16 0.4692289625 0.47175668593750003 0.47585933750000003 0.4599204171875 0.4764911890625 0.160384603125 0.46749894375 0.148821028125 0.4044176265625 0.1160627921875 0.351645834375 0.1143793640625 0.345563803125 0.3814532703125 0.38089649375 0.3912547890625 0.3459273953125 0.40228342968749997 0.3469742 0.5741663390625 0.3693635421875 0.5698686875 0.3893700640625 0.5769424765625 0.3953680390625 0.5768377828125 0.408283746875 0.5613756421875 0.44025543125000005 0.5464924765625 0.44111748281249996 0.483967909375 0.4692289625 0.47175668593750003
7 0.66316664375 0.4080758484375 0.66452908125 0.4077916109375 0.7462751437499999 0.39073734843749997 0.7495762796875 0.2049557546875 0.7494312421875 0.1966465796875 0.6608931640625 0.19949000781249998 0.6546285968750001 0.40015073437500004 0.657363959375 0.4081771359375 0.66316664375 0.4080758484375
10 0.836773384375 0.43304458749999997 0.841862596875 0.29934165468749996 0.841739590625 0.29229467656249997 0.7512557953125001 0.2899840359375 0.7464612625 0.384613375 0.746564609375 0.3905341203125 0.836773384375 0.43304458749999997