23 0.080450184375 0 0 0.456255665625 0 0.61685533125 0.10474153593749999 0 0.080450184375 0
8 0.156397578125 0.3971041796875 0.18147123437499998 0.40787175781249996 0.166547090625 0.4835126984375 0.20501614375 0.4902958296875 0.2180397578125 0.41643524843749996 0.244922246875 0.41694441250000003 0.2549600296875 0.3510192359375 0.172952178125 0.330212621875 0.156397578125 0.3971041796875
12 0.245268846875 0.6309326453125 0.271046 0.49374122031249995 0.21021905 0.47878484375 0.2034321609375 0.49028096562499995 0.175372675 0.4874487921875 0.1672254046875 0.4796657921875 0.1674954765625 0.469136053125 0.1228713765625 0.4612676203125 0.088116696875 0.4784096265625 0.0598988671875 0.6384408859375 0.0745629546875 0.6452575046875 0.055562671875000004 0.6990249890625 0.0682345359375 0.6991439078125 0.08017785625 0.667402284375 0.0921261875 0.67162456875 0.1041612015625 0.6483610015625 0.1303201578125 0.65297353125 0.2034572046875 0.6701005109375 0.203283834375 0.725072215625 0.21104578593749998 0.72829189375 0.2121878390625 0.72849326875 0.21640415000000002 0.6956536 0.227537253125 0.6955011921875001 0.2328720640625 0.6562478953124999 0.245268846875 0.6309326453125
15 0.3807265265625 0.33961214375000004 0.369154990625 0.441229903125 0.3510616296875 0.507850134375 0.329290459375 0.560335734375 0.3298407796875 0.560432771875 0.356406459375 0.5405246531250001 0.3955990453125 0.543204421875 0.4077257546875 0.528418909375 0.421646271875 0.3954832578125 0.4786721640625 0.41400034999999996 0.51732460625 0.4377395953125 0.6024099828125 0.459088859375 0.6215936531249999 0.4222774875 0.623040721875 0.41407075625 0.5785083140625 0.4146803796875 0.46726398125 0.3887185859375 0.4144009140625 0.3645890953125 0.3807265265625 0.33961214375000004
15 0.5412664859375 0.445927703125 0.45952870625 0.4145913515625 0.4369874203125 0.3894619921875 0.41888404218749997 0.38415440625 0.40921804375 0.51995571875 0.3972747234375 0.5516973421875 0.4120305046875 0.5669920171875 0.5936044328125 0.5990084 0.60699983125 0.595023953125 0.6127881046875 0.562197028125 0.6620134656250001 0.4629877109375 0.5412664859375 0.445927703125
15 0.775928334375 0.49180029843749995 0.6834192203125 0.4585646671875 0.6640471531250001 0.4424560171875 0.6603377890625 0.4544947890625 0.6499282203125001 0.4505438296875 0.646942390625 0.45847923437500004 0.6623300109375 0.46119248749999997 0.6682149875000001 0.472807528125 0.669672071875 0.536528615625 0.6600827421875 0.5729162546875 0.6673281 0.6038104171875001 0.6948474390625 0.62770206875 0.8345582 0.6541878828125001 0.8545701671874999 0.65771653125 0.8647381031249999 0.6090025171875 0.9073549546875 0.5022815234375 0.85630573125 0.5038575296875 0.775928334375 0.49180029843749995
15 0.63722991875 0.5855460296875 0.6527538296875 0.5919853890625 0.655369725 0.5924466421875 0.6629354140625 0.583732184375 0.6612132640625 0.5665047453125001 0.66971729375 0.5362721546875 0.66889705625 0.4959335546875 0.6628392546875 0.4890478515625 0.6613325531250001 0.48878217968750004 0.6469926203125 0.4941866828125 0.6323335421875 0.5233339734375 0.6259134296875 0.5687423203125 0.63722991875 0.5855460296875
15 0.8483368390624999 0.47706673437499997 0.707494259375 0.44800144218750004 0.6411441 0.4193783421875 0.6465806234375 0.46053091874999996 0.6623300109375 0.46119248749999997 0.6648623812500001 0.4468307078125 0.6729179578125 0.4461356515625 0.6938287875 0.46251562812499997 0.7547474328125 0.4859500609375 0.8338694546875001 0.5017524453125 0.8464680984375 0.5039739265625001 0.8659000718750001 0.5034337984375 0.8760345578125 0.4819505890625 0.8759428640625 0.47347253125 0.8483368390624999 0.47706673437499997
1 0.919191796875 1 0.9659031890625001 0.728118878125 0.8780970453125001 0.668211371875 0.6956161937500001 0.6233422421875 0.6179495453125 0.577915434375 0.5985824875 0.5977706921875 0.397819878125 0.566601771875 0.3607062 0.543133853125 0.33246833593749997 0.5593094765625 0.2793452125 0.61763754375 0.2445955421875 0.6707434578125 0.2420631734375 0.6851052375 0.2636058421875 0.688903790625 0.2660515265625 0.7020278640625001 0.19927795937499998 0.8827618453125 0.196837284375 0.90560168125 0.171590259375 0.9498058078125 0.45625566875 1 0.919191796875 1
1 0.636393403125 0.42832472499999996 0.6163894953125 0.42479749531250005 0.6057814984375 0.45836117656250003 0.609560525 0.45902752187500007 0.637121946875 0.46018526875 0.6431802921875 0.41682860312500003 0.6373870109374999 0.41369162031249995 0.636393403125 0.42832472499999996
8 1 0.5219087328125 0.9659183562500001 0.5120789625 0.9492720640625001 0.5704924640625 0.97280695625 0.5809887171875 0.95389836875 0.6432342578125 0.977845584375 0.65724085625 0.9799229140625 0.6576071453125001 1 0.5437443296875 1 0.5219087328125
12 0.9510456968750001 0.632418328125 0.8818014015625 0.620208690625 0.8725738375000001 0.6545446484374999 0.8753812875 0.6656170390625 0.9667184171875001 0.73249356875 0.980103796875 0.6565813046875 0.9562071375000001 0.648136734375 0.9510456968750001 0.632418328125