14 0.982421875 0.4231770828125 0.9736328125 0.40625 0.9228515625 0.3776041671875 0.904296875 0.35546875 0.90625 0.3294270828125 0.91796875 0.30859375 0.919921875 0.2643229171875 0.9013671875 0.23177083281250002 0.8759765625 0.22916666718749998 0.859375 0.24088541718749998 0.84765625 0.2669270828125 0.853515625 0.35546875 0.8349609375 0.3723958328125 0.7822265625 0.3984375 0.76953125 0.4361979171875 0.763671875 0.5559895828125 0.744140625 0.6861979171875 0.751953125 0.69140625 0.7490234375 0.71875 0.7666015625 0.6979166671875 0.7724609375 0.7265625 0.79296875 0.7252604171875 0.8134765625 0.6171875 0.98046875 0.62109375 0.986328125 0.5533854171875 0.982421875 0.4231770828125
16 0.328125 0.4674479171875 0.3408203125 0.4609375 0.3466796875 0.4453125 0.3486328125 0.4583333328125 0.3994140625 0.4557291671875 0.4052734375 0.4192708328125 0.4072265625 0.4375 0.4248046875 0.4375 0.4248046875 0.4244791671875 0.4306640625 0.4505208328125 0.4375 0.4361979171875 0.443359375 0.1575520828125 0.3623046875 0.1145833328125 0.3125 0.1158854171875 0.306640625 0.3763020828125 0.3427734375 0.3828125 0.34375 0.39453125 0.306640625 0.3971354171875 0.3046875 0.45703125 0.314453125 0.4778645828125 0.3046875 0.48828125 0.302734375 0.5611979171875 0.30859375 0.5638020828125 0.3203125 0.5221354171875 0.314453125 0.49609375 0.326171875 0.4986979171875 0.328125 0.4674479171875
19 0 0.99609375 0.134765625 0.99609375 0.150390625 0.6419270828125 0.1220703125 0.6302083328125 0.0009765625 0.6119791671875 0 0.99609375
21 0.736328125 0.76171875 0.7841796875 0.7604166671875 0.79296875 0.73828125 0.7861328125 0.7291666671875 0.5654296875 0.6953125 0.6123046875 0.7265625 0.6435546875 0.7213541671875 0.673828125 0.73828125 0.66796875 0.74609375 0.677734375 0.75390625 0.6796875 0.7669270828125 0.6318359375 0.8020833328125001 0.5791015625 0.7734375 0.5517578125 0.7786458328125 0.4931640625 0.7604166671875 0.4921875 0.7486979171875 0.5048828125 0.7291666671875 0.552734375 0.69140625 0.4990234375 0.6822916671875 0.32421875 0.8190104171874999 0.3310546875 0.828125 0.375 0.83984375 0.3740234375 0.9973958328125001 0.3896484375 0.9973958328125001 0.392578125 0.9908854171874999 0.3994140625 0.8671875 0.4990234375 0.8880208328125001 0.50390625 0.89453125 0.5 0.9830729171874999 0.494140625 0.9934895828125001 0.5009765625 0.9973958328125001 0.517578125 0.9934895828125001 0.5185546875 0.9583333328125001 0.5361328125 0.9869791671874999 0.544921875 0.98828125 0.515625 0.9440104171874999 0.5185546875 0.8958333328125001 0.9365234375 0.9947916671874999 1 0.99609375 0.9990234375 0.84375 0.7841796875 0.8385416671874999 0.736328125 0.77734375 0.736328125 0.76171875
19 0.6904296875 0.6302083328125 0.681640625 0.61328125 0.6875 0.4518229171875 0.6943359375 0.4427083328125 0.740234375 0.4440104171875 0.7099609375 0.4192708328125 0.6513671875 0.3932291671875 0.6025390625 0.3932291671875 0.541015625 0.4205729171875 0.5517578125 0.4296875 0.654296875 0.44140625 0.638671875 0.4934895828125 0.630859375 0.60546875 0.6240234375 0.6197916671875 0.5224609375 0.6015625 0.4697265625 0.6015625 0.46484375 0.5950520828125 0.494140625 0.49609375 0.4990234375 0.4427083328125 0.4833984375 0.4505208328125 0.4560546875 0.4479166671875 0.3349609375 0.46875 0.328125 0.4778645828125 0.326171875 0.50390625 0.322265625 0.7486979171875 0.326171875 0.7669270828125 0.353515625 0.7903645828125 0.5009765625 0.6796875 0.7412109375 0.71875 0.75 0.6341145828125 0.6904296875 0.6302083328125
2 0.6728515625 0.734375 0.6455078125 0.7213541671875 0.6123046875 0.7291666671875 0.5537109375 0.6927083328125 0.494140625 0.7434895828125 0.4921875 0.7565104171875 0.5009765625 0.7630208328125 0.5556640625 0.7786458328125 0.5771484375 0.7708333328125 0.63671875 0.80078125 0.6796875 0.76953125 0.6796875 0.7591145828125 0.66796875 0.7486979171875 0.6728515625 0.734375
9 0.791015625 0.7591145828125 0.7431640625 0.7578125 0.736328125 0.7643229171875 0.736328125 0.7747395828125 0.7841796875 0.8385416671874999 1 0.8424479171874999 0.9990234375 0.625 0.8134765625 0.6197916671875 0.806640625 0.6341145828125 0.791015625 0.7591145828125
7 0.62109375 0.3893229171875 0.6552734375 0.3932291671875 0.70703125 0.4127604171875 0.716796875 0.20703125 0.7138671875 0.20052083281250002 0.6318359375 0.20052083281250002 0.62109375 0.3893229171875
10 0.7158203125 0.2942708328125 0.708984375 0.4127604171875 0.7177734375 0.4192708328125 0.7412109375 0.4036458328125 0.7490234375 0.40625 0.7509765625 0.4166666671875 0.771484375 0.41796875 0.77734375 0.3971354171875 0.80078125 0.3763020828125 0.802734375 0.3033854171875 0.7158203125 0.2942708328125
15 0.498046875 0.4544270828125 0.490234375 0.5143229171875 0.46484375 0.5950520828125 0.625 0.6184895828125 0.638671875 0.48828125 0.654296875 0.44140625 0.5087890625 0.421875 0.498046875 0.4544270828125
15 0.6875 0.4518229171875 0.68359375 0.6236979171875 0.751953125 0.62890625 0.76171875 0.5638020828125 0.767578125 0.4544270828125 0.6962890625 0.4427083328125 0.6875 0.4518229171875
4 0.6376953125 0.1328125 0.62890625 0.1393229171875 0.6318359375 0.20052083281250002 0.716796875 0.19921875 0.7158203125 0.2890625 0.810546875 0.2981770828125 0.8173828125 0.20833333281250002 0.9990234375 0.2109375 1 0.1315104171875 0.6376953125 0.1328125