14 0.75625 0.35 0.778125 0.3583333328125 0.78125 0.375 0.746875 0.46875 0.73125 0.55625 0.7328125 0.5791666671875 0.7703125 0.5875 0.8484375 0.5729166671875 0.8515625 0.5604166671875 0.85625 0.43333333281249997 0.8359375 0.325 0.8484375 0.2958333328125 0.853125 0.25833333281250004 0.840625 0.23333333281250002 0.8265625 0.22291666718749997 0.7953125 0.2208333328125 0.771875 0.23958333281250002 0.7515625 0.30625 0.75625 0.35
9 0.3734375 0.64375 0.4703125 0.6458333328125 0.465625 0.6104166671875 0.459375 0.6020833328124999 0.3765625 0.6 0.371875 0.59375 0.3671875 0.5541666671875001 0.3609375 0.5270833328125 0.35625 0.51875 0.35625 0.54375 0.3640625 0.5833333328125 0.365625 0.6145833328125 0.3734375 0.64375
21 0.46875 0.69375 0.46875 0.6458333328125 0.375 0.64375 0.365625 0.6145833328125 0.3625 0.56875 0.35625 0.5666666671875 0.353125 0.575 0.353125 0.6791666671875001 0.46875 0.69375
2 0.415625 0.5708333328124999 0.4140625 0.5708333328124999 0.4140625 0.5770833328125 0.4109375 0.5791666671875 0.4109375 0.58125 0.409375 0.58125 0.409375 0.5833333328125 0.4078125 0.5833333328125 0.4078125 0.5854166671875001 0.40625 0.5854166671875001 0.40625 0.5875 0.4046875 0.5875 0.4046875 0.5958333328125 0.40625 0.5958333328125 0.40625 0.5979166671875 0.421875 0.5979166671875 0.421875 0.6 0.4359375 0.6 0.4359375 0.6020833328124999 0.4578125 0.6020833328124999 0.4578125 0.6041666671875 0.4625 0.6041666671875 0.4625 0.6020833328124999 0.4640625 0.6020833328124999 0.4640625 0.59375 0.4625 0.59375 0.4625 0.5791666671875 0.4609375 0.5791666671875 0.4609375 0.56875 0.4578125 0.5666666671875 0.4578125 0.5645833328125 0.446875 0.5645833328125 0.446875 0.5666666671875 0.4171875 0.5666666671875 0.415625 0.5708333328124999
21 0.371875 0.5666666671875 0.36875 0.5666666671875 0.3703125 0.5833333328125 0.371875 0.5833333328125 0.371875 0.59375 0.3734375 0.59375 0.3734375 0.5979166671875 0.3765625 0.5979166671875 0.3765625 0.6 0.3796875 0.6 0.3796875 0.5979166671875 0.384375 0.5979166671875 0.384375 0.6 0.3953125 0.6 0.3953125 0.5979166671875 0.4046875 0.5979166671875 0.4046875 0.5958333328125 0.40625 0.5958333328125 0.40625 0.5895833328125 0.4078125 0.5895833328125 0.4078125 0.5854166671875001 0.4109375 0.5833333328125 0.4109375 0.58125 0.4125 0.58125 0.4125 0.5791666671875 0.4140625 0.5791666671875 0.4140625 0.575 0.415625 0.575 0.415625 0.56875 0.4125 0.56875 0.4125 0.5666666671875 0.4078125 0.5666666671875 0.4078125 0.5645833328125 0.396875 0.5645833328125 0.396875 0.5625 0.3796875 0.5625 0.3796875 0.5645833328125 0.371875 0.5645833328125 0.371875 0.5666666671875
21 0.1953125 0.6520833328125 0.1890625 0.6625 0.19375 0.6666666671875 0.225 0.6708333328125 0.2265625 0.7229166671875 0.2296875 0.725 0.240625 0.725 0.240625 0.7020833328125 0.24375 0.69375 0.2875 0.7 0.2953125 0.6979166671875 0.3109375 0.6854166671875 0.3125 0.5895833328125 0.30625 0.5895833328125 0.3 0.6020833328124999 0.2046875 0.6458333328125 0.1953125 0.6520833328125
15 1 0.4625 0.9703125 0.4479166671875 0.9078125 0.5083333328124999 0.8671875 0.56875 0.7796875 0.5854166671875001 0.646875 0.5645833328125 0.484375 0.51875 0.465625 0.5208333328125 0.45625 0.5395833328124999 0.475 0.6916666671875 0.7390625 0.73125 0.7546875 0.7395833328125 0.865625 0.75 0.8875 0.65625 0.896875 0.6541666671875 0.915625 0.66875 0.9390625 0.7104166671875001 0.9515625 0.7104166671875001 0.978125 0.6916666671875 0.9640625 0.7375 0.9859375 0.7666666671875 1 0.76875 1 0.4625
19 0.3640625 0.5604166671875 0.3703125 0.5645833328125 0.45 0.5666666671875 0.45625 0.5625 0.45625 0.5354166671875 0.465625 0.5229166671875001 0.4921875 0.5208333328125 0.5359375 0.5333333328125 0.5390625 0.5229166671875001 0.5390625 0.4895833328125 0.528125 0.48333333281249996 0.4546875 0.46666666718750005 0.3625 0.46458333281249997 0.353125 0.47291666718750003 0.3546875 0.49583333281249997 0.3640625 0.5604166671875
19 0.303125 1 0.3109375 0.7208333328125 0.309375 0.6979166671875 0.3015625 0.6916666671875 0.2859375 0.7 0.2671875 0.7291666671875 0.1984375 0.7208333328125 0.175 0.7291666671875 0.0125 0.8291666671875 0 0.84375 0 1 0.303125 1
19 1 0.76875 0.9828125 0.7625 0.9640625 0.7375 0.9625 0.7125 0.9375 0.7104166671875001 0.9109375 0.6645833328124999 0.9 0.6541666671875 0.8859375 0.6541666671875 0.8625 0.7479166671875 0.353125 0.68125 0.34375 1 1 1 1 0.76875
19 0.8984375 0.51875 0.934375 0.48333333281249996 0.93125 0.4770833328125 0.8546875 0.47291666718750003 0.85 0.5708333328124999 0.8671875 0.5666666671875 0.8984375 0.51875
19 0.2578125 0.6208333328125 0.2984375 0.6020833328124999 0.3125 0.5833333328125 0.3140625 0.4770833328125 0.3 0.475 0.25 0.4875 0.253125 0.6145833328125 0.2578125 0.6208333328125
4 0 0.22916666718749998 0.078125 0.23541666718749998 0.0796875 0.1166666671875 0 0.1166666671875 0 0.22916666718749998
4 0 0.6583333328125 0.0765625 0.63125 0.0796875 0.5083333328124999 0 0.49791666718750005 0 0.6583333328125