5 0.9598646640625 1 0.9765471484375 0.852851778125 0.8754828109374999 0.86458045625 0.8618905437500001 0.85736473125 0.9226140609375 0.8177540999999999 0.9579226078125 0.8056041703125001 0.9494424 0.7924806515625 0.950208921875 0.759119521875 0.9587290218750001 0.749273203125 0.9838134484375001 0.74893885625 0.98773725 0.6928258781250001 0.8971876828124999 0.68858245625 0.78394444375 0.6952826625 0.7395373296875001 0.4791585109375 0.7193683359375 0.342000815625 0.700493034375 0.2759398875 0.678460453125 0.23263080625 0.660918734375 0.21469680625 0.6429410390625 0.2029975796875 0.61332585625 0.200926684375 0.5954535937500001 0.2101190375 0.5799720890625 0.22992067187499998 0.5746748125 0.260876559375 0.54190235 0.2815575125 0.5363144203125 0.316669915625 0.5512659203125 0.4388438234375 0.581724575 0.6080473484375 0.6255503859375 0.832484534375 0.6656892953125 1 0.9598646640625 1
21 0.9659257640625001 1 0.9735170296875 0.87378515 0.9560021640624999 1 0.9659257640625001 1
21 0.9478181640625 0.7485102421875001 0.9434982765625 0.78788815625 0.9785899562499999 0.8044388453125 0.979925978125 0.8045322687500001 0.9840677687499999 0.745301903125 0.9739362625 0.7445934390625 0.9478181640625 0.7485102421875001
21 0.8506697796875 0.5250433250000001 0.8497978234374999 0.537512875 0.8646581328125 0.5489941125 0.8594903265625 0.6896011359374999 0.861343184375 0.6897307015624999 0.87079888125 0.6851708546874999 0.8850265859374999 0.57130261875 0.9942405875 0.5998238125 0.9990363453125 0.5312412828124999 0.9366885921874999 0.5268815046875 0.8506697796875 0.5250433250000001
3 0.0963446703125 0 0.0835476875 0.071729425 0.028993404687500002 0.06791461875 0.026377535937500002 0.1053232703125 0.1004682109375 0.1209462984375 0.1220391640625 0.1036589 0.13606740781249999 0.1046398515625 0.134468821875 0.12750069375 0.145089028125 0.132420171875 0.2425601078125 0.1496781171875 0.2794273484375 0.13763718125 0.28562223124999997 0.161042996875 0.3798306 0.18016121093749998 0.3842160296875 0.18464471093749998 0.3752058171875 0.3134967359375 0.3839766765625 0.3224637359375 0.3881768875 0.3519953328125 0.3944116640625 0.352431309375 0.408533934375 0.2176714953125 0.4721497296875 0.22629678593749997 0.4769312453125 0.24751534843749998 0.4710783125 0.35361552343749997 0.464262234375 0.36149257968750004 0.41735609374999993 0.360301003125 0.43061318281250005 0.3667101328125 0.444251753125 0.367663834375 0.4951454578125 0.3678289859375 0.487642640625 0.363127496875 0.504776865625 0.20769409218749998 0.529425315625 0.21359452031249998 0.516425759375 0.3546981046875 0.499821540625 0.36815596875 0.54361029375 0.36912955625 0.5393046484374999 0.31870638125 0.5431885578125 0.2855632421875 0.5535580015625 0.2716693984375 0.5812184046875 0.2568962375 0.586661009375 0.223862090625 0.6198694484375 0.1969463625 0.6402663875 0.0396526890625 0.645378446875 0.033744896875 0.676406996875 0.03800304375 0.6708988515625001 0.027175775000000003 0.630954115625 0.016028884375 0.62396733125 0.007447690625 0.5174603875 0 0.4628070796875 0 0.4892184109375 0.027001965625000002 0.56272778125 0.0509380265625 0.55045485625 0.18165031874999998 0.52707445 0.1800154015625 0.379183753125 0.1446128296875 0.390769940625 0.0013219921875 0.43709477812499997 0.0108266015625 0.442041540625 0 0.3343329984375 0 0.32379740625000003 0.130297734375 0.3158586109375 0.1318310203125 0.2762045265625 0.11652761250000002 0.2871019078125 0 0.168114921875 0 0.160465096875 0.091726959375 0.1462915265625 0.0928242671875 0.11258156718750001 0.0821133546875 0.1183234921875 0 0.0963446703125 0
2 0.0337424578125 0 0.0289752390625 0.0681744015625 0.0832388703125 0.076145725 0.0976402953125 0 0.0337424578125 0
2 0.3945206578125 0.350872615625 0.46292810937500006 0.35957192031249996 0.46750069375000003 0.359891665625 0.47367209218750006 0.22692534687500002 0.4087882546875 0.2140345421875 0.40041348125000004 0.2218026046875 0.3945206578125 0.350872615625
2 0.495755971875 0.5466926921875 0.5279948703125 0.5476417921875 0.53511584375 0.44580712968749997 0.46073451875 0.43434061875 0.450786809375 0.5318007765625 0.4748110328125 0.5452280796875 0.495755971875 0.5466926921875
3 0 0.54450986875 0.07504364687500001 0.5517325609375 0.0643949578125 0.7264152640625 0.1237706484375 0.728478796875 0.1427941109375 0.54602803125 0.1323192328125 0.5390302953125 0.13094575625 0.5138732046875 0.14442118125 0.3435650078125 0.23950150468750003 0.350213671875 0.2277301 0.5185526046875 0.272747003125 0.546761540625 0.29235176875 0.3559977421875 0.3604983203125 0.367028275 0.39678425625 0.3633003734375 0.3619515796875 0.346245690625 0.268575275 0.3376277640625 0.2832133078125 0.1506934984375 0.28847069375 0.142707446875 0.348823775 0.1531930078125 0.35958930625 0.1560342296875 0.36651081875 0.16904875156250002 0.404064796875 0.16958636093749999 0.4124395703125 0.1618183 0.3929031796875 0.150010078125 0.3113096890625 0.12968556250000002 0.21028524218750003 0.118444403125 0.1587429125 0.09395600625 0.0291205640625 0.06609614375 0.0262140453125 0.1076613125 0.0970420046875 0.125144609375 0.0825492984375 0.31000061562500003 0.0172294828125 0.3033445890625 0.0124080765625 0.3050958625 0.01124546875 0.32172193125000004 0.10603513906249999 0.3325271125 0.0961130796875 0.49681852343750005 0.0904197171875 0.5110393484375 0.0029875359375 0.507013915625 0 0.509317415625 0 0.54450986875
2 0.2540141921875 0.7250557890625 0.28157762656249996 0.743168471875 0.285620484375 0.743451175 0.3960006578125 0.732896028125 0.40166837031249997 0.6518439500000001 0.379595896875 0.63150470625 0.3580285015625 0.62634183125 0.35296275 0.6259876 0.3311310625 0.6302041359375 0.323944546875 0.6881773828125 0.257898103125 0.6919126484375 0.2540141921875 0.7250557890625
3 0.43179267968749996 0 0.4281604265625 0.0041976421875000005 0.4339592234375 0.0108683953125 0.41925565000000004 0.15394124375 0.4685525484375 0.1657421015625 0.48126145 0.0287950328125 0.5035191421875 0.024086181249999998 0.4896362234375 0.021026971875 0.48407095624999996 0 0.43179267968749996 0
3 0.05974736093750001 0.5464860984375 0.0768929921875 0.5476850390625 0.07772505625000001 0.558185325 0.06584465625 0.728082953125 0.0695465515625 0.7283418140625 0.1256199953125 0.7244312749999999 0.1423581328125 0.55226280625 0.181180153125 0.557065928125 0.16814070625 0.72113935 0.24977408906249998 0.71849403125 0.25644484218749997 0.7126952328125 0.2546353890625 0.6937729187499999 0.303826853125 0.684682196875 0.314541084375 0.553860909375 0.265098859375 0.5441383109375 0.22559847031250002 0.51683723125 0.1668552015625 0.5127295015625 0.13250445 0.5139821984374999 0.1292018453125 0.53881230625 0.0618873578125 0.5382820609375 0.05974736093750001 0.5464860984375
3 0 0.6112527562500001 0.002216165625 0.6954399375 0.011044125 0.6960572484374999 0.00623993125 0.6844960453125 0.013927967187500001 0.6641494390625 0.0182222046875 0.55794026875 0 0.550907909375 0 0.6112527562500001
3 0.39573848906250003 0.5574503640625 0.3580391859375 0.5589910140625001 0.3530981015625 0.6296518 0.376478509375 0.6312867171875001 0.40576314843750005 0.6604839671875 0.4142974890625 0.5608365578125001 0.39573848906250003 0.5574503640625
3 0.5152496359375001 0.685108425 0.482517065625 0.6828195406249999 0.4040010703125 0.6856828515625 0.39656379531249997 0.724842778125 0.3991334796875 0.7310266765625 0.42963625624999996 0.7331596390625 0.5953898671875 0.726215528125 0.592853784375 0.7176845046875 0.5662106625 0.71790985625 0.5152496359375001 0.685108425
3 0.155602053125 0.6988562515625001 0.13689772656250002 0.69754831875 0.1286682796875 0.7032381203125 0.1223936125 0.7257719796875 0.0798729015625 0.7290639031249999 0.064576615625 0.7238174421875 0.0629124875 0.70281686875 0.0111849390625 0.7033765671875 0.007697115625000001 0.7532547703125 0.022445218750000002 0.75794079375 0.028233026562500003 0.7583455156250001 0.27485495625 0.7406099562499999 0.2529278078125 0.7181924546875 0.16973573125000002 0.72072878125 0.155602053125 0.6988562515625001
3 0.27791712031250004 0.517624128125 0.27493923124999997 0.539083259375 0.3183641875 0.5421198281249999 0.4840607921875 0.5487464640625 0.44966409374999994 0.52545700625 0.3686120140625 0.5197892937499999 0.27791712031250004 0.517624128125
3 0.49034970156249996 0.43641151406249995 0.53355715 0.445698134375 0.5237547671875 0.5410800328125001 0.541591321875 0.5498978125 0.5435275125000001 0.5500332046875 0.5550882125000001 0.45138057500000006 0.54429703125 0.3817081015625 0.49782686875 0.37428175 0.49034970156249996 0.43641151406249995