16 0.3347373078125 0.29384541875000003 0.3392261203125 0.31169656562500003 0.3328658203125 0.3444174734375 0.3181540859375 0.362781065625 0.3360495109375 0.385360521875 0.3277579 0.41982834531249996 0.33940205 0.4008684734375 0.3478097671875 0.406747421875 0.3551937765625 0.39332644375000003 0.36672536093749997 0.39132330312499997 0.37570298593749996 0.4270255984375 0.3840508796875 0.384079409375 0.400525078125 0.389403996875 0.39683484375 0.4247662375 0.4074552859375 0.38650643906250004 0.438528653125 0.3904241640625 0.4661298359375 0.28118366250000004 0.48623798437500004 0.2596243734375 0.4906669734375 0.228650384375 0.48623444375 0.20232087187499997 0.49656993125 0.1491493984375 0.4557239 0.11361949062500001 0.409425171875 0.08976364375 0.37181911562500003 0.0866984203125 0.343595284375 0.23189744218750002 0.34541403125 0.2471072546875 0.36109319218749997 0.2565219546875 0.35780047656249997 0.2898391375 0.3347373078125 0.29384541875000003
14 0.8517546625 0.4182195828125 0.85612736875 0.3957239609375 0.8685102734375001 0.3811523421875 0.8792432796874999 0.3259358125 0.8702093718749999 0.29871188125 0.8464637312500001 0.2898515421875 0.82953573125 0.29505037968750003 0.8144264781249999 0.315459028125 0.7992082 0.41012791249999997 0.729167371875 0.43471523124999994 0.718715778125 0.44753993124999997 0.663341025 0.6341525296875 0.6652160546875 0.640883978125 0.7050946578125 0.64863559375 0.72315893125 0.645779953125 0.7447870703125 0.663779159375 0.8739827109375 0.6888922484375 0.91055594375 0.525154084375 0.9107810734375 0.491240621875 0.8684575328124999 0.446934209375 0.8517546625 0.4182195828125
21 0.9121681921875 1 0.9395833640625 0.8589611703125 0.835795559375 0.8196859265625 0.8046131671874999 0.8900284359375 0.604083871875 0.8489271640625 0.592267334375 0.8360186281249999 0.5780621421875 0.77807693125 0.581981046875 0.7661047296875 0.6153832453125 0.7662304796875 0.607031809375 0.7518731671875 0.5162531 0.7193712890625 0.5246608171875 0.7252502375 0.5184130828125 0.7410144109375 0.5275595546875 0.7512816124999999 0.526708234375 0.763850090625 0.4720616140625 0.7829404328125 0.428886753125 0.7512025 0.39934717656249996 0.7475829140625 0.356116034375 0.724323346875 0.3496959109375 0.7082191156250001 0.3709403328125 0.689003021875 0.41632791874999997 0.676602209375 0.4504688703125 0.6811162125 0.43251716250000005 0.667015121875 0.3934335953125 0.6551733937499999 0.2391502875 0.703709834375 0.1625204875 0.73762801875 0.2114329984375 0.772603565625 0.176369840625 0.944859271875 0.19477720468749998 0.9484373015625 0.22506828437499998 0.8007219140625 0.239269934375 0.8013601093749999 0.3548179953125 0.862022253125 0.3808924671875 0.8670906171875 0.6632921328125 1 0.9121681921875 1
9 0.5786949234375001 0.79119918125 0.595626465625 0.8433038484375001 0.7436805453125 0.8800413703125001 0.7605522484375 0.883320896875 0.8095623734374999 0.8891334296875 0.8769225125 0.68999426875 0.6719021125 0.6400612890625 0.660373115625 0.6378202796875 0.65225005625 0.6420777156249999 0.61260720625 0.77232314375 0.5800000453124999 0.76810728125 0.5786949234375001 0.79119918125
19 0.6023670671875 0.6448501125 0.5989582453125 0.637820525 0.6410987734375 0.47834802343750005 0.652289121875 0.46991157499999997 0.697110340625 0.4849909171875 0.7059718593750001 0.4803464421875 0.642629025 0.42134265937500004 0.587468778125 0.40213128906250006 0.5390698921875 0.40545745625 0.5028850625 0.419647103125 0.526971940625 0.43494075 0.6097404515625 0.45951862343750005 0.5707765328125001 0.5453271703125 0.5530570359375 0.611919621875 0.538004065625 0.6238499046875 0.39706400625 0.5709860156250001 0.44329936875 0.488713221875 0.4612475359375 0.4455108109375 0.46016754375 0.43468925 0.28747518437499997 0.42234451875 0.276569790625 0.4456926421875 0.23414785 0.6475569703125 0.22889130781249997 0.6987974921875 0.251715234375 0.7032340140625 0.38383332187499997 0.655429615625 0.6224822999999999 0.737897828125 0.6475858046875 0.6578843953125 0.6023670671875 0.6448501125
15 0.5969772453125 0.639823075 0.6437297734375 0.6531554984375 0.66150909375 0.6353881828125 0.6755383562499999 0.6041579734375 0.703934575 0.49082735624999996 0.6526369515625 0.46812215 0.639912809375 0.47626046093749996 0.5969772453125 0.639823075
15 0.8667492796875 0.7259533765625 0.9514834078125001 0.75807618125 0.9589127124999999 0.7595202921875 0.9932483937500001 0.582878525 0.9074122984375 0.5577043734375 0.8667492796875 0.7259533765625
15 0.4806732125 0.4110849046875 0.46522272343750004 0.42506024375000007 0.4417655765625 0.48841508281249996 0.39513269375000004 0.5727329328125 0.535199003125 0.6198558765625 0.5455521 0.6218683140625 0.55265951875 0.613964678125 0.5871909078125 0.5018266203125 0.61127424375 0.45981676250000003 0.4806732125 0.4110849046875
19 0.8549494687499999 0.7539028796875 0.8387637640625 0.8207934703124999 0.9353243640625 0.859990340625 0.9392355359375 0.8607505953125001 0.9593599218750001 0.757219603125 0.8731825890625 0.7256121421875 0.8549494687499999 0.7539028796875
19 0 0.7758694140625 0.0558897375 0.541013296875 0 0.519709290625 0 0.7758694140625
4 1 0.21625698125 0.6815326296875 0.163879240625 0.66847079375 0.22288774375 0.7520343421875 0.2433755046875 0.73454351875 0.333357996875 0.8031666609375 0.3488193109375 0.8253749687499999 0.3000780078125 0.843495525 0.2887440015625 0.8607647609375 0.28997847499999996 0.8797964609375001 0.3149011265625 0.8808201703125 0.33420105312500004 0.872982359375 0.3581454546875 0.8779249734375 0.36547318125 1 0.39263258125 1 0.21625698125
7 0.6930754546875 0.4690850390625 0.699959628125 0.4704231859375 0.752315515625 0.2418384140625 0.6747481468750001 0.2267608453125 0.663813134375 0.2304716921875 0.621901278125 0.4133342328125 0.665871175 0.44098205312500005 0.6930754546875 0.4690850390625
10 0.716767740625 0.4084288140625 0.71784773125 0.4192503765625 0.7335831749999999 0.42018670937499997 0.73398069375 0.418141653125 0.7462510328125 0.420526765625 0.7466485515625 0.41848170937500007 0.7650540609375 0.422059378125 0.7646565421875 0.42410443437499995 0.767724128125 0.42470071249999997 0.768121646875 0.42265565625 0.7792557125 0.422697571875 0.77965323125 0.42065251562499995 0.78811723125 0.41805309687500003 0.7972038796875001 0.3794951609375 0.798737671875 0.3797933 0.800327746875 0.3716130734375 0.8018615390624999 0.37191121250000003 0.8034516140625 0.363730984375 0.8049854078124999 0.3640291234375 0.8077680375 0.349713728125 0.8066317640625 0.34737053281249997 0.7318734515624999 0.33071666093749996 0.715233946875 0.40813067500000005 0.716767740625 0.4084288140625
2 0.5183633921874999 0.7412700437499999 0.52728119375 0.728147203125 0.42207216093750005 0.6716170890625001 0.3689593328125 0.691005571875 0.3543038796875 0.7008908 0.3480561453125 0.716654975 0.3977636953125 0.7475404078125 0.426166996875 0.748816796875 0.46547923437499994 0.7840485671875 0.5281923374999999 0.7644038625 0.5290436578125 0.7518353828125 0.5183633921874999 0.7412700437499999
18 0.9290076015625001 0.47117261875 0.9349703828125 0.4404967703125 0.9323003171875 0.437855434375 0.9319027984374999 0.4399004921875 0.9303690046875 0.439602353125 0.9291764484374999 0.44573752187500004 0.92764265625 0.4454393828125 0.92366746875 0.46588995000000005 0.9221336765625001 0.4655918109375 0.9213386390625 0.4696819234375 0.9198048468750001 0.469383784375 0.919407328125 0.47142884062499996 0.9148059500000001 0.47053442343749996 0.913215875 0.47871465156250004 0.9147496671875001 0.479012790625 0.91435215 0.4810578453125 0.917419734375 0.4816541234375 0.9181584890625001 0.48604237812499995 0.9212260734375001 0.48663865624999997 0.9209776250000001 0.48791681562500006 0.9335355515625 0.49035782968749997 0.935427725 0.48727685000000004 0.9327576593750001 0.48463551406249994 0.934347734375 0.4764552875 0.9290076015625001 0.47117261875