9 0.2875 0.7 0.28125 0.69375 0.2796875 0.5625 0.053125 0.5541666671875001 0.0625 0.7625 0.2796875 0.7625 0.2875 0.7
15 0.275 0.4145833328125 0.1953125 0.40833333281249995 0.146875 0.3958333328125 0.0828125 0.5541666671875001 0.23125 0.5604166671875 0.275 0.4145833328125
19 1 0.58125 0.9890625 0.575 0.975 0.55 0.9609375 0.5583333328125 0.928125 0.6479166671875001 0.90625 0.68125 0.853125 0.7354166671875 0.834375 0.7479166671875 0.8140625 0.75 0.80625 0.7416666671875001 0.79375 0.69375 0.8 0.65625 0.73125 0.6229166671875 0.7390625 0.59375 0.7796875 0.525 0.7765625 0.5145833328125 0.696875 0.5083333328124999 0.6875 0.5354166671875 0.6875 0.6291666671875 0.6671875 0.6375 0.6125 0.6229166671875 0.5171875 0.6145833328125 0.5140625 0.60625 0.534375 0.5291666671875 0.534375 0.49375 0.45625 0.47291666718750003 0.4421875 0.5375 0.4421875 0.6041666671875 0.4265625 0.6083333328125 0.3734375 0.59375 0.2859375 0.5916666671875 0.2796875 0.6145833328125 0.28125 0.6875 0.2875 0.6958333328124999 0.4203125 0.7208333328125 0.415625 0.7375 0.38125 0.76875 0.3828125 0.8645833328125001 0.5078125 0.89375 0.5109375 0.90625 0.4921875 0.95 0.4921875 1 1 1 1 0.58125
15 0.2796875 0.5875 0.440625 0.6083333328125 0.4453125 0.5979166671875 0.4453125 0.525 0.4625 0.43333333281249997 0.4546875 0.4270833328125 0.40625 0.4291666671875 0.3046875 0.4166666671875 0.296875 0.43125 0.275 0.55 0.2796875 0.5875
15 0.5125 0.6 0.5125 0.61875 0.61875 0.6291666671875 0.65625 0.6416666671875 0.6875 0.6333333328124999 0.6890625 0.5520833328125 0.703125 0.47083333281249995 0.5453125 0.45208333281249996 0.5375 0.4625 0.5328125 0.5333333328125 0.5125 0.6
15 0.7328125 0.6020833328124999 0.7265625 0.61875 0.7296875 0.6270833328125 0.80625 0.65625 0.865625 0.5729166671875 0.909375 0.4875 0.9234375 0.48125 0.928125 0.49791666718750005 0.9421875 0.49791666718750005 0.9546875 0.4791666671875 0.9453125 0.46458333281249997 0.8375 0.4458333328125 0.80625 0.4791666671875 0.76875 0.5395833328124999 0.7328125 0.6020833328124999
15 0.8546875 0.5895833328125 0.7921875 0.6729166671875 0.7921875 0.6958333328124999 0.809375 0.7520833328125 0.8375 0.7479166671875 0.875 0.7166666671875 0.921875 0.6604166671875 0.9421875 0.6166666671875001 0.9625 0.5583333328125 0.965625 0.5 0.959375 0.4916666671875 0.921875 0.49583333281249997 0.9203125 0.48333333281249996 0.9140625 0.48333333281249996 0.896875 0.5020833328125 0.8875 0.53125 0.8546875 0.5895833328125
14 0.7578125 0.26875 0.771875 0.2770833328125 0.771875 0.2875 0.7515625 0.3458333328125 0.7375 0.4604166671875 0.7375 0.47083333281249995 0.7484375 0.475 0.75 0.5125 0.7859375 0.5125 0.8109375 0.46875 0.8140625 0.3145833328125 0.803125 0.25625 0.8125 0.23333333281250002 0.8125 0.2125 0.8 0.1979166671875 0.7796875 0.19583333281249998 0.765625 0.2104166671875 0.75625 0.24375 0.7578125 0.26875
21 0.375 1 0.38125 0.76875 0.4234375 0.7291666671875 0.41875 0.71875 0.284375 0.69375 0.275 0.7625 0.0625 0.7604166671875 0.0578125 0.69375 0.05 0.6895833328125 0.053125 0.7020833328125 0.046875 0.7083333328125 0 0.71875 0 0.8833333328125 0.178125 0.9270833328125001 0.1765625 0.9979166671874999 0.203125 1 0.2046875 0.9229166671875 0.209375 0.9166666671874999 0.3609375 0.7895833328124999 0.35625 0.98125 0.30625 1 0.375 1
2 0 0.7229166671875 0.04375 0.70625 0.04375 0.6833333328125 0.0359375 0.6708333328125 0 0.6625 0 0.7229166671875
21 0 0.675 0.0046875 0.6708333328125 0.0046875 0.6791666671875001 0.015625 0.6666666671875 0.034375 0.66875 0.0390625 0.6791666671875001 0.0578125 0.675 0.0578125 0.6604166671875 0.0515625 0.6541666671875 0 0.6479166671875001 0 0.675
19 0 0.65 0.0546875 0.6541666671875 0.053125 0.5604166671875 0.084375 0.5520833328125 0.1046875 0.50625 0.1296875 0.43958333281249995 0.128125 0.425 0.109375 0.425 0 0.43541666718750005 0 0.65
19 0.2734375 0.4166666671875 0.23125 0.55625 0.2734375 0.5604166671875 0.3 0.42291666718750004 0.3734375 0.42083333281249996 0.2953125 0.3708333328125 0.234375 0.36666666718749996 0.175 0.4 0.196875 0.41041666718750003 0.2734375 0.4166666671875
21 0.9953125 0.46875 0.990625 0.55625 0.9984375 0.5541666671875001 1 0.4479166671875 0.909375 0.44166666718750003 0.9078125 0.4583333328125 0.9140625 0.4625 0.9953125 0.46875