14 0.8986849734375 0.216517328125 0.8696815093750001 0.189776725 0.8430385140625001 0.1900163921875 0.8530222859375 0.555118909375 0.9245935031249999 0.5632348656249999 0.9258856171875 0.5631218203125 0.9206042109375 0.4132723203125 0.8870877281249999 0.2990923171875 0.9002151859374999 0.25193540468750003 0.8986849734375 0.216517328125
19 0.3805011828125 0.5862641015625 0.4145638015625 0.58119271875 0.4008666890625 0.53220006875 0.402994309375 0.5027358468750001 0.40958367500000004 0.506341934375 0.43443585625000003 0.5752715546875 0.48945997812500003 0.5767314421874999 0.5601536 0.5600900953125 0.5620220296875 0.5097356359375 0.5567300265624999 0.48510313125 0.488164025 0.47228025625000003 0.422244025 0.47177363593750005 0.3511872546875 0.48426417187500004 0.2751752890625 0.5118272703125 0.291613084375 0.6640990625 0.2937566921875 0.663911521875 0.3364242140625 0.6382200375 0.3390965578125 0.6149820328125 0.35219767343749997 0.6033793765625 0.3805011828125 0.5862641015625
21 0.604472940625 0.582615209375 0.5650143625 0.5797935140625 0.521508459375 0.6024214078125001 0.51912165 0.6109953921875 0.5498632421874999 0.6396752218749999 0.54765800625 0.6503246109374999 0.449595090625 0.6589040046875 0.4281928234375 0.629407090625 0.4162338390625 0.582353665625 0.381808071875 0.5832742390625001 0.3402218734375 0.6099167640625 0.3347995703125 0.6375779421875001 0.2726926328125 0.6806548390625 0.2646243296875 0.6959997625 0.29648171093750003 0.7015777671875 0.3120630125 0.7407333515625 0.31284128906249997 0.7406652609375 0.31697610625 0.7206976546874999 0.4354199375 0.7299410187500001 0.444699390625 0.729129171875 0.47208680468750003 0.7008533531250001 0.6072214890625001 0.7036696390625 0.6192331578125 0.6796145484375 0.604472940625 0.582615209375
9 0.41683124843749997 0.51747136875 0.3945987234375 0.49641225625 0.424716565625 0.625528640625 0.44447964375 0.6585673140625 0.550819765625 0.6492637593749999 0.551419796875 0.639539040625 0.517201946875 0.6069807609375 0.4423057703125 0.6114420375 0.41683124843749997 0.51747136875
2 0.458079228125 0.5766013765625 0.46383833750000003 0.58864526875 0.4563147578125 0.610216409375 0.5084625296875 0.6090524187499999 0.5221066984375 0.6078587093750001 0.55484478125 0.5890484015624999 0.549552778125 0.5644158953125 0.4981864890625 0.5689098640625 0.458079228125 0.5766013765625
4 0.1058821421875 0.6743359515625 0.09791920781249999 0.547463846875 0.002243103125 0.54746925625 0.017018725000000002 0.7163553890625 0.0203950734375 0.716059996875 0.1058821421875 0.6743359515625
4 0 0.2742015203125 0.0517737890625 0.2710066 0.072012990625 0.2692358984375 0.055998203125 0.068304575 0 0.0719727640625 0 0.2742015203125
19 1 0.72133713125 0.8654469656250001 0.715061321875 0.8566523640625 0.7221046234374999 0.8563668312500001 0.7367686453125 0.8657967546875 0.9699068499999999 1 0.9581655874999999 1 0.72133713125
19 0.5039027921875 1 0.8190313828125 0.9724298203125 0.8131010671875 0.744213665625 0.8072643421875 0.71335494375 0.4705302515625 0.700989534375 0.44450959375 0.72627025 0.4301111140625 0.7588993234375 0.287193659375 0.7567639421875 0.20786066875000003 0.8180782546875 0.14289981406250002 0.88231775 0.12071856249999999 0.9156277265625 0.1151146859375 0.9412134984374999 0.11828903125000001 1 0.5039027921875 1
15 0.624570553125 0.70476590625 0.8065925046875 0.7115838421875 0.808672259375 0.7114018875 0.8011112734375001 0.553386659375 0.6149997921875 0.5236608953124999 0.5987855671875 0.5355359125 0.624570553125 0.70476590625
15 1 0.49166841093749997 0.9929320031250001 0.4153096234375 0.9203436078125 0.5178596859375 0.92726978125 0.5611708421875 0.85164730625 0.5573304953125 0.8594023234374999 0.7176814515625 0.92376576875 0.718324253125 0.9340129671874999 0.7278841953125 0.9568165562500001 0.719615265625 1 0.72281340625 1 0.49166841093749997