4 0.1 0.7541666671875 0.109375 0.7604166671875 0.2265625 0.7479166671875 0.2390625 0.7333333328125 0.2375 0.6291666671875 0.246875 0.50625 0.246875 0.2166666671875 0.2265625 0.20416666718749998 0.1109375 0.1979166671875 0.09375 0.2125 0.0921875 0.7291666671875 0.1 0.7541666671875
7 0.1078125 0.7604166671875 0.228125 0.7479166671875 0.2390625 0.7354166671875 0.2375 0.6354166671875 0.246875 0.50625 0.246875 0.21458333281250003 0.2234375 0.20416666718749998 0.1125 0.1979166671875 0.09375 0.2125 0.0921875 0.7333333328125 0.1078125 0.7604166671875
4 0.3546875 0.63125 0.240625 0.6333333328124999 0.240625 0.71875 0.353125 0.7104166671875001 0.36875 0.7270833328124999 0.3875 0.7270833328124999 0.5375 0.7125 0.54375 0.69375 0.54375 0.6270833328125 0.5328125 0.6145833328125 0.575 0.6041666671875 0.575 0.5604166671875 0.5796875 0.5541666671875001 0.6421875 0.55625 0.6625 0.55 0.6640625 0.5666666671875 0.7 0.58125 0.7 0.6 0.878125 0.5916666671875 0.9203125 0.60625 0.9375 0.6 0.940625 0.525 0.934375 0.5208333328125 0.796875 0.5 0.578125 0.49375 0.5453125 0.48125 0.49375 0.4770833328125 0.3734375 0.4770833328125 0.3671875 0.48125 0.3609375 0.625 0.3546875 0.63125
13 0.3625 0.6270833328125 0.365625 0.4791666671875 0.3484375 0.46666666718750005 0.3015625 0.47083333281249995 0.29375 0.4583333328125 0.2515625 0.4583333328125 0.246875 0.4604166671875 0.2421875 0.63125 0.3625 0.6270833328125
4 0.2453125 0.3375 0.2515625 0.34375 0.3671875 0.3479166671875 0.379024909375 0.34644806875 0.400505546875 0.35035193124999997 0.41319865 0.3516532171875 0.428125 0.3458333328125 0.4828125 0.35 0.49375 0.3416666671875 0.503125 0.3541666671875 0.578125 0.3583333328125 0.5859375 0.35 0.5953125 0.25625 0.7625 0.2708333328125 0.76875 0.275 0.7515625 0.2833333328125 0.7515625 0.3416666671875 0.759375 0.35 0.7484375 0.3583333328125 0.74375 0.47083333281249995 0.7921875 0.48541666718750004 0.8671875 0.4916666671875 0.884375 0.4895833328125 0.8890625 0.48125 0.90625 0.2270833328125 0.903125 0.2104166671875 0.7828125 0.20416666718749998 0.4625 0.1583333328125 0.3859375 0.1458333328125 0.3703125 0.1291666671875 0.1203125 0.0916666671875 0.1203125 0.19375 0.2453125 0.20833333281250002 0.2453125 0.3375
10 0.259375 0.47083333281249995 0.3640625 0.47291666718750003 0.3671875 0.3583333328125 0.325 0.3479166671875 0.246875 0.34375 0.2453125 0.4583333328125 0.2609375 0.4604166671875 0.259375 0.47083333281249995
6 0.8078125 0.5083333328124999 0.8887018390625 0.5078077046875 0.8857726609375 0.49349354375 0.7828125 0.4791666671875 0.746875 0.47083333281249995 0.3703125 0.46875 0.3703125 0.5270833328125 0.8046875 0.51875 0.8078125 0.5083333328124999
18 0.5303657609375 0.47657680625000004 0.40929307968749995 0.47917938125 0.4346792875 0.49479483125 0.56551589375 0.49089096874999993 0.5303657609375 0.47657680625000004
20 0.7453125 0.4916666671875 0.71875 0.475 0.6375 0.47291666718750003 0.61875 0.48125 0.6609375 0.49375 0.7453125 0.4916666671875
21 1 0.625 0.9765625 0.61875 0.971875 0.6416666671875 0.95625 0.6479166671875001 0.9484375 0.6395833328125 0.9453125 0.6104166671875 0.884375 0.5916666671875 0.8453125 0.5916666671875 0.6984375 0.6 0.675 0.6208333328125 0.6484375 0.6208333328125 0.628125 0.6041666671875 0.534375 0.6104166671875 0.5328125 0.61875 0.54375 0.6270833328125 0.5359375 0.8875 0.5515625 0.8895833328125 0.5578125 0.69375 0.559375 0.6729166671875 0.5640625 0.6729166671875 0.7140625 0.7645833328125 0.7046875 0.8645833328125001 0.696875 0.8916666671875 0.7078125 0.8979166671875 0.703125 1 0.7265625 1 0.7390625 0.7666666671875 0.8578125 0.7520833328125 0.8578125 0.8020833328125001 0.8734375 0.8020833328125001 0.878125 0.7479166671875 0.925 0.7395833328125 0.934375 0.6520833328125 0.9546875 0.6520833328125 0.9625 0.6604166671875 1 0.65625 1 0.625
5 0.5875 0.55625 0.5734375 0.5479166671875 0.5703125 0.60625 0.6296875 0.6041666671875 0.6265625 0.5708333328124999 0.6671875 0.56875 0.6671875 0.55 0.653125 0.5458333328125 0.65 0.5541666671875001 0.628125 0.55625 0.5875 0.55625
5 0.575 0.8416666671874999 0.5828125 0.8416666671874999 0.6125 0.86875 0.6109375 0.9083333328125001 0.6265625 0.9125 0.6296875 0.8479166671874999 0.6515625 0.85 0.6546875 0.8416666671874999 0.678125 0.8395833328125001 0.696875 0.8541666671874999 0.696875 0.89375 0.709375 0.8958333328125001 0.715625 0.7625 0.6203125 0.7041666671875 0.5875 0.70625 0.5875 0.6854166671875 0.571875 0.6770833328125 0.5609375 0.8625 0.5734375 0.8625 0.575 0.8416666671874999
5 1 0.69375 0.95625 0.7 0.95625 0.6541666671875 0.9328125 0.65 0.921875 0.7395833328125 0.8859375 0.7479166671875 0.884375 0.7979166671875 0.871875 0.7979166671875 0.8703125 0.7645833328125 0.8609375 0.75 0.8578125 0.8020833328125001 0.8140625 0.8104166671874999 0.8171875 0.8520833328125 0.8078125 1 0.828125 1 0.8265625 0.9541666671875 0.83125 0.9520833328125 0.8359375 0.8625 0.9046875 0.9041666671874999 0.90625 1 0.928125 1 0.9296875 0.8958333328125001 0.95625 0.8916666671875 0.9546875 0.9333333328125001 0.9703125 0.9375 0.975 0.9 1 0.8958333328125001 1 0.69375