15 0.6640625 0.6705729171875 0.6357421875 0.6510416671875 0.4775390625 0.6197916671875 0.3330078125 0.5755208328125 0.3134765625 0.5833333328125 0.298828125 0.6080729171875 0.251953125 0.7174479171875 0.224609375 0.76171875 0.18359375 0.8736979171874999 0.16015625 0.91015625 0.126953125 0.9856770828125001 0.1279296875 0.9973958328125001 0.54296875 0.99609375 0.5546875 0.97265625 0.57421875 0.8971354171874999 0.6640625 0.6861979171875 0.6640625 0.6705729171875
19 0.1640625 0.6028645828125 0.025390625 0.9231770828125001 0 0.9466145828125001 0.0009765625 0.9973958328125001 0.12109375 0.99609375 0.294921875 0.61328125 0.2919921875 0.6041666671875 0.2001953125 0.5364583328125 0.1640625 0.6028645828125
15 0 0.94140625 0.005859375 0.94140625 0.0126953125 0.9401041671874999 0.03125 0.9075520828125001 0.193359375 0.5403645828125 0.1943359375 0.5026041671875 0.1162109375 0.5026041671875 0 0.4700520828125 0 0.94140625
19 0.0380859375 0.3776041671875 0 0.3763020828125 0.0009765625 0.46875 0.0595703125 0.4895833328125 0.140625 0.4986979171875 0.1533203125 0.4973958328125 0.15625 0.48828125 0.0712890625 0.3958333328125 0.0380859375 0.3776041671875
19 0.6884765625 0.75 0.6728515625 0.734375 0.6474609375 0.7291666671875 0.5703125 0.91015625 0.548828125 0.9934895828125001 0.798828125 0.99609375 0.8759765625 0.8854166671874999 0.9375 0.8138020828125001 0.7216796875 0.7473958328125 0.6884765625 0.75
5 0.814453125 0.7044270828125 0.8125 0.46484375 0.7880859375 0.4635416671875 0.7841796875 0.4739583328125 0.7294921875 0.4713541671875 0.6533203125 0.4609375 0.6474609375 0.4479166671875 0.6259765625 0.4453125 0.6279296875 0.6484375 0.6396484375 0.6510416671875 0.642578125 0.6263020828125 0.65625 0.62109375 0.6533203125 0.5833333328125 0.7783203125 0.6119791671875 0.78125 0.6263020828125 0.7802734375 0.7005208328125 0.765625 0.6940104171875 0.7646484375 0.6536458328125 0.7607421875 0.6927083328125 0.6962890625 0.6848958328125 0.6611328125 0.7057291671875 0.65234375 0.72265625 0.6904296875 0.7447916671875 0.7158203125 0.7421875 0.8134765625 0.7734375 0.84375 0.7721354171875 0.861328125 0.7669270828125 0.87109375 0.73046875 0.8583984375 0.71875 0.814453125 0.7044270828125
21 0.6572265625 0.5572916671875 0.783203125 0.5768229171875 0.7783203125 0.5546875 0.6689453125 0.5364583328125 0.65234375 0.5403645828125 0.6572265625 0.5572916671875
21 0.65234375 0.5065104171875 0.6591796875 0.5104166671875 0.783203125 0.52734375 0.78515625 0.5091145828125 0.7783203125 0.5026041671875 0.65234375 0.48828125 0.65234375 0.5065104171875
21 0.49609375 0.4908854171875 0.5009765625 0.5026041671875 0.51171875 0.5065104171875 0.509765625 0.6158854171875 0.521484375 0.62109375 0.5302734375 0.5572916671875 0.623046875 0.57421875 0.6220703125 0.4765625 0.49609375 0.4908854171875
21 1 0.6497395828125 0.9990234375 0.5052083328125 0.814453125 0.4856770828125 0.8134765625 0.6119791671875 1 0.6497395828125
4 1 0.01953125 0.8876953125 0.0364583328125 0.8486328125 0.0234375 0.6298828125 0.05729166718749999 0.623046875 0.1236979171875 0.6279296875 0.1432291671875 0.73046875 0.1341145828125 0.7275390625 0.2604166671875 0.84765625 0.26171875 0.841796875 0.39453125 0.880859375 0.3997395828125 0.8935546875 0.2708333328125 1 0.26953125 1 0.01953125
7 0.6611328125 0.4583333328125 0.716796875 0.4596354171875 0.7275390625 0.1328125 0.6376953125 0.140625 0.623046875 0.15234375 0.615234375 0.34765625 0.619140625 0.4309895828125 0.61328125 0.44921875 0.61328125 0.4674479171875 0.623046875 0.4700520828125 0.6259765625 0.4427083328125 0.6513671875 0.4453125 0.65234375 0.4544270828125 0.6611328125 0.4583333328125
16 0.1546875 0.3625 0.1484375 0.46875 0.1625 0.49583333281249997 0.2015625 0.50625 0.290625 0.50625 0.2765625 0.5166666671875 0.2859375 0.5375 0.303125 0.5375 0.328125 0.5729166671875 0.3671875 0.5729166671875 0.371875 0.5625 0.38125 0.3604166671875 0.384375 0.1125 0.3703125 0.1 0.2328125 0.060416667187499995 0.21875 0.05 0.1734375 0.0479166671875 0.159375 0.060416667187499995 0.1546875 0.10833333281249999 0.1546875 0.3625