5 0.9279341156250001 1 0.9326548015625 0.9099239390625 0.9942129203125001 0.6235170203125 0.996275465625 0.5841613078125001 0.9985715765625001 0.5292583171875 0.9769439703125 0.5281248625 0.9703330234375 0.5455110328125 0.891769925 0.551824678125 0.8800672359374999 0.5512113656250001 0.8729469 0.537799503125 0.8369317515624999 0.5346081578125 0.7768961156249999 0.8404790703125 0.7157083937500001 0.8138026937499999 0.5653829874999999 0.864598634375 0.5620696234375 0.89050239375 0.5712766984375001 0.901415878125 0.5632170765625 1 0.59485046875 1 0.6026155671875 0.9565169578124999 0.6224819625 0.96929294375 0.6227908531249999 1 0.643815259375 1 0.6498775671875 0.987679 0.6686656125 1 0.8381295640624999 1 0.8671950796875001 0.9834216859374999 0.8720030546875 0.9849775296875001 0.8717061312500001 1 0.9279341156250001 1
21 0.8902334921874999 0.8724962359375 0.8924625796875001 0.8726130578125 0.901099065625 0.8720225796875001 0.9223134953125 0.7415217203125 0.922448496875 0.7389457578124999 0.9038764562500001 0.7443888546874999 0.8963896124999999 0.7752893703125 0.887854803125 0.8635052562500001 0.8902334921874999 0.8724962359375
21 0.8674467968749999 0.6240882375 0.8853150671875 0.6250246749999999 0.948606809375 0.6167372078125 0.9557741078124999 0.610593478125 0.9580976984375 0.59611190625 0.9582924 0.5923967671875 0.9384033265625 0.5875173218749999 0.8714066265625 0.597044875 0.867630790625 0.62057743125 0.8674467968749999 0.6240882375
21 0.500860215625 0.5750176203125 0.46380169843749997 0.573075465625 0.4296476703125 0.553031346875 0.40864857499999996 0.5245495546875001 0.399037221875 0.465371684375 0.0795256109375 0.4603616234375 0.0908194265625 0.46877672812500004 0.0917219078125 0.5261943140625001 0.101563478125 0.543660403125 0.4988490171875 0.7626695328124999 0.47996064687500006 0.99246466875 0.5187426203125 0.9969745 0.5207962546875 0.997082125 0.542257084375 0.7740715453125 0.5594492062499999 0.7632377140625 0.80094748125 0.7080928484375 0.8265752640624999 0.568018178125 0.8271008953125 0.557988540625 0.5674996 0.49767008749999997 0.5547959078125 0.5348165515625001 0.5330214296875 0.5584489359375 0.500860215625 0.5750176203125
5 0 0.9352365828125 0.0051659921875 0.9257275 0.0370951515625 0.97329706875 0.2851920265625 0.986299275 0.347035015625 0.9892795546875 0.3508935453125 0.9529734046874999 0.36314140156249997 0.9431843265625 0.364934375 0.9276318484375 0.3657914203125 0.9112784546875 0.23850515625000002 0.8023537828125 0.0995674890625 0.82245364375 0.0980442984375 0.5902849125 0.09052428125 0.4725424828125 0.0724720421875 0.4624693140625 0.045029475 0.46363885 0.0386329625 0.473734584375 0.0023921953125 0.45618884375 0 0.489068828125 0 0.5048106156250001 0.0417584765625 0.526053196875 0.0429805046875 0.5587139953125 0 0.5343323359375 0 0.9352365828125
3 0.191956753125 0 0.1721881921875 0.377206621875 0.176451 0.3891648578125 0.2622707265625 0.3936624796875 0.2802336359375 0.3867806546875 0.286719475 0.3936399140625 0.2863060046875 0.4575078859375 0.40541964375 0.4611426265625 0.41762513281249997 0.41484296093750006 0.44855972343749995 0.42167965625 0.4505525375 0.4582924609375 0.564313034375 0.47077374843750003 0.59749823125 0.1361143875 0.60761698125 0.09231310000000001 0.6156223828125 0.0851050046875 0.615809784375 0.08152918125 0.6157383203125 0.0679651875 0.42950153437500005 0 0.191956753125 0
5 0.17719720781249998 0.443966515625 0.2787568109375 0.44668128749999997 0.278967603125 0.44825697968749995 0.2818421109375 0.3934081109375 0.170170796875 0.3914434671875 0.16681506562499998 0.3808366390625 0.153161928125 0.3801211078125 0.1484386859375 0.4515864359375 0.1510236296875 0.458241259375 0.1637696890625 0.45760538124999994 0.17719720781249998 0.443966515625
5 0.2987130375 0.7469653703125 0.2658749609375 0.7204708656250001 0.270551240625 0.668561128125 0.301260209375 0.661043425 0.29971863593750003 0.6531394140625 0.149585675 0.5696468046875001 0.1269326984375 0.7966369046875 0.1434433625 0.7988060625 0.15093020625 0.76790554375 0.1881673828125 0.8037576890624999 0.1979196234375 0.8042687828125 0.20690107812499997 0.8008278703125 0.208127703125 0.777422490625 0.2152950015625 0.7712787609375 0.23897296406250002 0.7673041890625 0.2442791421875 0.7780132375 0.2559818328125 0.7786265484375 0.264737665625 0.7608312390624999 0.284378440625 0.7592528265625 0.30787315 0.777434446875 0.3054199015625 0.82424520625 0.31656425781249997 0.8299143515624999 0.31705186875 0.8299399062499999 0.324924384375 0.8252673921874999 0.334259996875 0.7068436859375 0.335835528125 0.676780775 0.3176345828125 0.66581318125 0.3117316796875 0.7411282953125 0.30832898750000004 0.7500770609375 0.2987130375 0.7469653703125
5 0.6868098421875 0.45463657812499997 0.67968950625 0.44122471562500004 0.6629062578125 0.444256753125 0.6562325687499999 0.5156198625 0.7855474874999999 0.5462577953125 0.790615175 0.54652338125 0.80014199375 0.47529117187500003 0.8007823484375001 0.46307248906250004 0.7843322578125 0.4597475109375 0.777935746875 0.469843246875 0.7642826078125 0.469127715625 0.6868098421875 0.45463657812499997
5 0.6236054281250001 0.8209713890625 0.550983003125 0.8445466828124999 0.54227413125 0.8427864015625 0.5495823171875001 0.77797589375 0.5449106328125 0.7738194515625 0.5368316609375 0.8346779515625 0.5384156015625 0.87909255 0.54181829375 0.8701437875 0.5699423203125 0.8559712609375 0.6553108046875 0.8317600875 0.6647011328125 0.8205173828125 0.6663366328125 0.7893102109375 0.6715534812499999 0.7830642625 0.7350581593750001 0.765530478125 0.73972984375 0.769686921875 0.7372765953125 0.8164976796875001 0.75922973125 0.8267752875 0.76312675 0.763611428125 0.7653290859374999 0.721588353125 0.6064648625 0.7561834484375 0.6013843046875 0.7598287984375001 0.626058675 0.7741606296875 0.6236054281250001 0.8209713890625
15 0.942392253125 0.53752736875 0.9434937359375001 0.5165098109375 0.9351426203125 0.496727453125 0.8070127203125 0.4785383921875 0.8041436671875 0.47838803125 0.81076516875 0.518894253125 0.9396564656249999 0.5449464390625 0.9414313765625 0.5450394578125 0.942392253125 0.53752736875
15 0.8097055281250001 0.5162309796875 0.802577703125 0.492257375 0.7984935515625 0.514209128125 0.80485506875 0.5159767765625001 0.8097055281250001 0.5162309796875
8 0.6962944140625 0.0684057296875 0.6817719671875 0.1589155578125 0.6552134984375 0.4417673984375 0.6577837718749999 0.46445905625000006 0.6579812890625 0.4644694078125 0.6976996953125 0.07891034062499999 0.717251140625 0.060376934375 0.7962231140625 0.046261496875 0.8585011687499999 0.052133092187499994 0.866521334375 0.0446432640625 0.86747188125 0.0265057609375 0.8210097203125001 0.019266521875 0.8163286624999999 0.0190211984375 0.80525153125 0.0232649921875 0.7985824375 0.038561921875 0.7157095671875 0.0524729234375 0.6962944140625 0.0684057296875
15 0.76308691875 0.44716003281249994 0.768755009375 0.46962287968750005 0.80050735 0.4608559859375 0.8055409453125 0.47676622812499997 0.8087523593749999 0.47706491875 0.837348459375 0.4785635765625 0.8270898015625001 0.4387794484375 0.8089905999999999 0.44826187187500005 0.7663533203124999 0.440811865625 0.76308691875 0.44716003281249994
15 0.6892149015625 0.442332390625 0.691100828125 0.454861459375 0.72690260625 0.4602582 0.7305109359374999 0.46044730468750006 0.7305153796875 0.4603625015625 0.7098814875 0.432376046875 0.6893239343750001 0.4402519140625 0.6892149015625 0.442332390625
15 0.7480946265624999 0.4869246828125 0.701864771875 0.48085104218749997 0.698684034375 0.48068434687500006 0.7064537546875 0.49778108125 0.752683609375 0.503854721875 0.7558643468749999 0.5040214171875 0.7480946265624999 0.4869246828125