3 0.2546875 0.5395833328124999 0.2703125 0.5708333328124999 0.29375 0.5791666671875 0.628125 0.5895833328125 0.6328125 0.5791666671875 0.625 0.5479166671875 0.6265625 0.3895833328125 0.640625 0.1541666671875 0.6578125 0.05208333281250001 0.496875 0.0354166671875 0.2140625 0.0229166671875 0.21875 0.175 0.2125 0.53125 0.2546875 0.5395833328124999
4 0.7859375 0 0.7609375 0.0333333328125 0.7546875 0.1416666671875 0.7546875 0.16875 0.759375 0.1729166671875 0.8875 0.17916666718750002 1 0.1354166671875 1 0 0.7859375 0
4 1 0.66875 0.984375 0.6645833328124999 0.9765625 0.7041666671875 0.9671875 0.70625 0.9640625 0.6833333328125 0.96875 0.6666666671875 0.959375 0.65625 0.9109375 0.6479166671875001 0.9 0.6375 0.8578125 0.6333333328124999 0.8609375 0.625 0.8734375 0.6229166671875 0.9640625 0.6354166671875 0.9671875 0.60625 0.8578125 0.55625 0.85625 0.4770833328125 0.74375 0.47083333281249995 0.7375 0.4916666671875 0.7296875 0.7625 0.803125 0.8604166671875 0.8078125 0.8604166671875 0.8140625 0.8354166671875 0.8734375 0.8416666671874999 0.8765625 0.8645833328125001 1 1 1 0.66875
11 1 0.21458333281250003 0.99375 0.21458333281250003 0.8734375 0.24375 0.865625 0.3104166671875 0.853125 0.5541666671875001 0.9640625 0.6041666671875 0.965625 0.63125 0.8578125 0.61875 0.8546875 0.6333333328124999 0.9609375 0.6583333328125 0.9671875 0.6666666671875 0.9640625 0.7041666671875 0.978125 0.7020833328125 0.9828125 0.6645833328124999 1 0.6708333328125 1 0.64375 0.9921875 0.6416666671875 0.9921875 0.6208333328125 1 0.6208333328125 1 0.21458333281250003
9 0.0453125 0.5770833328125 0.0546875 0.6020833328124999 0.121875 0.6104166671875 0.165625 0.60625 0.190625 0.475 0.159375 0.4604166671875 0.1375 0.5625 0.059375 0.5666666671875 0.0453125 0.5770833328125
21 0 0.7229166671875 0.0359375 0.7270833328124999 0.0375 0.74375 0.046875 0.7395833328125 0.0484375 0.7270833328124999 0.0625 0.725 0.15625 0.73125 0.1546875 0.8645833328125001 0.171875 0.8645833328125001 0.1734375 0.7229166671875 0.18125 0.7104166671875001 0.19375 0.7083333328125 0.2375 0.6416666671875 0.240625 0.7354166671875 0.234375 0.7895833328124999 0.25625 0.7854166671875 0.25 0.7770833328125 0.253125 0.6645833328124999 0.2625 0.6458333328125 0.2625 0.6020833328124999 0.275 0.58125 0.2703125 0.5708333328124999 0.171875 0.5666666671875 0.165625 0.60625 0.1140625 0.6125 0.103125 0.6270833328125 0.1 0.6458333328125 0.0890625 0.6520833328125 0.0703125 0.6604166671875 0 0.6541666671875 0 0.7229166671875
2 0 0.65625 0.0703125 0.6625 0.1015625 0.6458333328125 0.103125 0.6333333328124999 0.1140625 0.6291666671875 0.109375 0.6208333328125 0.121875 0.6125 0.0375 0.6041666671875 0.025 0.61875 0 0.6229166671875 0 0.65625
21 0 0.6208333328125 0.025 0.61875 0.053125 0.6 0.046875 0.575 0.0546875 0.5645833328125 0.0359375 0.5604166671875 0 0.5770833328125 0 0.6208333328125
19 0 0.5770833328125 0.03125 0.5625 0.1359375 0.5625 0.14375 0.53125 0.134375 0.5270833328125 0.134375 0.4479166671875 0.0703125 0.44166666718750003 0.0546875 0.5270833328125 0 0.53125 0 0.5770833328125
15 0 0.5375 0.0421875 0.5375 0.05625 0.525 0.078125 0.40625 0.075 0.3895833328125 0.059375 0.3854166671875 0 0.3958333328125 0 0.5375
19 0.2640625 0.56875 0.2578125 0.5416666671875 0.1828125 0.53125 0.1734375 0.54375 0.175 0.56875 0.2640625 0.56875
19 0.7484375 1 0.609375 0.7291666671875 0.5640625 0.7375 0.5328125 0.75625 0.490625 0.8041666671875 0.46875 0.85625 0.459375 0.9666666671874999 0.440625 0.9708333328125001 0.296875 0.95 0.1078125 0.9458333328125 0.103125 0.9416666671874999 0.096875 0.8520833328125 0.0765625 0.79375 0.0453125 0.7520833328125 0 0.7229166671875 0 1 0.7484375 1