3 0.34818518906249996 0 0.32370126875 0.10444110625 0.091979271875 0.014719428125 0.084615734375 0.049362153125 0.173718175 0.0810807203125 0.18247982499999998 0.0999820765625 0.2434098078125 0.1214526484375 0.200528021875 0.3231955921875 0.19617186250000002 0.328659290625 0.15184955 0.31923829062500003 0.131776684375 0.323491178125 0.0317715125 0.2979746703125 0 0.44744788125 0 0.5310801281249999 0.027581096875 0.5356301078125 0.07176233125 0.3277737421875 0.216956115625 0.358635634375 0.25450295 0.36235670937500003 0.2669340375 0.35647951093749997 0.31959868281250003 0.131257465625 0.436848915625 0.1583096484375 0.47435333437500005 0.0044108640625 0.4780779796875 0 0.34818518906249996 0
3 0.4977701921875 0 0.5046915390625 0.0044698203125 0.467416028125 0.16480688906250002 0.5281417703125 0.194753553125 0.4407965921875 0.1697981328125 0.379024975 0.16731755312500002 0.3332907203125 0.359934678125 0.394882759375 0.38580572968750004 0.40950425937499996 0.3846538703125 0.453734825 0.20662625937499998 0.45961934062500004 0.2014874234375 0.528853159375 0.2289827828125 0.4878835453125 0.399184028125 0.4931306703125 0.404559090625 0.517584359375 0.40975688281249995 0.5439818046875 0.2705362484375 0.5590364531249999 0.2673465828125 0.6077395906249999 0.2862182609375 0.613648771875 0.29599380000000003 0.6110745421875 0.323135021875 0.6187903171875 0.3695024609375 0.609718846875 0.42721079531250006 0.518475325 0.42059564375 0.5850855796875 0.4454034734375 0.575352053125 0.4987113296875 0.6260166953125 0.5158700609375 0.6334542328125 0.5259704640625 0.6089442953125 0.6187350203124999 0.6301370328125 0.63175918125 0.6377541453125 0.6184691140624999 0.6569607109375 0.6182918453124999 0.6957892421875 0.47319401406250006 0.7387874421875 0.47381405781249997 0.7348397656250001 0.4623255734375 0.6994586796875 0.44841546250000003 0.7352305 0.30266790781249997 0.745038025 0.29410318125 0.7871699249999999 0.298798840625 0.78322225 0.2873103546875 0.7585396515625 0.275674278125 0.7941072296875 0.1384028171875 0.8001959875000001 0.1247878875 0.8353235015625 0.11734533750000001 0.8267907578125 0.104882265625 0.691897078125 0.0296186859375 0.552552115625 0 0.4977701921875 0
2 0.19260387343750002 0 0.1759552109375 0.0480106640625 0.262767321875 0.0805735796875 0.2679634046875 0.081678040625 0.29916423124999997 0 0.19260387343750002 0
2 0.1260690375 0.23761539843750001 0.15333278125 0.0943191484375 0.0810422515625 0.06617406406250001 0.031663225 0.2984841203125 0.099213328125 0.3141735109375 0.1399522265625 0.32283283125 0.16035491875000002 0.24916283906249997 0.1260690375 0.23761539843750001
3 0 0.594081621875 0.059004884375 0.598218690625 0.0477676671875 0.6661160625 0.069393553125 0.6771024156250001 0.081440821875 0.70309178125 0.059084725000000005 0.8232038390625 0.0972010515625 0.8313057140625 0.33438022031250003 0.8207519953125001 0.33983158593749996 0.8176509671875 0.33850747187499997 0.8088500125 0.3201425390625 0.7900372921875001 0.3262066296875 0.7615079875 0.3659192109375 0.7550400234375 0.37287426562500003 0.7373494796875 0.39888789375 0.6299954062500001 0.3796566609375 0.6152583 0.43147967343750004 0.4090262453125 0.5834489375 0.4455880625 0.573715409375 0.49889591875 0.6307223828125 0.5237923828125 0.6073076515625 0.6189196109374999 0.6285003890625 0.631943771875 0.6345891453125 0.61832884375 0.657718721875 0.61472568125 0.6950188984375 0.46930299062499997 0.73562244375 0.4736737875 0.705692721875 0.456662646875 0.4735869078125 0.398807528125 0.41354788906250006 0.3881757171875 0.3528714796875 0.3880578046875 0.30841200625 0.559647134375 0.2811305125 0.5602379015625 0.2505634 0.5537406609375 0.2488061375 0.546977515625 0.2878142453125 0.37848921562500004 0.27994355937500004 0.370426621875 0.218809334375 0.357432140625 0.1739413765625 0.5459736515625 0.03488568125 0.531325584375 0.0189894 0.5535052406250001 0 0.5514611140625 0 0.594081621875
2 0 0.8205712093749999 0.05255758125 0.8239463296875 0.061931956249999996 0.8174194078125 0.0839979078125 0.69857685 0.0704222828125 0.6722626218750001 0.056005025 0.6649383875 0 0.6647118953125 0 0.8205712093749999
2 0.44330886875 0.6990739109375 0.420383534375 0.6942009812500001 0.397253959375 0.6978041421875 0.38250221562500003 0.7521752203125 0.32162156249999996 0.7605334015625 0.3162195296875 0.7934631828125001 0.3429423546875 0.8196433531249999 0.348263484375 0.82077439375 0.36385265312500004 0.8211788203125 0.39658406875 0.817492284375 0.4194856546875 0.8111533234375001 0.4572367296875 0.8063983046875001 0.47718626718749996 0.7275735359375 0.44330886875 0.6990739109375
16 0.4838651859375 0.5759083281249999 0.3991682359375 0.5685548171875 0.38696605625 0.5808702968749999 0.3830677125 0.599210565625 0.3876903546875 0.6119074578125 0.4167109046875 0.6180759671875 0.5699602484375 0.6368059234375 0.5946181796875 0.6335276249999999 0.5913325609375 0.6264396156250001 0.547876546875 0.6129430015625 0.522074078125 0.584029878125 0.4838651859375 0.5759083281249999
2 0.6327380312499999 0.5218247109374999 0.6100041734375 0.50900544375 0.554872565625 0.49728685937500006 0.5302819578125 0.5980213062499999 0.56001418125 0.616587875 0.5665733687500001 0.6179820734375 0.6034387859375 0.6220907765625 0.6156163 0.59486091875 0.6327380312499999 0.5218247109374999
2 0.5876008921875 0.42597052812499997 0.611945653125 0.288975928125 0.5483921078125 0.264817825 0.53945088125 0.2693069375 0.5364188359375001 0.2835715890625 0.517282828125 0.4110239625 0.5876008921875 0.42597052812499997
3 0.65219581875 0.6407089015625 0.5777642078125 0.63766723125 0.5478275703125 0.7484471953125 0.48605595468749996 0.745966615625 0.5118406734375001 0.63217425625 0.50768875625 0.6291618640625 0.42910522812499996 0.6231078 0.410455140625 0.695819146875 0.44537841250000004 0.6968526890625 0.47729430468749995 0.7270652578125001 0.45930627343749997 0.80417708125 0.46232670000000003 0.8082789140625 0.466192859375 0.8091006921874999 0.60641223125 0.803497275 0.6461494765625 0.8119436875 0.6498435796875001 0.8020795109375 0.6317075546875001 0.789705075 0.6655178703125 0.6456704671875 0.65219581875 0.6407089015625
16 0.6771209875 0.6462719171875 0.6950859796875 0.6418372234375 0.6861200875 0.631411959375 0.644625578125 0.6162023999999999 0.6306661359375 0.621754734375 0.6291892984375 0.6360837218750001 0.6771209875 0.6462719171875