19 0.3640625 0.425 0.45625 0.43333333281249997 0.4578125 0.45 0.446875 0.47083333281249995 0.4359375 0.5208333328125 0.4296875 0.5979166671875 0.4203125 0.6125 0.2609375 0.5916666671875 0.290625 0.5083333328124999 0.303125 0.4458333328125 0.3 0.4375 0.1203125 0.4583333328125 0.0921875 0.46875 0.0921875 0.7354166671875 0.10625 0.7375 0.184375 0.69375 0.4953125 0.73125 0.5046875 0.625 0.484375 0.6166666671875001 0.4921875 0.4458333328125 0.5 0.43541666718750005 0.559375 0.4375 0.4796875 0.3895833328125 0.409375 0.38125 0.3703125 0.39375 0.3390625 0.4145833328125 0.3640625 0.425
15 0.25625 0.59375 0.425 0.6125 0.440625 0.49583333281249997 0.459375 0.43125 0.3640625 0.42291666718750004 0.315625 0.41041666718750003 0.30625 0.41875 0.2875 0.5083333328124999 0.25625 0.59375
15 0.4765625 0.6041666671875 0.4796875 0.6229166671875 0.6609375 0.625 0.6703125 0.61875 0.6640625 0.5375 0.6703125 0.45208333281249996 0.6609375 0.4458333328125 0.4953125 0.43541666718750005 0.4875 0.4458333328125 0.4859375 0.5333333328125 0.4765625 0.6041666671875
19 1 0.53125 0.9453125 0.5291666671875 0.934375 0.5479166671875 0.934375 0.5729166671875 0.95 0.65625 0.9453125 0.66875 0.9296875 0.6729166671875 0.8625 0.6541666671875 0.7546875 0.6479166671875001 0.740625 0.6916666671875 0.7359375 0.7666666671875 0.8046875 0.7875 0.8203125 0.9604166671875 0.9171875 0.9833333328125 0.9265625 0.9770833328125 0.93125 0.9520833328125 0.9375 0.9479166671874999 0.946875 1 1 1 1 0.6625 0.9828125 0.6583333328125 0.9796875 0.64375 1 0.6104166671875 1 0.53125
15 0.7515625 0.63125 0.7546875 0.65 0.859375 0.6541666671875 0.946875 0.6729166671875 0.946875 0.6395833328125 0.934375 0.5729166671875 0.9375 0.4895833328125 0.7671875 0.47083333281249995 0.7578125 0.4791666671875 0.7609375 0.6041666671875 0.7515625 0.63125
15 1 0.6666666671875 0.9984375 0.6 0.971875 0.64375 0.9765625 0.6604166671875 1 0.6666666671875
21 0.81875 1 0.809375 0.79375 0.8 0.7791666671875 0.7328125 0.76875 0.715625 0.85 0.4921875 0.8520833328125 0.465625 0.7729166671875001 0.49375 0.7625 0.4953125 0.7354166671875 0.490625 0.73125 0.29375 0.70625 0.3359375 0.7333333328125 0.3703125 0.7291666671875 0.403125 0.74375 0.39375 0.75625 0.40625 0.7666666671875 0.40625 0.78125 0.3359375 0.81875 0.290625 0.7916666671875 0.25625 0.7958333328125 0.2015625 0.7770833328125 0.2140625 0.7458333328125 0.2546875 0.725 0.278125 0.7020833328125 0.1875 0.6895833328125 0.0015625 0.7875 0 0.90625 0.1859375 0.9479166671874999 0.190625 0.9520833328125 0.1875 1 0.21875 1 0.2109375 0.95625 0.225 0.9541666671875 0.4265625 1 0.81875 1
9 0.4625 0.7708333328125 0.4625 0.7875 0.4890625 0.8541666671874999 0.721875 0.85 0.75 0.6416666671875 0.7484375 0.6208333328125 0.5078125 0.6166666671875001 0.5015625 0.625 0.4921875 0.7604166671875 0.4625 0.7708333328125
2 0.2640625 0.7979166671875 0.2859375 0.7895833328124999 0.3375 0.8208333328125 0.4078125 0.78125 0.40625 0.7666666671875 0.3921875 0.75625 0.4015625 0.7479166671875 0.3953125 0.7395833328125 0.3703125 0.7291666671875 0.3390625 0.7354166671875 0.278125 0.7020833328125 0.209375 0.7458333328125 0.2015625 0.7791666671875 0.2640625 0.7979166671875
19 0.6796875 0.6208333328125 0.7546875 0.61875 0.765625 0.5666666671875 0.7609375 0.5125 0.66875 0.49583333281249997 0.6625 0.5625 0.6703125 0.6145833328125 0.6796875 0.6208333328125
14 0.9125 0.2770833328125 0.925 0.2791666671875 0.928125 0.28958333281250004 0.8984375 0.3770833328125 0.8875 0.4791666671875 0.9390625 0.4895833328125 0.9390625 0.5083333328124999 0.9453125 0.5125 0.940625 0.5229166671875001 0.9546875 0.5270833328125 0.9609375 0.49375 0.9671875 0.4895833328125 0.975 0.3604166671875 0.975 0.32083333281250004 0.959375 0.2666666671875 0.96875 0.24375 0.9703125 0.21458333281250003 0.95625 0.2 0.9375 0.1979166671875 0.921875 0.2104166671875 0.909375 0.2479166671875 0.9125 0.2770833328125