16 0.798828125 0.2591145828125 0.8095703125 0.2578125 0.8095703125 0.25 0.7900390625 0.25 0.78515625 0.33203125 0.7890625 0.3606770828125 0.802734375 0.35546875 0.802734375 0.3684895828125 0.796875 0.3684895828125 0.8046875 0.38671875 0.8046875 0.4361979171875 0.81640625 0.26953125 0.8134765625 0.2630208328125 0.798828125 0.26953125 0.798828125 0.2591145828125
16 0.521484375 0.8138020828125001 0.4921875 0.68359375 0.517578125 0.66796875 0.52734375 0.55078125 0.5771484375 0.5572916671875 0.5810546875 0.5494791671875 0.5849609375 0.5598958328125 0.7548828125 0.5833333328125 0.7646484375 0.5833333328125 0.767578125 0.5716145828125 0.7646484375 0.5625 0.5791015625 0.5416666671875 0.51953125 0.52734375 0.525390625 0.3684895828125 0.5283203125 0.3567708328125 0.541015625 0.3528645828125 0.548828125 0.24348958281250002 0.5517578125 0.23697916718749998 0.7919921875 0.234375 0.7958984375 0.2421875 0.810546875 0.23307291718749998 0.8037109375 0.2265625 0.791015625 0.23046875 0.79296875 0.1783854171875 0.796875 0.17578125 0.7998046875 0.22395833281250002 0.81640625 0.19140625 0.81640625 0.16796875 0.8046875 0.1627604171875 0.8193359375 0.1458333328125 0.8173828125 0.2604166671875 0.818359375 0.24088541718749998 0.826171875 0.23307291718749998 0.8330078125 0.0052083328125 0.830078125 0.01953125 0.8193359375 0.0234375 0.8125 0.01953125 0.814453125 0.006510417187500001 0.806640625 0.006510417187500001 0.798828125 0.1158854171875 0.8046875 0.13671875 0.802734375 0.16015625 0.7958984375 0.1666666671875 0.7919921875 0.1536458328125 0.7763671875 0.15625 0.783203125 0.1731770828125 0.78125 0.1966145828125 0.7685546875 0.20572916718749998 0.5361328125 0.20052083281250002 0.5390625 0.0013020828125 0.5234375 0.00390625 0.44921875 0.9830729171874999 0.4501953125 0.9973958328125001 0.4921875 0.99609375 0.5 0.88671875 0.4794921875 0.8802083328125001 0.474609375 0.8606770828125001 0.521484375 0.8138020828125001
2 0.5556640625 0.6614583328125 0.5205078125 0.6692708328125 0.4921875 0.6861979171875 0.533203125 0.8606770828125001 0.546875 0.8658854171874999 0.578125 0.84765625 0.580078125 0.80859375 0.580078125 0.7565104171875 0.5556640625 0.6614583328125
2 0.642578125 0.67578125 0.6162109375 0.6666666671875 0.5888671875 0.6848958328125 0.58203125 0.7096354171875 0.576171875 0.8736979171874999 0.5849609375 0.8828125 0.60546875 0.8841145828125001 0.61328125 0.8763020828125001 0.619140625 0.7044270828125 0.6220703125 0.6927083328125 0.642578125 0.67578125
2 0.6533203125 0.6744791671875 0.62109375 0.6966145828125 0.615234375 0.8033854171874999 0.61328125 0.8841145828125001 0.6220703125 0.8932291671874999 0.64453125 0.89453125 0.65234375 0.8841145828125001 0.658203125 0.7096354171875 0.6796875 0.6809895828125 0.6533203125 0.6744791671875
2 0.716796875 0.6888020828125 0.6884765625 0.6796875 0.658203125 0.7096354171875 0.650390625 0.88671875 0.6572265625 0.9010416671874999 0.681640625 0.9049479171874999 0.689453125 0.8997395828125001 0.69140625 0.8763020828125001 0.697265625 0.7122395828125 0.716796875 0.6888020828125
2 0.697265625 0.7174479171875 0.689453125 0.9049479171874999 0.7080078125 0.9166666671874999 0.724609375 0.9153645828125001 0.744140625 0.87890625 0.755859375 0.6940104171875 0.7216796875 0.6875 0.697265625 0.7174479171875
2 0.7265625 0.5533854171875 0.763671875 0.55859375 0.779296875 0.3528645828125 0.7392578125 0.3489583328125 0.734375 0.3528645828125 0.7265625 0.5533854171875
2 0.681640625 0.5481770828125 0.705078125 0.5533854171875 0.7265625 0.54296875 0.734375 0.3736979171875 0.6904296875 0.3671875 0.681640625 0.5481770828125
2 0.568359375 0.5247395828125 0.5732421875 0.5364583328125 0.59375 0.5377604171875 0.609375 0.5299479171875 0.615234375 0.3658854171875 0.5751953125 0.3619791671875 0.568359375 0.5247395828125
2 0.63671875 0.5403645828125 0.64453125 0.3658854171875 0.6162109375 0.3645833328125 0.609375 0.53515625 0.63671875 0.5403645828125
2 0.638671875 0.5455729171875 0.66796875 0.5481770828125 0.681640625 0.5403645828125 0.689453125 0.3684895828125 0.6474609375 0.3645833328125 0.638671875 0.5455729171875
2 0.521484375 0.5221354171875 0.5244140625 0.53125 0.548828125 0.5299479171875 0.568359375 0.5247395828125 0.57421875 0.36328125 0.5283203125 0.359375 0.521484375 0.5221354171875
2 0.626953125 0.1627604171875 0.6298828125 0.1979166671875 0.775390625 0.19921875 0.78125 0.1731770828125 0.7607421875 0.1536458328125 0.6318359375 0.15625 0.626953125 0.1627604171875
2 0.6083984375 0.010416667187500001 0.5830078125 0.010416667187500001 0.57421875 0.1888020828125 0.5966796875 0.20052083281250002 0.623046875 0.19921875 0.626953125 0.16015625 0.634765625 0.1471354171875 0.63671875 0.0377604171875 0.6083984375 0.010416667187500001
2 0.5400390625 0 0.533203125 0.1966145828125 0.576171875 0.19921875 0.57421875 0.13671875 0.583984375 0.009114582812499999 0.5771484375 0 0.5400390625 0
5 0.3078125 1 0.2875 0.9541666671875 0.26875 0.8625 0.2671875 0.7145833328125 0.259375 0.6770833328125 0.2421875 0.6416666671875 0.2078125 0.6229166671875 0 0.6166666671875001 0 1 0.3078125 1