4 0 0.3152917515625 0.09716751875 0.31103484375 0.22401432968749999 0.2830862828125 0.299957178125 0.2655534953125 0.2520847171875 0.044350965625 0 0.102549309375 0 0.3152917515625
4 0.5454979734375 0 0.44502816875000006 0.0187823953125 0.4466697421875 0.039784743750000004 0.4603744328125 0.064416503125 0.6717624125 0.02844254375 0.732811 0.3692785375 0.7486259125 0.4169425828125 0.7707610453125 0.422522953125 0.812804578125 0.4170927046875 0.96446474375 0.3863554640625 0.925792140625 0.12160264218750001 0.897717959375 0 0.5454979734375 0
4 1 0.4430321984375 0.9914028640625 0.4057939109375 0.5761226609375 0.48242569843750005 0.607524690625 0.6462266546875 1 0.5813916140625001 1 0.4430321984375
5 0.5269511796875 0.6584141140625 0.5554091421875 0.6497059421875 0.5235384640625 0.48387504843749995 0.4926207515625 0.4888748328125 0.492739871875 0.510228665625 0.28943280625 0.546475134375 0.258046446875 0.549444978125 0.24984641093749999 0.5278186359375 0.21939734687499998 0.53484835625 0.21518212656250002 0.5443740515625 0.248691765625 0.703412159375 0.2841768375 0.6973579187500001 0.28159796875 0.6722956953125 0.3013898609375 0.6677263765625 0.3752884015625 0.661356221875 0.507156675 0.6351882984375 0.520273596875 0.6364362859375 0.5269511796875 0.6584141140625
6 0 0.5569678031249999 0.004320721875 0.57568290625 0.2421755640625 0.5293223234375 0.2684094078125 0.5318182984375001 0.37990063281249997 0.5146310546875 0.510831609375 0.4844032578125 0.5405790078125 0.488226196875 0.978165875 0.4120571125 0.9921058359374999 0.40883881874999994 0.9843145625 0.3750911046875 0.9141652062500001 0.3977007609375 0.8168447078125001 0.41375456718750003 0.77175626875 0.4198877859375 0.74610758125 0.41298044999999994 0.5995999328125 0.43825187187500003 0.572195775 0.44457862031250006 0.56587294375 0.4588671625 0.3919611375 0.4904653328125 0.37427685624999996 0.490271803125 0.3805996875 0.4759832609375 0.3659603125 0.475086759375 0.0461260140625 0.527544990625 0 0.5442525984375 0 0.5569678031249999
4 0.26161858125 0.5510256859375 0.366690175 0.5307769984374999 0.3735650171875 0.529189815625 0.36537841875 0.5142420390625 0.25740075 0.5327562484375 0.2565825734375 0.5500502078125 0.26161858125 0.5510256859375
21 1 0.5815848453125 0.0418125640625 0.73807791875 0.1022820421875 1 0.5500218515624999 1 0.66403018125 0.9736791031250001 0.6593747546875 0.9333275546875001 0.6729551015624999 0.8810152125 0.70457186875 0.8373676359375001 0.74813524375 0.8037907703125 0.8383095125000001 0.7637291984375 0.9540159578124999 0.7370162609375 1 0.7334327015625 1 0.5815848453125
4 0.4031631671875 0.6779057609375 0.39771513281250004 0.6543077359375 0.283179003125 0.6721979515625 0.2862265203125 0.6992901125000001 0.3886998609375 0.681244878125 0.4031631671875 0.6779057609375
4 0.380433084375 0.5725050015625001 0.27448275624999996 0.5889475625 0.2674985078125 0.590560003125 0.2737474609375 0.6313454562499999 0.37970491093750003 0.61276311875 0.38922023437500003 0.6105663328125 0.380433084375 0.5725050015625001
4 0.0202712359375 0.6447041640625 0.0409441234375 0.7343162890625 0.23726586562500002 0.7049809703125 0.246963534375 0.7027420859375 0.21570870156250002 0.5397089484375 0.013455440625 0.573573990625 0.0046578109375000004 0.5770749937499999 0.0202712359375 0.6447041640625
20 0.5751893625 0.458587165625 0.56171369375 0.4408514671875 0.3958167640625 0.4711337890625 0.3842216625 0.47381072968750004 0.369768078125 0.49158000468749996 0.41778491406249996 0.4911851125 0.5558161609375001 0.46305982187500005 0.5751893625 0.458587165625
13 0.3781454859375 0.53133953125 0.49605948906249997 0.5041169390625 0.49238708124999997 0.494808646875 0.3717611375 0.51410480625 0.3719967671875 0.5290173421875 0.3781454859375 0.53133953125
13 0.5193363015625 0.6323764109375001 0.39917900624999997 0.6537025078124999 0.403280328125 0.6784132453125 0.4083163359375 0.679388725 0.5269511796875 0.6584141140625 0.5193363015625 0.6323764109375001
13 0.49793000468750004 0.59348670625 0.5127739234375001 0.5900597171874999 0.5035767046874999 0.550222190625 0.380374503125 0.572251259375 0.3872877140625 0.6091416234375 0.39279237031249997 0.612147040625 0.49793000468750004 0.59348670625
13 0.6006296359375 0.6467494359375 0.610357515625 0.6445035781249999 0.578992478125 0.48791028281250004 0.5273455765625 0.49341950937499995 0.5578103109375 0.6531605890625001 0.6006296359375 0.6467494359375