14 0.2177734375 0.6875 0.21875 0.6966145828125 0.20703125 0.71484375 0.21484375 0.72265625 0.2109375 0.73046875 0.2431640625 0.7291666671875 0.265625 0.6783854171875 0.29296875 0.6471354171875 0.294921875 0.6263020828125 0.3203125 0.5716145828125 0.322265625 0.51953125 0.306640625 0.3971354171875 0.26171875 0.30859375 0.275390625 0.24869791718749998 0.275390625 0.22265625 0.2490234375 0.1901041671875 0.2119140625 0.1901041671875 0.193359375 0.22265625 0.19140625 0.2565104171875 0.185546875 0.2669270828125 0.19140625 0.3138020828125 0.2099609375 0.3203125 0.212890625 0.3346354171875 0.19140625 0.3606770828125 0.18359375 0.3815104171875 0.1640625 0.4986979171875 0.1640625 0.55859375 0.0380859375 0.5807291671875 0.017578125 0.6080729171875 0.0234375 0.7721354171875 0.04296875 0.7747395828125 0.1142578125 0.7578125 0.1171875 0.69140625 0.1259765625 0.6875 0.2177734375 0.6875
19 0.880859375 0.6236979171875 0.880859375 0.58984375 0.8740234375 0.5755208328125 0.7412109375 0.5520833328125 0.7158203125 0.5885416671875 0.3623046875 0.6536458328125 0.369140625 0.63671875 0.369140625 0.5950520828125 0.388671875 0.5690104171875 0.40625 0.5013020828125 0.42578125 0.4856770828125 0.3857421875 0.4583333328125 0.3359375 0.5690104171875 0.337890625 0.5794270828125 0.3173828125 0.609375 0.30078125 0.6184895828125 0.29296875 0.65234375 0.265625 0.68359375 0.2451171875 0.7317708328125 0.2080078125 0.7395833328125 0.201171875 0.7200520828125 0.21484375 0.6966145828125 0.2099609375 0.6901041671875 0.1474609375 0.6927083328125 0.1416015625 0.7057291671875 0.1298828125 0.703125 0.1220703125 0.6901041671875 0.1171875 0.6966145828125 0.1142578125 0.7604166671875 0 0.7877604171875 0.0009765625 0.9973958328125001 0.787109375 0.99609375 0.8193359375 0.9765625 0.826171875 0.9361979171874999 0.86328125 0.8971354171874999 0.880859375 0.6236979171875
19 0 0.72265625 0.01953125 0.7330729171875 0.013671875 0.6419270828125 0.017578125 0.60546875 0.0341796875 0.5833333328125 0.0478515625 0.578125 0.142578125 0.5611979171875 0.1357421875 0.5520833328125 0.0947265625 0.5416666671875 0.09375 0.5325520828125 0.1484375 0.44140625 0.1513671875 0.4244791671875 0 0.4283854171875 0 0.72265625
15 0.6083984375 0.4895833328125 0.5986328125 0.4895833328125 0.5556640625 0.5078125 0.4794921875 0.5078125 0.4169921875 0.4921875 0.40625 0.5091145828125 0.392578125 0.56640625 0.37109375 0.60546875 0.3671875 0.65234375 0.5927734375 0.609375 0.61328125 0.5481770828125 0.6171875 0.5013020828125 0.6083984375 0.4895833328125
15 0.7412109375 0.4583333328125 0.7060546875 0.4713541671875 0.6513671875 0.5286458328125 0.599609375 0.6028645828125 0.611328125 0.60546875 0.7138671875 0.5859375 0.75390625 0.5221354171875 0.759765625 0.4856770828125 0.7412109375 0.4583333328125
15 0.4482421875 0.4557291671875 0.427734375 0.4908854171875 0.4794921875 0.5078125 0.556640625 0.5065104171875 0.5791015625 0.4973958328125 0.58203125 0.4830729171875 0.5673828125 0.4739583328125 0.4482421875 0.4557291671875
15 0.310546875 0.4231770828125 0.32421875 0.5455729171875 0.32421875 0.5611979171875 0.306640625 0.6028645828125 0.31640625 0.6080729171875 0.384765625 0.45703125 0.390625 0.4388020828125 0.3876953125 0.4270833328125 0.310546875 0.4231770828125
15 0.095703125 0.5377604171875 0.1640625 0.55859375 0.1640625 0.50390625 0.1787109375 0.3984375 0.1328125 0.46484375 0.095703125 0.5377604171875
21 0.9033203125 0.4609375 0.8876953125 0.4609375 0.8837890625 0.4739583328125 0.8662109375 0.4739583328125 0.8583984375 0.4557291671875 0.7275390625 0.4427083328125 0.7255859375 0.4583333328125 0.7431640625 0.4557291671875 0.759765625 0.4830729171875 0.7607421875 0.515625 0.916015625 0.5455729171875 0.900390625 0.78515625 0.9033203125 0.7942708328125 0.9140625 0.7955729171875 0.93359375 0.5455729171875 0.9990234375 0.53125 1 0.4752604171875 0.9033203125 0.4609375
4 0.8759765625 0.1119791671875 0.8349609375 0.109375 0.68359375 0.1341145828125 0.6845703125 0.1953125 0.7587890625 0.1901041671875 0.7578125 0.28515625 0.8447265625 0.2890625 0.841796875 0.3919270828125 0.8828125 0.39453125 0.8916015625 0.2942708328125 1 0.2955729171875 0.9990234375 0.09635416718749999 0.8759765625 0.1119791671875
7 0.7587890625 0.1901041671875 0.7060546875 0.1927083328125 0.681640625 0.20182291718749998 0.671875 0.4127604171875 0.693359375 0.4205729171875 0.7177734375 0.4166666671875 0.7216796875 0.4088541671875 0.751953125 0.4075520828125 0.7587890625 0.1901041671875
16 0.328125 0.3916666671875 0.3546875 0.42083333281249996 0.3953125 0.42083333281249996 0.40625 0.4583333328125 0.5 0.45625 0.4984375 0.1708333328125 0.371875 0.1375 0.3421875 0.1375 0.334375 0.15 0.3296875 0.2166666671875 0.328125 0.3916666671875