19 0.393985975 1 0.5229926453125 0.8957771828125001 0.5356375718749999 0.8754475546875 0.5195461234375001 0.7527800109375 0.49887788593750004 0.6763429359375001 0.4847372484375 0.6648388109375001 0.30587565156249996 0.6514619984375 0.2836465 0.646268790625 0.25486122031249997 0.6212390906249999 0.223539621875 0.6118715484374999 0.127018128125 0.6316428359375 0.0259402234375 0.665432834375 0.10935718593749999 1 0.393985975 1
21 0.713746028125 0.38202538750000004 0.58538670625 0.4097347375 0.5368637703125 0.434715534375 0.5434198968749999 0.4545520265625 0.5691811515625 0.46745303125 0.6788311984375001 0.4615853203125 0.7075512734375 0.589692640625 0.746592434375 0.95221408125 0.7634741484374999 0.9480049984375001 0.7735187375 0.9446954328125001 0.7455308796875 0.45783789218750004 0.7596837421875 0.45001496249999995 0.9976849609375 0.42932260624999996 0.973492771875 0.3322930328125 0.9411509390624999 0.338209646875 0.9335827296874999 0.3207726078125 0.9209500296875 0.3217751828125 0.713746028125 0.38202538750000004
11 0.739351221875 0 0.49633848281250004 0.097792690625 0.5527502484375 0.3821761890625 0.68565783125 0.3533328296875 0.679609784375 0.3290754359375 0.6478167828125 0.266147634375 0.664493740625 0.2619896015625 0.749386465625 0.2537061390625 0.799860215625 0.3398887609375 0.8990062062499999 0.32483089062500003 0.9103389484375001 0.322005321875 0.9125546625000001 0.313937990625 0.8518063281250001 0 0.739351221875 0
5 0.6095440921875 0.661633421875 0.5923631296874999 0.66377000625 0.58477046875 0.6849870734375 0.567455025 0.8997212484375 0.56235385625 0.9761420218750001 0.5679019750000001 0.991935615625 0.5805469015625 0.9716059874999999 0.591241015625 0.840112940625 0.602877934375 0.8157404156249999 0.5973338906250001 0.7935044703125 0.6170797 0.7306092703125 0.607503625 0.6922017328125001 0.6095440921875 0.661633421875
5 0.7196375015625 0.379214534375 0.8087595859375 0.3497474015625 0.7653581921875 0.2660956671875 0.74970554375 0.24852719375 0.6451036859375 0.261724696875 0.702566721875 0.3834707578125 0.7196375015625 0.379214534375
5 1 0.6185408765625 0.9522082968750001 0.53110829375 0.9547405421875 0.5218884874999999 0.996187046875 0.5008191546874999 0.997711284375 0.4875564484375 0.8815132609375 0.460702965625 0.8522199031250001 0.44009416718749994 0.7486301296875 0.45089221718749994 0.7435737890625 0.45644712812500005 0.7496136859375 0.4935892234375 0.7698105203125001 0.5164660390625 0.795571775 0.5293670421875001 0.784951015625 0.544897765625 0.7844347859374999 0.5622033703125 0.750576865625 0.5684979859375 0.7640912421875 0.7712511984375 0.7817395312500001 0.8291172265625001 0.8286648765625 0.9333614578124999 0.846857921875 0.928825421875 0.7974247828125 0.7951468890625 0.78434513125 0.7039350984375 0.7969574546875 0.7351442796875001 0.8191743812500001 0.7596645421875 0.8772122640625 0.869726553125 0.8898368140624999 0.8816086796875 0.8948931546875001 0.8760537703125 0.7889219187500001 0.6577046296875 0.8324048156250001 0.6125093374999999 0.8475656859375 0.6087293078125 0.86271025625 0.6307186828125 0.8707987718749999 0.6244077671875 0.8602065375000001 0.5948420328124999 0.8758836375 0.5737563984375 0.888004184375 0.5836170765625 0.9041282359375 0.6547458109375001 0.9500170453125 0.8000436000000001 0.9565813234375 0.8069953890624999 0.9636577546874999 0.8030839249999999 0.8956090703124999 0.5430729546874999 0.9001614078125 0.53549659375 0.9299709953124999 0.5387997890625 1 0.6593576109375 1 0.6185408765625
5 0.6422554453125 0.87033585 0.6423084234374999 0.786585284375 0.6499133109375 0.7460411625 0.6438978640624999 0.670244959375 0.6489623546875001 0.6518053453125 0.6671554000000001 0.647269309375 0.7126257875 0.6552562749999999 0.7046024765625 0.558489571875 0.6485235546875 0.5467062765625 0.6232744546875 0.52294201875 0.592989390625 0.4725209171875 0.5586356171875 0.46390938125 0.5424748890625 0.450761809375 0.540971028125 0.43181275937499997 0.5611882390625 0.4224778171875 0.5576602109375 0.40832767187499996 0.4824495171875 0.2875175421875 0.45668418749999995 0.2810588890625 0.37431963125 0.2865648984375 0.42126127812499997 0.3650397234375 0.528736375 0.6023379156249999 0.5741863859375 0.6425366359375 0.621172859375 0.6501455984375 0.6201322499999999 0.697641509375 0.6306959562500001 0.772303703125 0.6246234578125 0.7867004171875001 0.6306715046875 0.8109578109375001 0.6296308953125 0.8584537234375 0.63265491875 0.87058241875 0.6422554453125 0.87033585
3 0.47329406875 0.283090528125 0.49399898281250004 0.3015464421875 0.5469968265625 0.39139395781249997 0.5555852703124999 0.39354684375 0.5576135125 0.3823055875 0.529389290625 0.26910441875 0.474314303125 0.26780637343749997 0.4596981875 0.20918434062500002 0.45114234687500004 0.155492646875 0.49764111718750004 0.13531075312500002 0.494121240625 0.1082759046875 0.41782918437500005 0.09938519999999999 0.39812005156249997 0.1042992375 0.246999046875 0.16989038750000002 0.22829384843749997 0.1852896765625 0.0377545796875 0.2607089046875 0.12394332968749999 0.5999344046874999 0.121407009375 0.6155965625 0.161321128125 0.6206746390625 0.2118560046875 0.6102219890625 0.3058330265625 0.6189975609375 0.482321203125 0.61874151875 0.48749514843749997 0.617451509375 0.4635631359375 0.4894923359375 0.466607534375 0.46940927656250003 0.411105971875 0.3436851078125 0.38839319375 0.30425869375 0.3712244578125 0.2870682234375 0.47329406875 0.283090528125
2 0.39345955625 0.38270703125 0.37577459062499996 0.38282216406249997 0.37323826875 0.398484321875 0.3924107953125 0.44308764375000004 0.4030193296875 0.446883975 0.4065595828125 0.441707065625 0.39345955625 0.38270703125
2 0.419737040625 0.3783024296875 0.402052075 0.3784175625 0.410603840625 0.43855160781249997 0.41565203124999994 0.44588140000000004 0.42828473125000005 0.4448788265625 0.43384915 0.43490301249999996 0.419737040625 0.3783024296875
2 0.2928308046875 0.4053810953125 0.22410695781249998 0.41392742812499994 0.2377150640625 0.4685065625 0.29150234531249997 0.45858494375000003 0.30374855625 0.4555316203125 0.2928308046875 0.4053810953125