15 0.1774522515625 0.3704024015625 0.148658746875 0.4382322828125 0.1023255515625 0.520700390625 0.19812590624999998 0.53377505625 0.2558724 0.540865434375 0.27974708593750003 0.473218715625 0.31756432968750004 0.396001915625 0.1895776984375 0.36139632499999996 0.1774522515625 0.3704024015625
19 0.9423626328125 1 0.9732004156249999 0.7488464031250001 0.8952873921875 0.806447209375 0.8632547468749999 0.8109100093749999 0.8323541421874999 0.74204755 0.836670346875 0.7068948734375 0.758791325 0.6616498921875 0.7659828296875 0.6415431093749999 0.8247228515625 0.5605983671875 0.7422462421875 0.5399766203125 0.7257771046875 0.571538125 0.7192583078125 0.6630927843750001 0.7009294484375 0.6713371765625 0.6530794015625 0.650769078125 0.5473399921875 0.6272910171875 0.5455077578124999 0.6165711546875 0.5732581984375 0.5444152437499999 0.576531340625 0.5049365359375 0.499468975 0.47868263750000006 0.4817303640625 0.520583165625 0.4692620484375 0.6093083359375 0.4488470609375 0.6089006703125001 0.3720385890625 0.580578965625 0.361210103125 0.5918432671875 0.347726209375 0.6888396578125 0.35161708593749996 0.695614334375 0.44909443906249996 0.7222759 0.4692830203125 0.73734861875 0.420300934375 0.7901057812500001 0.4096373671875 0.8769535703125 0.5759150296875 0.9330525406250001 0.5579225250000001 0.977020871875 0.5540013265625 1 0.9423626328125 1
15 0.589046128125 0.46711730781250005 0.5797684953125 0.47857202968749996 0.5693313343749999 0.5507547671874999 0.5418347890625 0.6208428734375 0.5439209171875 0.6294949328125 0.6408629953125 0.6476948609375001 0.6980533343750001 0.6707216640625 0.7027058953124999 0.6712929265625001 0.7204917921875 0.6658679625 0.7285614421875 0.574503721875 0.74960068125 0.5057217374999999 0.589046128125 0.46711730781250005
15 0.5065102953125 0.4341567859375 0.3513974734375 0.40251745312500004 0.33797506875 0.4092653046875 0.3308385375 0.4545665828125 0.3036508578125 0.5477813796875 0.36232939062499997 0.557085178125 0.3667830296875 0.5849187390624999 0.44145686093750003 0.6077308953125 0.453531353125 0.60921345625 0.47252243906249997 0.6083968015625 0.4806195765625 0.529629809375 0.5055222046875001 0.455025253125 0.5065102953125 0.4341567859375
15 1 0.525636040625 0.882950834375 0.49664495937500003 0.8087022781250001 0.5756854921875 0.7886236453125 0.6110017640625001 0.7669666703125 0.63353036875 0.7554039875 0.66359533125 0.8363847156249999 0.7092211546875 0.8294745921875 0.7398573796875 0.847124228125 0.77560814375 0.92931945625 0.7857004484375001 0.9739303625 0.7429014656249999 1 0.53058130625 1 0.525636040625
19 0.413050765625 0.41323599531250005 0.3793848078125 0.37971663125 0.3369490046875 0.3535163828125 0.28292303125 0.3447838484375 0.23462017031250001 0.3535458546875 0.21552962656250002 0.36799366093749997 0.22847172968749999 0.3779786671875 0.3143039390625 0.3969134515625 0.274963328125 0.486537078125 0.2606078046875 0.539347890625 0.2940883984375 0.547132003125 0.29909637187500004 0.5477469046875 0.3204733515625 0.500520921875 0.3443054296875 0.4089930875 0.3512705265625 0.4035513578125 0.413050765625 0.41323599531250005
19 0 0.5973895734375 0.11649326093750001 0.6260770453125 0.1208065796875 0.626606653125 0.1321683578125 0.5340724046875 0.105268575 0.522373609375 0.10679194218750002 0.5099667828125 0.163164453125 0.40984053749999994 0.16570339843749998 0.38916249375 0.15355046562500002 0.3855713234375 0.0108994421875 0.380649853125 0 0.46941868593749997 0 0.5973895734375
21 0 0.8428187250000001 0.21328822500000003 0.9247349515625001 0.233222909375 0.9418754734375 0.2312371296875 0.97075498125 0.25299200312500003 0.97342614375 0.2626616375 0.932896221875 0.30213968125 0.9062588343750001 0.3743295953125 0.831163490625 0.3960140546875 0.821232134375 0.3955887265625 0.8631594859374999 0.37703754843750004 0.988657021875 0.38943443125 0.9901791671875 0.40156573125 0.8785862218749999 0.41767102968750003 0.7987035296875 0.46329751406249997 0.7476333312500001 0.45912525625 0.7303292109374999 0.341994596875 0.697056565625 0.3208728984375 0.7280468078125 0.31388031562499996 0.720891290625 0.3009657 0.72350353125 0.290590028125 0.7054377296875 0.1910540328125 0.6827213515625 0.1683265078125 0.6883266781249999 0.14376674843749998 0.683212140625 0.1329657484375 0.7070736890625 0.12495758593749999 0.7081893890625001 0.127695453125 0.6602490453125001 0.12016759375 0.6446318875 0.0863027140625 0.638374825 0.0733606109375 0.6283898203125 0.0415818609375 0.6307848171875 0.029401442187499998 0.614596396875 0 0.60568271875 0 0.8428187250000001
9 0.13052229375 0.5346574093750001 0.11184405 0.7380639312499999 0.29437212968750004 0.7659853812499999 0.3215120640625 0.7693177453125 0.33747947031250003 0.759471540625 0.36340419218750003 0.56115273125 0.1441985921875 0.525841753125 0.13052229375 0.5346574093750001
2 0 0.698356346875 0.0025491265625 0.6986693390625 0.014339209375 0.69880511875 0.07995535312499999 0.6900699375 0.0974950421875 0.6754317109375 0.07516535937499999 0.6265124359375001 0.0441482921875 0.62270401875 0 0.5982315171875 0 0.698356346875
14 0.7696220765625 0.5477982796875 0.818995490625 0.5559595515625 0.82565171875 0.52739113125 0.840597490625 0.508236453125 0.8625148749999999 0.3681970109375 0.8571896062500001 0.2961778703125 0.8667211343749999 0.2826553421875 0.8710648265625001 0.260099915625 0.85784134375 0.239585465625 0.8425867046875 0.2356134515625 0.825554803125 0.2461160703125 0.8101287296875 0.28200360468749996 0.8099298078125001 0.30926590625 0.8202779937500001 0.3147344609375 0.820559375 0.3252639046875 0.7825157218750001 0.4171457546875 0.7640978875 0.5030414390625 0.7741921781250001 0.5105777984375 0.7696220765625 0.5477982796875