16 0.0846820421875 0 0.0680338296875 0.07041665 0 0.4562556671875 0 0.5846586421875 0.0097239390625 0.58107005 0.0348246578125 0.46121199687500003 0.0917926140625 0.469934815625 0.2876471921875 0.5176909625 0.269275428125 0.6162586203125 0.27097590625 0.6403575218750001 0.2644157484375 0.6550668296875 0.2745998375 0.6647955796875 0.26645381874999996 0.66600355625 0.265211809375 0.6842949375 0.2485821796875 0.6998730671875 0.225290296875 0.8094727046875001 0.198989225 0.8405337078124999 0.17353213125 0.8386892749999999 0.053711240625000004 0.8096285999999999 0.048109679687500004 0.8020300421875 0.049068275 0.779722178125 0.0122997 0.7970379484375 0.000758984375 0.7950030078125 0 0.7894758390625001 0 0.826448259375 0.20849813125 0.87658680625 0.196634678125 0.9494620015624999 0.223587309375 0.954214478125 0.2496199984375 0.8402060890625 0.272242959375 0.801885684375 0.2804973359375 0.7663203921874999 0.2868282578125 0.73041594375 0.27664416875 0.72068719375 0.2804848140625 0.6764106187500001 0.3194956484375 0.5114071734375 0.3318261640625 0.49771533593750006 0.3373672875 0.4775376640625 0.3455070453125 0.4313748015625 0.3391698609375 0.4223243640625 0.3716205390625 0.272030225 0.37704704375000003 0.2412549828125 0.372181103125 0.23510830624999998 0.3779514609375 0.2361257765625 0.3833779671875 0.205350534375 0.39514165625 0.183625728125 0.42932032500000006 0 0.4010516125 0 0.3780472953125 0.1118586890625 0.37374818125 0.11374497812499999 0.375273603125 0.09947008125 0.3594337734375 0.09932143125000001 0.357685378125 0.1373560734375 0.3325116984375 0.1395281265625 0.09716903125000001 0.0795204828125 0.11067445000000001 0 0.0846820421875 0
2 0.0528932640625 0.80988101875 0.057971184375 0.81077639375 0.0773865890625 0.8131421171875 0.08790826874999999 0.8097086921875001 0.12374738125 0.6177025859375 0.14958881562499998 0.5976840109375 0.14968885781250002 0.5971166484375 0.11791658437500001 0.5889088874999999 0.0809792140625 0.61280574375 0.0475157640625 0.8025864046875 0.0528932640625 0.80988101875
2 0.092668221875 0.818481021875 0.1067479 0.8209636484375 0.11568621875 0.8220108484375 0.1290357703125 0.8137873734375001 0.163970465625 0.626910471875 0.1880834296875 0.604322184375 0.1882417015625 0.6034245734375 0.15429276249999999 0.5974384609375 0.123577959375 0.6197881828125 0.087738846875 0.8117942906250001 0.092668221875 0.818481021875
2 0.15388968125 0.8308626203125 0.154851403125 0.8310321984375 0.1638741265625 0.828788853125 0.17116990625 0.8155314265625 0.20192010468750002 0.6411383859375 0.224460359375 0.6139722562500001 0.224787615625 0.61211629375 0.19314681875 0.60653716875 0.16435546875 0.6292260484375001 0.12851635625 0.82123215625 0.15388968125 0.8308626203125
2 0.170290290625 0.8362666125 0.18123709062499999 0.8388579140625 0.1932586703125 0.84097764375 0.20508123281250001 0.8357903453125 0.22634756875 0.8051637515625 0.2556959921875 0.6527800703125 0.2610848140625 0.6222185453125 0.22886698125 0.616537671875 0.2043747453125 0.6373402625 0.1670643890625 0.826442609375 0.170290290625 0.8362666125
2 0 0.7863077453125 0.00261460625 0.7957268546875 0.011496248437499999 0.7959707578125 0.0530161453125 0.77420409375 0.0697478703125 0.6793137640625 0.05496873125 0.577545046875 0 0.592935009375 0 0.7863077453125
2 0.20207586718749998 0.094184096875 0.2106199171875 0.10759017343749999 0.3201284015625 0.13192371875 0.35440435937500003 0.13796749531250002 0.358322615625 0.1157459625 0.34582216718750003 0.0944092171875 0.20750237343750003 0.0634088546875 0.20207586718749998 0.094184096875
2 0.0340961140625 0.42935145468749997 0.05556585000000001 0.437500309375 0.062634534375 0.438746709375 0.08803614374999999 0.4338760671875 0.1125071 0.29509437968749996 0.11841957343750001 0.26043831562499997 0.06840980468749999 0.2516202453125 0.064394103125 0.2575230171875 0.0340961140625 0.42935145468749997
2 0.119227025 0.45269200156249995 0.1336272859375 0.445258215625 0.1635974609375 0.2752889046875 0.12733999375 0.2629367453125 0.12401801718750001 0.262350990625 0.0874327484375 0.4417971328125 0.090816609375 0.44847578125 0.10235731875000001 0.4505107203125 0.119227025 0.45269200156249995
2 0.17366437031249998 0.4071562828125 0.1958328125 0.28143280000000004 0.1675816078125 0.275188890625 0.1330376171875 0.4543338796875 0.163806809375 0.45975931875000003 0.17366437031249998 0.4071562828125
2 0.18096474375 0.46754453749999997 0.1971938828125 0.4704061734375 0.2107486734375 0.4634088421875 0.2202794421875 0.4127314390625 0.241208296875 0.294038009375 0.202294196875 0.2807807890625 0.1968072515625 0.283779803125 0.1632291828125 0.46296289375 0.18096474375 0.46754453749999997
2 0.2087577015625 0.46570211875 0.21006014999999997 0.47518696718750003 0.2229303875 0.47811742187500006 0.236995653125 0.48059750625 0.254920565625 0.4738418765625 0.2866897984375 0.3049172015625 0.24409042812499998 0.29343927187499996 0.2087577015625 0.46570211875