19 0.32972267187500004 0.48234989375000004 0.3201375609375 0.493427003125 0.312721665625 0.6834768140625 0.318551809375 0.6924992328124999 0.32946267812499996 0.6932621953125 0.3452989375 0.693586415625 0.36376746249999997 0.667467340625 0.37688599375 0.6618583640625 0.3636107375 0.6557090156250001 0.36631066875 0.63109781875 0.40491469843749994 0.6390183265625 0.467725496875 0.5807578671875 0.5005093578124999 0.5739134984375001 0.49372390624999996 0.5029548171875 0.49764557343750004 0.48887115468750003 0.5130508546875 0.49255892343749996 0.5236511140625 0.5089633203124999 0.5397580921875 0.51661594375 0.543555096875 0.5743130234375 0.5497385796875001 0.5838822546875 0.5864191765625 0.577310371875 0.5976890703125 0.5141405578125 0.5983511109374999 0.5046729359375 0.5566415640625 0.485164978125 0.4813818703125 0.46946020624999996 0.42098248437499997 0.46523666874999997 0.32972267187500004 0.48234989375000004
4 0 0.6616134171875 0.10809251875 0.6166961828125 0.1159287234375 0.49063364375 0.00045501406249999997 0.47603262031250004 0 0.48253962499999997 0 0.6616134171875
4 0.0341798875 0 0.02680443125 0.0992183875 0.020589928125 0.1880899140625 0.1307412828125 0.2032063390625 0.1365930265625 0.2036155328125 0.15432306406250001 0 0.0341798875 0
14 0.75431288125 0.7536442921875001 0.8123474578125001 0.7646203593750001 0.8201517453125 0.7651660875 0.8253873234375 0.73120378125 0.867343115625 0.7471902453125 0.8746165453125 0.7411725390624999 0.88316663125 0.6650992765625 0.8859181968750001 0.6257500515625 0.7903345140625 0.6165000421875 0.7685142265625 0.6345531624999999 0.7604892343749999 0.665318309375 0.75431288125 0.7536442921875001
14 1 0.26707840781250003 0.994877615625 0.26872316406249996 0.9765907484374999 0.29224441562500003 0.9682024406249999 0.328205209375 0.957189003125 0.3457087546875 0.9597642703125 0.3928782984375 0.979949640625 0.3982055859375 0.9832764703124999 0.42062769062500005 0.9704963203125001 0.43539717031249997 0.9379511125000001 0.508826634375 0.9167327921874999 0.5882692046875 0.9892175765625 0.6156578296874999 0.993104678125 0.6159296421875 1 0.5040825109375 1 0.26707840781250003
19 0.8829364578125001 0.6221922421875 0.8910932421875 0.61754156875 0.8943132109375 0.59949305 0.9170168546875 0.5828069640625 0.93103181875 0.5181797265625 0.9316515453124999 0.5093172140625 0.874822409375 0.500235403125 0.8631072718749999 0.51377409375 0.8519442390625 0.6174145296875 0.8829364578125001 0.6221922421875
19 0.964691228125 1 0.9784323921875 0.803492196875 0.8705071671875 0.7817399109375 0.865908734375 0.77750256875 0.8675436515625 0.7541221609375001 0.8598952234375 0.747583121875 0.85672588125 0.7473615 0.8404481671875 0.749616934375 0.8396966046875001 0.774364375 0.7176760953125 0.755389765625 0.7017009109375001 0.773851615625 0.69383264375 0.8163750890625 0.4000423640625 0.7618944359375 0.29904784375000004 0.8762216609375001 0.2656442125 0.93392794375 0.2595675890625 0.964829334375 0.2612557734375 0.9813936953125 0.5273383328125 1 0.964691228125 1
15 0.8875760312500001 0.6384408796875001 0.8699730578124999 0.7781783515625 0.9746142687500001 0.7978955765625 0.9788032624999999 0.7981885 0.9913235921875 0.61913945 0.9193696765625001 0.58975885625 0.89934103125 0.59618989375 0.8875760312500001 0.6384408796875001
21 0.5987040453125 0.6284220328125001 0.6439866671875001 0.6668306015625001 0.6430783796874999 0.679819715625 0.5532718265625001 0.67615035625 0.54176328125 0.6727350734375 0.506404153125 0.6324099000000001 0.5011788203124999 0.58113925625 0.48187680468750005 0.5771790015625 0.3604119078125 0.6818549890625001 0.36030011875 0.6834536484375 0.36228196874999996 0.6915108265625001 0.3920275171875 0.700117153125 0.386057753125 0.771489165625 0.4016696234375 0.7582229625 0.404031171875 0.7244512624999999 0.415019678125 0.721303865625 0.4729257234375 0.733184628125 0.474279253125 0.7698266359375 0.48313773437499996 0.7691408187500001 0.490279371875 0.7370086390624999 0.6641791671874999 0.770053103125 0.6646493421875 0.8053280796875001 0.67939994375 0.8085784890625 0.6820448515625 0.8087634390625 0.6875845078125 0.7573318718750001 0.7189068703125 0.7517884625 0.719204334375 0.7475345265625 0.7163327125000001 0.626205328125 0.7101492281249999 0.616636096875 0.6265510921875 0.6081798187499999 0.5987040453125 0.6284220328125001
9 0.5273207765625 0.512483084375 0.49599017500000003 0.49854486875 0.5069110125 0.6363611312499999 0.541263659375 0.6751801375 0.5500660734375 0.6757956625 0.6281799593749999 0.68008318125 0.64288354375 0.679806090625 0.6443068843749999 0.6762508859375 0.64478133125 0.6694659828125 0.5993925625000001 0.6297754421875 0.5487350140625 0.6262331203125 0.5372193375000001 0.5249226250000001 0.5273207765625 0.512483084375
2 0.5473629640625 0.620655075 0.5525170359375 0.6211460093750001 0.60073914375 0.6245180265625 0.6233742203125 0.6116124078125 0.61828068125 0.5864562390625 0.542814396875 0.5877054375 0.5473629640625 0.620655075