4 0 0 0 0.23541666718749998 0.0703125 0.2375 0.0703125 0.2 0.04375 0.1916666671875 0.04375 0.1583333328125 0.0703125 0.1541666671875 0.0703125 0 0 0
4 0.165625 0.066145834375 0.159375 0.0703125 0.1609375 0.08072916718749999 0.2109375 0.103645834375 0.34375 0.103645834375 0.3390625 0.4265625 0.34375 0.4328125 0.49291293593749996 0.446875 0.500000003125 0.446875 0.5171875 0.441145834375 0.5296875 0.0994791671875 0.5125 0.0682291671875 0.165625 0.066145834375
6 0 0.4328125 0.475 0.4682291671875 0.6203125 0.4890625 0.65625 0.5057291671875 0.63125 0.5557291671875 0.6328125 0.5828125 0.9951685765624999 0.621875 0.9999674484375 0.621875 0.996875 0.572395834375 0.9140625 0.5078125 0.85 0.48489583437499995 0.8265625 0.4828125 0.8359375 0.5182291671875 0.83125 0.5265625 0.703125 0.5182291671875 0.678125 0.509895834375 0.6796875 0.4828125 0.675 0.47864583437499997 0.5953125 0.46197916718750004 0.58125 0.44739583437499997 0.465625 0.44739583437499997 0.25625 0.4244791671875 0.0578125 0.4203125 0.034375 0.4140625 0.05 0.4057291671875 0.04375 0.39739583437500003 0 0.39739583437500003 0 0.4328125
4 0 0.6005208328125 0.00781250625 0.6015625 0.0169270828125 0.6015625 0.0234375 0.596354165625 0.0140625 0.5734375 0.0171875 0.4421875 0 0.433854165625 0 0.6005208328125
4 0.6421875 0.49401041718750005 0.5546875 0.47734375 0.159375 0.44609375 0.1578125 0.57109375 0.1671875 0.5752604171875 0.628833003125 0.625 0.63125 0.625 0.63125 0.5565104171875 0.6609375 0.50859375 0.659375 0.5002604171875 0.6421875 0.49401041718750005
6 1 0.7203125 0.95 0.659895834375 0.1421875 0.572395834375 0.0015625 0.609895834375 0 0.703645834375 0.9963768046875 0.846875 1 0.846875 1 0.7203125
4 1 0.6203125 0.6359375 0.5848958343749999 0.634375 0.6265625 0.95 0.659895834375 0.9995833328125 0.721875 1 0.721875 1 0.6203125
4 1 0.8434895828125001 0 0.70390625 0 0.9984375 1 0.9984375 1 0.8434895828125001
13 0.0125 0.43776041718750003 0.0125 0.6015625 0.0159423828125 0.6015625 0.159375 0.5690104171875 0.1609375 0.4752604171875 0.1546875 0.448177084375 0.0125 0.43776041718750003
20 0.025 0.41614583437499997 0.14029946875 0.428125 0.152083346875 0.428125 0.2265625 0.42239583437499995 0.125 0.409895834375 0.0296875 0.409895834375 0.025 0.41614583437499997
10 0.6515625 0.37890625 0.6640625 0.36640625 0.6625 0.37265625 0.671875 0.376822915625 0.7171875 0.383072915625 0.7125 0.358072915625 0.6859375 0.3372395828125 0.5953125 0.3372395828125 0.590625 0.4622395828125 0.6758984375 0.471875 0.6836328125 0.471875 0.69375 0.4622395828125 0.6921875 0.40182291562500005 0.6546875 0.39765625 0.6515625 0.37890625
10 0.73125 0.4127604171875 0.728125 0.398177084375 0.6921875 0.40026041718750005 0.69375 0.46484375 0.756640625 0.4703125 0.7656504749999999 0.4703125 0.76875 0.3752604171875 0.759375 0.36276041718749996 0.746875 0.41901041718750004 0.73125 0.4127604171875