4 0.3312759109375 0.14551619375 0.1969100625 0.14812375 0.19237083125 0.1524514703125 0.1996035484375 0.31479795 0.308272221875 0.32064444375 0.3240829 0.3200923234375 0.3544149390625 0.3156456265625 0.3367289578125 0.3016710109375 0.33995945625 0.25986613593749996 0.3312759109375 0.14551619375
6 0.8790381375 0.47477722812499995 0.8752259812500001 0.4999255890625 0.800053546875 0.496296859375 0.7841472359375 0.48851390781250004 0.7865432593749999 0.46758420312500004 0.7802970671875 0.46780232499999996 0.7586535140625 0.47481194374999997 0.7762667875 0.48670449375 0.76442876875 0.505879315625 0.7679154015625 0.5161805765625 0.8555802203124999 0.5193730640625 0.883906209375 0.5246377078125 0.8888816828125 0.5328023734375 0.751247321875 0.5313548609375001 0.70937635 0.5411554421875 0.48542059687499994 0.5302147203125 0.43610542187499995 0.550698271875 0.4337821046875 0.5737100390625 0.9236557046874999 0.62435288125 0.9350597281249999 0.62395464375 0.9466622812500001 0.62042256875 0.96042206875 0.521965715625 0.942009015625 0.48717045781249996 0.8790381375 0.47477722812499995
4 0.758582465625 0.5175487921874999 0.7717639109375 0.492073246875 0.7400967046875 0.48067147187500003 0.44082310312499995 0.4619378921875 0.436283871875 0.46626561093749996 0.438901334375 0.5412199234374999 0.4452929421875 0.5451659296875 0.4745988203125 0.5337195296874999 0.5166879140625 0.53016514375 0.8219035515625001 0.5606776906250001 0.8413643765625001 0.5599981046875 0.8881562687500001 0.55680064375 0.8860130625 0.5401986609375 0.7652649015625 0.5298230562499999 0.758582465625 0.5175487921874999
4 0.619493096875 0.2058067859375 0.5541261953125 0.214343259375 0.5590736078125 0.4455614484375 0.5766141734375 0.4553719328125 0.6443487171875 0.455872921875 0.6754670546875 0.4547862453125 0.68199966875 0.42876115625000005 0.682463975 0.21820001718749998 0.6710241859375 0.20400728125 0.619493096875 0.2058067859375
4 0.659363025 0.5864180390625 0.6015857437500001 0.5884356656249999 0.58553401875 0.5764885843750001 0.5216559578125 0.5828884609375 0.44172617187499996 0.577341259375 0.43725965 0.5837510421875 0.44079092812500004 0.8191878906250001 0.4523034234375 0.8354626906249999 0.4825540828125 0.8398783984374999 0.8975355078125 0.8253869281249999 0.8902920453125001 0.6179612796875 0.8241980703125 0.6056771109375 0.7287982171875 0.6048393390625 0.661215403125 0.5946917640625 0.659363025 0.5864180390625
21 0 0.5087275296875 0.002776634375 0.58823993125 0.12210866093749999 0.6028341937499999 0.13206955781250002 0.88807699375 0.13966196718749999 0.895629121875 0.1432730453125 0.8955030203125001 0.15258780624999999 0.893614290625 0.1470207234375 0.59987964375 0.2614846796875 0.564613425 0.2619903125 0.489550053125 0.1318728640625 0.47950163124999995 0.12348346562500001 0.4631177703125 0.029736021875 0.46482805000000005 0 0.46586645625 0 0.5087275296875
7 0 0.46899335937500003 0.008894325 0.46868276406250003 0.1217765015625 0.459008171875 0.1261703171875 0.4505163234375 0.1266379390625 0.3295930078125 0.11958865 0.21727059999999998 0.050634726562499996 0.201438246875 0 0.20320645 0 0.46899335937500003
13 0.337551890625 0.4595509671875 0.3423505703125 0.59696720625 0.3868999328125 0.608700853125 0.4043976296875 0.6080898203125 0.43328390156249996 0.604214759375 0.4379272171875 0.46855340312499993 0.417263553125 0.4588519765625 0.337551890625 0.4595509671875
6 0.70721620625 0.4755658734375 0.7323311 0.4746888421875 0.7378989671875 0.46250793906250004 0.7016198234375 0.45335182031250004 0.5167754812500001 0.4431299 0.4262056875 0.44629266718749994 0.33085085937500003 0.43555145937499995 0.32616621874999996 0.4357150515625 0.32270726562499996 0.43739929218749996 0.3232889234375 0.45405580624999997 0.3452960125 0.45745650781249997 0.70721620625 0.4755658734375
5 0.3470798609375 0.8219392031250001 0.33087608749999997 0.6265523468749999 0.339258853125 0.46366056406249995 0.326621053125 0.4599326796875 0.33188735625 0.47642560156249997 0.32124734843749997 0.485135571875 0.321683590625 0.4976279578125 0.30167429375 0.5066651109375 0.28137416875 0.50737400625 0.2816269859375 0.46984232031250006 0.261399565625 0.4726332796875 0.25130983906250004 0.6314154656250001 0.21688307187500003 0.630533071875 0.149120146875 0.659999246875 0.1604938609375 0.851385565625 0.170008565625 0.855222509375 0.179087025 0.8465670703124999 0.1779237078125 0.81325404375 0.19985809062499998 0.8145726812499999 0.2644632234375 0.8289934453125 0.2691858796875 0.874689796875 0.2756545328125 0.8752456328125 0.286390175 0.8748707359375001 0.28309108125 0.780397071875 0.32390945625 0.7852254734375 0.3284866984375 0.8267576968749999 0.3470798609375 0.8219392031250001
18 0.2459732828125 0.4338250921875 0.2464095265625 0.446317478125 0.31838615625 0.44797320625000003 0.34769203593750003 0.43652680468750005 0.2598818015625 0.42917018906250004 0.2459732828125 0.4338250921875