19 0.32530503125 1 0.4728047328125 0.9974253828125 0.474379015625 0.9906260375 0.4812669859375 0.9972776734375 0.5096480609375 0.9967822796875 0.5164784296875 0.9964025984375 0.5276016015625 0.738356671875 0.523877003125 0.692841825 0.13612637656249998 0.6371005171874999 0.056105896875000005 0.64110184375 0.0026076609375 0.6537561937499999 0.009609946875 1 0.32530503125 1
19 1 0.6510040328125 0.9505489234375 0.6506233203125 0.9435549546875001 0.6416294265625 0.922798078125 0.45967230625 0.93142673125 0.4504057203125 0.9597654546875001 0.4512133484375 0.909400240625 0.4195354328125 0.8484989953125 0.3997619625 0.7939107234375 0.4059239296875 0.7464527640624999 0.4288911015625 0.755399559375 0.4378509046875 0.788733975 0.44508274062500003 0.8727510078125 0.4462207828125 0.881652353125 0.4525768171875 0.8713897562499999 0.5361019781249999 0.8828809546875 0.63487480625 0.8742523015625 0.6441413921875 0.7586718859375 0.6253223484375 0.7000416109375001 0.62374118125 0.6968624 0.6094715749999999 0.712847134375 0.51803284375 0.710666321875 0.44904998125000006 0.6777409484375 0.465252075 0.6269674328125 0.4661383296875 0.5746046812500001 0.48788883125 0.5682924484375 0.5179514921874999 0.5632095546875 0.7863102390625001 0.57142990625 0.8096078234374999 0.58918715 0.8197161218750001 0.591639915625 0.8483235062500001 0.83481474375 0.89577945625 0.8366660749999999 0.895747140625 0.8418730546875001 0.7475868265625001 0.848321634375 0.7253354765625 1 0.7391967140625 1 0.6510040328125
15 0.7183116703125 0.4338100625 0.7135432234375 0.44040470468750004 0.7130447625 0.5237594328124999 0.6981500656249999 0.621690546875 0.8740600421875 0.64036813125 0.8772665421875001 0.6403121609375 0.8806258171874999 0.6119940109375 0.8714510375 0.5340172578125 0.87272213125 0.4949266203125 0.880781984375 0.4698602625 0.880588978125 0.45880292031250003 0.8787616703125 0.4492413421875 0.786887878125 0.4456358765625 0.7397927734375 0.43343510937499996 0.7183116703125 0.4338100625
15 1 0.49563658750000006 0.999396203125 0.46104509531250004 0.9281546453124999 0.45319762499999994 0.923477096875 0.4649998078125 0.9461413515625001 0.6443190734375001 0.9505375609375 0.6499723765625001 0.9821733421875001 0.649420171875 1 0.6486602031250001 1 0.49563658750000006
21 1 0.7438101374999999 0.8700116546875 0.7257382453125001 0.8457149328125 0.7326737546875 0.840994153125 0.9098664640624999 0.8705138109374999 0.9223740140625001 0.8658370015625 0.9901742953125 0.8936988749999999 0.9916413859375 0.9030253171875 0.9914785921875 0.9052564046875 0.9543246218749999 1 0.9682708921875 1 0.7438101374999999
2 1 0.7445580078125 0.9820269875 0.741754496875 0.9530989062499999 0.8190940578125 1 0.8321047281249999 1 0.7445580078125
7 0.6984679703125 0.4496535890625 0.7039177046875 0.44851663906250006 0.71826849375 0.43133648124999996 0.7397495968750001 0.430961528125 0.789069484375 0.40275273125 0.7919690171875 0.21634561093750002 0.7916082109375 0.1956750359375 0.7015528796875 0.201124396875 0.693971771875 0.4382719921875 0.6970358937500001 0.4496785859375 0.6984679703125 0.4496535890625
16 0.408058828125 0.380622871875 0.405742409375 0.3598267984375 0.4114645453125 0.35191322812500003 0.406468853125 0.3454890203125 0.429902784375 0.34507997968750004 0.429721728125 0.390662996875 0.4044713171875 0.398917434375 0.4231368 0.40510303593749997 0.423273146875 0.41291434687499995 0.4329009375 0.40493260312499996 0.437987528125 0.4165643515625 0.4252714234375 0.41548402968750003 0.41895919062500003 0.44554669062499996 0.4122379171875 0.4521754171875 0.40515305156250003 0.43797398750000005 0.40465311249999997 0.40933251562499995 0.3977954921875 0.4081499328125 0.395025321875 0.417314259375 0.393937503125 0.5788161765625001 0.3988457421875 0.58302803125 0.431995021875 0.5824494078125 0.44575560625 0.5818185328125 0.4474811890625 0.5687655953124999 0.4959382859375 0.547083265625 0.49780021406249997 0.5418416406250001 0.47513817812500003 0.5305166734375 0.4771811640625 0.47969202656250004 0.5034761624999999 0.47532620156250005 0.5033860031249999 0.5261167609374999 0.510198175 0.5246955703125 0.5137856875 0.5064010078125001 0.5154613859375 0.15475570624999999 0.4518283703125 0.1132818125 0.44607642812500004 0.1133822125 0.39956282656250003 0.11771027187500001 0.3964327609375 0.3860349328125 0.40333583125 0.389821284375 0.408058828125 0.380622871875
10 0.8412462640625 0.3983258203125 0.8740838046875 0.4028315375 0.8833853843749999 0.402669178125 0.885862265625 0.31326337656250003 0.885560671875 0.2959850796875 0.7916522046875001 0.2989158 0.790564990625 0.40428936406249993 0.791830721875 0.4042672703125 0.8412462640625 0.3983258203125
4 0.704808171875 0.13022345156249998 0.7049452578125 0.19403286250000001 0.7957744625000001 0.1937497140625 0.796502384375 0.2914081328125 0.8146682703125 0.291351503125 0.8874416546875 0.2900812390625 0.8965496 0.20371121250000002 0.9948971234374999 0.2032929625 0.9945086015625 0.1810345953125 0.9929184062499999 0.1291013140625 0.704808171875 0.13022345156249998
6 0.9499851140625 0.42807322187499997 0.95731950625 0.4229965296875 0.959998778125 0.40862466406250003 0.96603905625 0.4189374828125 0.9970438500000001 0.41580800937499995 0.9968381046875001 0.4040208984375 0.8903236031249999 0.4009853328125 0.8847440843750001 0.40108272500000003 0.887744159375 0.4098858734375 0.9192620937499999 0.42496310625 0.9475766234374999 0.4281152625 0.9499851140625 0.42807322187499997