6 1 0.60024136875 0.759782853125 0.63247679375 0.7551731203125 0.6483657578125 0.7601173390625 0.6941721078125 0.7779257937499999 0.7478934625 0.817564378125 0.79910455625 0.8936299218749999 0.863871621875 0.9232814046875 0.8831275203125 1 0.8727766109375 1 0.60024136875
6 0 0.549213215625 0.025188546875000002 0.5583267640625 0.7541401828125001 0.4481107125 0.9043275187500001 0.43322641875 0.9968704890625 0.4327246890625 0.9897111921875 0.4065580546875 0.8593924796874999 0.41721914218749995 0.8360586609375 0.4051398875 0.5913175203125001 0.44864171875 0.5400154859375 0.45528655 0.531736315625 0.4463969609375 0.384809934375 0.469107621875 0.35729953281250004 0.4749551375 0.333483234375 0.4906668296875 0.154461384375 0.5201995953125 0.1444249515625 0.5180731515625 0.1754498796875 0.4986993421875 0 0.52363340625 0 0.549213215625
13 0.342258715625 0.7273476828125001 0.35155909375 0.7786177328125 0.37906333124999997 0.776498809375 0.38289938125 0.7756834328125 0.3360574640625 0.5178080515625 0.1496038890625 0.5473230703125 0.139898840625 0.5493859421875 0.1670789625 0.6772583640625001 0.35657039375 0.65188985 0.364595990625 0.6821321 0.342258715625 0.7273476828125001
20 0.1418013890625 0.5207606828125 0.33653994531250003 0.49001710625 0.3583947390625 0.47259246875 0.17850659062500002 0.4980496171875 0.1418013890625 0.5207606828125
4 0.1665375265625 0.674711103125 0.1385452484375 0.5430177953124999 0.012582696874999999 0.5591425796875 0.0370186359375 0.69665026875 0.1504897921875 0.6781221546875 0.1665375265625 0.674711103125
4 1 0.447447884375 0.9963831953125 0.43043215625000003 0.7743878125 0.4456705875 0.336665378125 0.5131528484375 0.379906315625 0.761676728125 0.37988165 0.7765911046875 0.354332753125 0.7841515671875 0.36187586875 0.8421847625 0.3723207859375 0.861263390625 0.4231896703125 0.8525807515625001 0.4264752890625 0.8454927421875 0.41077633281250003 0.7039980734375 0.418671684375 0.681021103125 0.4466152359375 0.6772113937500001 0.45558112812499996 0.6667861296875001 0.46459635156249995 0.6265321125 0.459014740625 0.5702118625 0.46515282812500003 0.5539980359375 0.5057563734375 0.5496272390625 0.536492228125 0.8370170531250001 0.7875861093750001 0.8014831156250001 0.8061492546875 0.7975373968749999 0.8035213140625 0.77812839375 0.7704293015625 0.727655659375 0.7583011203125001 0.6705970484375 0.7601077140625 0.63400515 1 0.6018133156250001 1 0.447447884375
4 0.6318357625 0 0.22799632500000003 0.0695420390625 0.22274919999999998 0.0749171015625 0.225348096875 0.087143946875 0.25739423281249996 0.11015059687499999 0.461736071875 0.07949565625 0.5151436875 0.38336519999999996 0.5357552812499999 0.4577894921875 0.7022635453125 0.42825422656249995 0.7173199593749999 0.4250538875 0.650727240625 0 0.6318357625 0
4 0 0.3168387359375 0.0943781328125 0.3018791109375 0.109003746875 0.298770340625 0.06591576875 0.08109715468749999 0 0.095107984375 0 0.3168387359375
4 1 0.8716893921875 0.926338115625 0.882477796875 0.8740148718749999 0.8467421671875 0.80296754375 0.783038321875 0.827110653125 0.94164078125 1 0.904892015625 1 0.8716893921875
10 0.849789196875 0.41713050625000003 0.991672696875 0.40827099999999994 0.9587533453124999 0.2533976296875 0.8264484624999999 0.2772601484375 0.849789196875 0.41713050625000003
21 0.395971159375 1 0.34788965781250003 0.7538391812499999 0.35619349218749996 0.7478143937499999 0.350358309375 0.7128468031249999 0.36569119687499996 0.67976943125 0.36006025468749997 0.6532779328125 0.030417920312500003 0.6956571828125 0.095107984375 1 0.277332753125 1 0.32586220312499997 0.875664453125 0.33088041874999996 0.876727675 0.35467656718749996 1 0.395971159375 1
5 0.5504518390625 1 0.508692465625 0.5559252531250001 0.5073930171875001 0.54981183125 0.46220440468749996 0.5551572140625 0.4575946734375 0.5710461765625 0.46493354531250003 0.62060328125 0.45349900156249995 0.6720209203125 0.419875178125 0.6791678859375 0.40892311562500006 0.7027945812499999 0.43955503125 1 0.5504518390625 1