5 0.3054450015625 0.533478228125 0.319089784375 0.5300762015625 0.342257665625 0.6488322796875 0.3513541875 0.6465642609375 0.34885862031250003 0.59780290625 0.381647403125 0.6841006609375 0.3877158265625 0.6761462984375 0.34839944375 0.5249155937500001 0.36860850312500004 0.5284653546875 0.3857568640625 0.5778675828125001 0.4014135875 0.5889937046875 0.43068656875 0.641814259375 0.4367509171875 0.6403022468749999 0.4342308984375 0.6301950015625 0.40041780625 0.5656237515625 0.39186196406249996 0.5119320593750001 0.4019705703125 0.5072645875 0.4398523703125 0.5300262703125 0.4580168890625 0.5705866937499999 0.4706373640625 0.5889111734375 0.4761977078125 0.5853777109375 0.4413847578125 0.5038788624999999 0.43533671093750004 0.47962146875 0.4459533953125 0.470533096875 0.426285015625 0.4110236234375 0.349976659375 0.427902321875 0.36408876874999996 0.48450290625000003 0.381769659375 0.4908301234375 0.41865975312500003 0.4837795015625 0.4302640703125 0.5109457843749999 0.4267238171875 0.5161226937500001 0.3964183765625 0.497913346875 0.362060528125 0.49574416250000003 0.29495057343750003 0.3492960625 0.2014612546875 0.36831134374999996 0.2594828359375 0.504142759375 0.28876804375 0.5376362609374999 0.28513405937499997 0.6909872453125 0.2911984078125 0.6894752343749999 0.2922227171875 0.6677487281250001 0.30334748125 0.6542394546875 0.297311659375 0.6106550078125 0.29988058125 0.5434540390625 0.3054450015625 0.533478228125
21 0.331279609375 0.43041690781249997 0.345428396875 0.42903633125 0.47883998437499997 0.402214421875 0.4743121 0.3711366734375 0.46218340312499995 0.3741606984375 0.45257472656250003 0.38729196875 0.32522748749999997 0.4126018671875 0.32522341250000003 0.41904421718749996 0.331279609375 0.43041690781249997
5 0.3787945390625 0.40139321250000004 0.3667614453125 0.3531311078125 0.33997995625 0.3555142578125 0.3354276203125 0.36309061875 0.34695671093749997 0.4093312734375 0.3787945390625 0.40139321250000004
5 0.46776412343749996 0.33841548125 0.4914278578125 0.47207771093749995 0.48636744218750005 0.48407497343749994 0.4898995453125 0.4917827671875 0.5111166140625001 0.499375428125 0.5135836546875 0.5932332421875001 0.5262408062499999 0.5535765593749999 0.54495008125 0.5317349203124999 0.6247986921875001 0.5096793140625 0.6020940640625 0.45736819687499997 0.5990700390625 0.4452395 0.6081787875 0.42364442812499997 0.5885063328125 0.37057730625 0.6041793578125 0.3559340234375 0.59915154375 0.316392475 0.597135528125 0.308306678125 0.5834948203125 0.305266353125 0.578954709375 0.293515659375 0.46828442812500004 0.314667525 0.46776412343749996 0.33841548125
19 1 0.43860772031249995 0.9710987531249999 0.32269115 0.911471428125 0.3289694640625 0.8897299796875 0.3515671109375 0.8664520687499999 0.406754515625 0.8502872640625 0.4000492953125 0.6825137546875 0.43114437031249997 0.6693648234375 0.44945255 0.6789286734375 0.5071871421874999 0.5460251656249999 0.52958815 0.5146668890625 0.57820176875 0.49846540937499995 0.6294777093749999 0.49946526718750006 0.6464053109375001 0.537761415625 0.8129201703125 0.5640307499999999 0.8214002718750001 0.5948605703125 0.8094193093750001 0.62366215 0.8086796046875 0.652817265625 0.9772051906250001 1 0.8906428140625 1 0.43860772031249995
9 0.375825365625 0.4024019 0.441202709375 0.3922744421875 0.4436505640625 0.3916641234375 0.43141658281249995 0.386394340625 0.418816484375 0.3358581046875 0.3627253375 0.34340186250000004 0.375825365625 0.4024019
21 0.2350770234375 0.44527768125 0.230726084375 0.4340166 0.223211196875 0.43213282656249996 0.22131608749999998 0.43260533125 0.2155652140625 0.4377966296875 0.2190973171875 0.44550442500000004 0.2332450875 0.445734434375 0.2350770234375 0.44527768125
21 0.3563760546875 0.595660209375 0.3675498171875 0.6280332328125 0.367624134375 0.6280147046875 0.3392399203125 0.5269309296875 0.3250911328125 0.5283115078125 0.3386910890625 0.5957753453125 0.3563760546875 0.595660209375
21 0.2922412203125 0.538649021875 0.2846689359375 0.527654334375 0.27658449687500003 0.5275229 0.2891764453125 0.5909438375 0.2861261046875 0.68698245625 0.2895583578125 0.6861267 0.2916434875 0.6848016515625 0.299756453125 0.6398366265625001 0.29220454375 0.5966301828125 0.2922412203125 0.538649021875
21 0.5911015796875 0.36161018125 0.5890692625 0.3792937890625 0.596645621875 0.383846125 0.6344622203125 0.509685428125 0.6463676125 0.5102061359375 0.6489348921875 0.509566040625 0.6183748453125 0.3805755328125 0.643644321875 0.372128034375 0.6456766390625 0.3544444265625 0.5911015796875 0.36161018125
11 0 0.4904047171875 0.021380096874999997 0.4856756390625 0.059287582812499996 0.47622424218750004 0 0.2329685375 0 0.4904047171875
4 0 0.5613922796875 0.06663854218750001 0.8286648765625 0.0806613234375 0.8267789390625 0.08525418125 0.8256338109374999 0.0797996984375 0.7910296453125001 0.1879866375 0.7017893703125 0.1391023296875 0.49926642499999996 0 0.5258523687500001 0 0.5613922796875