21 0.5375 1 0.540625 0.8458333328125001 0.5828125 0.7604166671875 0.578125 0.7458333328125 0.4703125 0.7291666671875 0.4609375 0.8020833328125001 0.2421875 0.80625 0.2375 0.8020833328125001 0.2375 0.69375 0.0953125 0.6729166671875 0.0953125 0.6791666671875001 0.1328125 0.7 0.1625 0.6958333328124999 0.1875 0.70625 0.178125 0.71875 0.190625 0.7291666671875 0.1921875 0.7416666671875001 0.1171875 0.775 0.103125 0.775 0.0703125 0.7520833328125 0.04375 0.75625 0 0.7416666671875001 0 0.9020833328125001 0.021875 0.9145833328125 0.0171875 0.99375 0.0546875 1 0.0421875 0.9708333328125001 0.0390625 0.9395833328125001 0.0390625 0.9145833328125 0.05 0.9125 0.3984375 0.9875 0.4125 0.9916666671875 0.4140625 1 0.4421875 1 0.4421875 0.98125 0.46875 0.9791666671874999 0.509375 0.8958333328125001 0.5203125 0.8875 0.5171875 1 0.5375 1
9 0.2390625 0.8083333328125001 0.4484375 0.8083333328125001 0.4640625 0.7958333328125 0.4765625 0.6208333328125 0.471875 0.5895833328125 0.240625 0.5854166671875001 0.2328125 0.59375 0.2328125 0.7958333328125 0.2390625 0.8083333328125001
2 0 0.74375 0.040625 0.75625 0.06875 0.7541666671875 0.1125 0.7770833328125 0.19375 0.74375 0.190625 0.7291666671875 0.178125 0.71875 0.1859375 0.7125 0.18125 0.7041666671875 0.1609375 0.6958333328124999 0.13125 0.7 0.0828125 0.6708333328125 0.0421875 0.6958333328124999 0 0.7104166671875001 0 0.74375
21 0 0.7166666671875 0.0640625 0.6875 0.071875 0.6770833328125 0.065625 0.6666666671875 0.0171875 0.6625 0 0.6708333328125 0 0.7166666671875
15 0.140625 0.5791666671875 0.2265625 0.5895833328125 0.3015625 0.5833333328125 0.3140625 0.5020833328125 0.3390625 0.42083333281249996 0.2546875 0.4145833328125 0.2015625 0.40208333281249997 0.1890625 0.425 0.1765625 0.48333333281249996 0.140625 0.5791666671875
15 0.4703125 0.5854166671875001 0.475 0.6145833328125 0.50625 0.6229166671875 0.5296875 0.61875 0.525 0.53125 0.5390625 0.45208333281249996 0.534375 0.43541666718750005 0.4859375 0.4375 0.3734375 0.42291666718750004 0.365625 0.43541666718750005 0.3484375 0.5854166671875001 0.4703125 0.5854166671875001
19 1 0.7791666671875 0.975 0.76875 0.925 0.70625 0.9234375 0.675 0.8265625 0.6354166671875 0.828125 0.61875 0.875 0.5354166671875 0.8765625 0.5229166671875001 0.7921875 0.5166666671875 0.78125 0.5520833328125 0.7890625 0.6416666671875 0.7796875 0.6520833328125 0.765625 0.6520833328125 0.70625 0.6354166671875 0.609375 0.6291666671875 0.60625 0.6166666671875001 0.6203125 0.5541666671875001 0.6203125 0.5020833328125 0.540625 0.48333333281249996 0.5328125 0.4895833328125 0.5265625 0.53125 0.53125 0.6145833328125 0.521875 0.6229166671875 0.478125 0.6166666671875001 0.4703125 0.725 0.56875 0.74375 0.5796875 0.7520833328125 0.578125 0.76875 0.5390625 0.84375 0.5375 0.8979166671875 0.5421875 0.90625 0.7125 0.9354166671874999 0.7203125 0.9270833328125001 0.721875 0.9104166671874999 0.75 0.8833333328125 0.7453125 1 1 1 1 0.7791666671875
15 0.6046875 0.6145833328125 0.60625 0.63125 0.7171875 0.6395833328125 0.7671875 0.6520833328125 0.7890625 0.6479166671875001 0.7828125 0.5479166671875 0.7921875 0.4770833328125 0.625 0.4604166671875 0.6203125 0.46875 0.6171875 0.5854166671875001 0.6046875 0.6145833328125
15 1 0.46458333281249997 0.9296875 0.45208333281249996 0.9140625 0.46666666718750005 0.8671875 0.5416666671875 0.825 0.61875 0.8234375 0.6395833328125 0.93125 0.6791666671875001 1 0.5875 1 0.46458333281249997
15 0.9265625 0.7125 0.9828125 0.7770833328125 1 0.7729166671875001 0.996875 0.5979166671875 0.9453125 0.6520833328125 0.9203125 0.6916666671875 0.9265625 0.7125
19 0.2546875 0.4166666671875 0.3375 0.42291666718750004 0.3375 0.43958333281249995 0.3125 0.5125 0.3046875 0.5770833328125 0.3453125 0.5854166671875001 0.3625 0.5083333328124999 0.3703125 0.43125 0.378125 0.425 0.4359375 0.4291666671875 0.36875 0.38333333281250004 0.2984375 0.375 0.2703125 0.38125 0.23125 0.40625 0.2546875 0.4166666671875
19 0 0.6708333328125 0.034375 0.6645833328124999 0.2125 0.69375 0.2359375 0.6875 0.2328125 0.5875 0.1625 0.5833333328125 0.1421875 0.575 0.184375 0.4604166671875 0.1859375 0.43333333281249997 0.1703125 0.43125 0 0.4458333328125 0 0.6708333328125
14 0.809375 0.275 0.821875 0.275 0.8234375 0.2875 0.7953125 0.3875 0.7875 0.475 0.7953125 0.4791666671875 0.7984375 0.5166666671875 0.8484375 0.51875 0.8515625 0.48541666718750004 0.8609375 0.475 0.8671875 0.3229166671875 0.8546875 0.25625 0.8640625 0.23333333281250002 0.8640625 0.21458333281250003 0.8375 0.19583333281249998 0.8171875 0.20833333281250002 0.80625 0.24583333281250003 0.809375 0.275
19 0.803125 0.26875 0.8140625 0.2958333328125 0.79375 0.3895833328125 0.7875 0.47083333281249995 0.7984375 0.50625 0.8015625 0.4895833328125 0.8125 0.4875 0.8171875 0.5083333328124999 0.8375 0.5166666671875 0.8484375 0.5083333328124999 0.8609375 0.47083333281249995 0.8671875 0.3145833328125 0.85625 0.2604166671875 0.865625 0.2208333328125 0.8515625 0.1979166671875 0.83125 0.19583333281249998 0.8171875 0.20625 0.8046875 0.23958333281250002 0.803125 0.26875