7 0.17190777343750002 0.48952771406249995 0.1989868734375 0.49598784062499995 0.214283159375 0.49074137812499996 0.22903803437499998 0.5001517203125 0.2394730203125 0.470184146875 0.24178399375 0.413635190625 0.2277928078125 0.19115254375 0.2114792390625 0.181851196875 0.112409571875 0.1762482984375 0.0788449375 0.1890374703125 0.071923425 0.20205199375 0.081845484375 0.366343403125 0.098253078125 0.511385515625 0.1137345828125 0.5311871515625 0.138819009375 0.531521496875 0.11587457968749999 0.5393911890624999 0.12254533281249999 0.5451899874999999 0.145780415625 0.5414768125 0.140377703125 0.531412503125 0.17190777343750002 0.48952771406249995
4 1 0.5406569593749999 0.7052421421874999 0.612780675 0.4683463296875 0.5625165859375 0.45943014531250004 0.569405328125 0.46302340312499995 0.59839195 0.6705946843749999 0.6548834546875 0.6773053296875 0.6836520890625 0.6655624078125 0.6949153375 0.32490943906249997 0.796007675 0.0064315453125 0.6094357578125 0.0318635921875 0.9731309859374999 0.0497412796875 1 0.4950610203125 1 1 0.9646912265625 1 0.5406569593749999
6 1 0.4825396171875 0.9999264671875 0.48148804843750004 0.9893062625000001 0.486407525 0.9961223421875 0.4942845828125 0.9938769093750001 0.506972121875 0.961289665625 0.5113392640625001 0.9435627296875 0.5042251703125 0.9411320796875 0.49186461406250004 0.9749873656249999 0.48323196093750004 0.8542413109375 0.48123324375000004 0.829843621875 0.4683203515625 0.8154848328125001 0.442174946875 0.7670199984375 0.44347551875 0.76194783125 0.46053756406249996 0.777284009375 0.47826094062499996 0.776055859375 0.5054962875 0.7046465953125 0.5146665515625 0.605431603125 0.5069853953125001 0.456523625 0.527840159375 0.45529547499999995 0.55507550625 0.4605528609375 0.5630615578125 0.70260525625 0.614270328125 0.709532784375 0.613785909375 1 0.5385976796875 1 0.4825396171875
6 0.6785698109375 0.65693630625 0.6703403625 0.651246503125 0.267958003125 0.5415480578125 0.198939496875 0.540109040625 0.0034160296875 0.566311896875 0.0064678765625 0.6099553234374999 0.32219863125 0.7959361828125 0.3267373515625 0.795618803125 0.6807497 0.6881101828125 0.6785698109375 0.65693630625
4 0.81706169375 0.4423257359375 0.822860490625 0.4356549828125 0.8080885390624999 0.090010115625 0.7726346671875 0.0757819265625 0.7288459140625 0.0767555140625 0.6213359328125 0.107245971875 0.6232793046875 0.24703425937499998 0.637888853125 0.2543663421875 0.7032086671875 0.247710315625 0.7665737015625 0.25789834375 0.7735351078125 0.267853659375 0.7758603234375 0.30110579375 0.7650691421875 0.3707782671875 0.7637754515624999 0.4418750328125 0.7690328359375 0.4498610828125 0.81706169375 0.4423257359375
4 0.5713448109375 0.19871640937499999 0.563616884375 0.1553999671875 0.5012292390625 0.1367899078125 0.5033293453125001 0.12202411093750001 0.5448327749999999 0.11076822500000001 0.55019559375 0.097862696875 0.5468929874999999 0.0730325890625 0.5348195234374999 0.057169484375 0.5017963015625 0.055301851562500004 0.4662768875 0.084935078125 0.40305717812499997 0.0768253078125 0.314251521875 0.10600783124999999 0.3239228203125 0.2891125625 0.44977915468749996 0.285793934375 0.46867831718749997 0.284472375 0.475116121875 0.278540096875 0.47195884218749995 0.255788246875 0.4791710078125 0.2469302421875 0.58048610625 0.2398456 0.5824408859375 0.22300154375 0.5713448109375 0.19871640937499999
4 0.3390625 0.4953125 0.1015625 0.13125
4 0.5484375 0.484375 0.078125 0.0515625
13 0.411470753125 0.44353794999999996 0.3992918546875 0.448566421875 0.4048398921875 0.46070898906249996 0.41007162812500003 0.53552629375 0.406598046875 0.57544918125 0.4263196546875 0.58868905625 0.4577841828125 0.590665684375 0.455419075 0.5344437109375 0.4933691390625 0.517171040625 0.49100403125 0.46094906875 0.4809252375 0.4512117421875 0.411470753125 0.44353794999999996
10 0.8332516609375 0.472258878125 0.8560906578124999 0.48528076562500005 0.9775747484374999 0.483834190625 0.9999809640624999 0.4822673953125 0.9884457140625 0.31730563125 0.8229335171875001 0.32470253125 0.8158666765625 0.33563879375 0.8225915640625001 0.4542085203125 0.8332516609375 0.472258878125
20 0.5657724453124999 0.41021947968749994 0.521281109375 0.4154652671875 0.39587481874999997 0.42209987968749996 0.5159947890625001 0.4377952328125 0.521519453125 0.43740890937500004 0.5657724453124999 0.41021947968749994
18 0.392163396875 0.4138227953125 0.2892896046875 0.42101643125 0.291574928125 0.4312987296875 0.4130190734375 0.438730734375 0.4182178421875 0.43836719999999996 0.392163396875 0.4138227953125
21 0 0.5080475671875 0.049079779687500005 0.502554578125 0.0550637953125 0.5209319203125 0.052567603124999994 0.5524327796875 0.061607740625 0.5557164203125 0.062236785937500004 0.5556724328125 0.069593559375 0.482324328125 0.031312951562500003 0.4724706453125 0.030295668749999997 0.45792283749999996 0 0.45638217187499996 0 0.5080475671875