10 0.0926571515625 0.9134011171875001 0.1125368640625 0.9214550906250001 0.1562146515625 0.9181911109374999 0.24453083437499998 0.945128865625 0.35577224531249996 0.952197553125 0.3573758078125 0.9520006609375 0.4572451234375 0.80566598125 0.45913233125 0.7697516203125 0.4452505953125 0.61823063125 0.4386768265625 0.5518704671875 0.4330086875 0.5441705125 0.39451873437499996 0.5384015890625 0.11877570468750001 0.549169809375 0.0068053953124999995 0.5860068015625 0.044381775 0.8920418640625 0.1268034109375 0.8966146109375 0.0926571515625 0.9134011171875001
6 1 0.6359565 0.77984359375 0.6380181609375 0.7772496765625 0.6425346125 0.7855117328125 0.6457181171874999 0.855018753125 0.647678621875 0.8667803578125 0.7050058859375 0.85719385625 0.716677853125 0.880401684375 0.7390160359375 1 0.7375033390625 1 0.6359565
6 0.6049460890625 0.7216751218749999 0.6359803375 0.709993425 0.6052446515625001 0.7032723984375 0.6099246984375 0.6901038875000001 0.6486960328125 0.685343365625 0.6676426265625001 0.6473343781249999 0.7521503921875 0.643255065625 0.746482253125 0.635555109375 0.727364225 0.6337045515625 0.4552182546875 0.6361599375 0.4506312640625 0.6367231484375 0.45481187500000003 0.7217432203125 0.493047934375 0.7254443390625 0.5973856859375 0.7226034218749999 0.6049460890625 0.7216751218749999
6 0.40598676874999995 0.952328921875 0.41788580625 0.9466699453125 0.4250773109375 0.9667767296875001 0.4351441140625 0.9718376171875001 0.527378659375 0.9794034484375 0.7561157875 0.9576149968750001 0.7527811578125 0.8278877515625 0.5708784984374999 0.8208368859374999 0.562390034375 0.8029883296874999 0.5704531687500001 0.778909534375 0.5554799109374999 0.772352103125 0.52618513125 0.8158296484375 0.4476268859375 0.8170794718750001 0.3985963421875 0.9049598390625 0.3659459625 0.9467504203124999 0.34964825781250003 0.9550484625 0.3225220671875 0.9520822046875 0.315529484375 0.959237721875 0.404408428125 0.965116590625 0.40598676874999995 0.952328921875
4 0.3180701984375 0.3869540375 0.370679928125 0.380494375 0.3765112140625 0.3532787765625 0.3722224953125 0.3055288515625 0.4717310046875 0.295409721875 0.480274440625 0.2880637828125 0.4545654328125 0.00182375 0.1831767390625 0.0351460921875 0.230676025 0.39637283125 0.3180701984375 0.3869540375
4 0.6005021953125 0 0.627476578125 0.3586714890625 0.6421959421875 0.3631611140625 0.9242224312499999 0.34243835 0.940090984375 0.3404899375 0.8982840781249999 0 0.6005021953125 0
16 0.5591664484375001 0 0.5318986296875 0.0033480671875 0.45635112343750006 0.016297346875 0.478755325 0.2885126796875 0.465559328125 0.29642988125 0.3642460703125 0.3046716265625 0.3718354171875 0.379303009375 0.590285553125 0.364549834375 0.6039847453125 0.362867784375 0.6333943609375 0.355583525 0.602385234375 0.0004655921875 0.6020763046875001 0 0.5591664484375001 0
16 0 0.41889464531250004 0.2304538671875 0.394563503125 0.1993073078125 0.10243180781250001 0.189830753125 0.06371478593749999 0.156020846875 0.044777353125 0.16921684374999998 0.0368601515625 0 0.0576373671875 0 0.41889464531250004
20 0.45901813437500005 0.8072848875 0.47294832812500004 0.8181683484375 0.5339393984374999 0.81487754375 0.5728756515625 0.7345335375 0.5716061796874999 0.7241945140625 0.5617932703124999 0.7212014296875 0.4610152890625 0.7209815374999999 0.455573559375 0.7279466343750001 0.45901813437500005 0.8072848875
13 0.6072259296875 0.822146175 0.6009349609375 0.78356275625 0.5902483796875 0.770706796875 0.5895055328125001 0.77079800625 0.566253425 0.8088109015624999 0.56597204375 0.8193403453125001 0.5741937734375 0.8262020140624999 0.6072259296875 0.822146175
18 0.6471451781249999 0.6855337875 0.6486410593749999 0.7105378625000001 0.657410903125 0.7178569765625 0.7726543546875 0.7204986890625 0.8693150515625 0.71282820625 0.876053740625 0.703604884375 0.8717375359374999 0.6684522078125 0.8526744796875001 0.6414071531250001 0.670998228125 0.6490213406249999 0.659353084375 0.6567481203125001 0.6471451781249999 0.6855337875