14 0.647948721875 1 0.7082756828125001 0.7977256359375 0.7369622031249999 0.722887846875 0.7437130171875 0.7136733953125 0.7729560156249999 0.71136968125 0.7821014843749999 0.698404478125 0.8714535796874999 0.353188015625 0.8796340859375 0.28464091874999997 0.870643528125 0.25930127812500003 0.822553115625 0.2150013265625 0.8505775796874999 0.135763059375 0.860719590625 0.06550301875 0.782773453125 0.04893505625 0.7585170890625 0.16305227656250001 0.7088420734375 0.21638981249999997 0.66370279375 0.24087318125 0.6389146171875 0.297370703125 0.568237275 0.584790196875 0.5641346890625 0.61160655625 0.5864226328125001 0.6269933859375 0.58343991875 0.671086790625 0.5416286718750001 0.8602780265625001 0.509934771875 0.96429484375 0.5023454078125 1 0.647948721875 1
21 0.7787199109375 0.6992831093749999 0.78113923125 0.7104467328124999 0.8012367609375 0.7211082234374999 0.8093363546875001 0.735609103125 0.8339380390625 0.8302931546875 0.846492896875 0.8515981874999999 0.84700765625 0.8517076031249999 0.866825809375 0.7882965125 0.8829263328125 0.7576407640625 0.9223853390625001 0.7298201390625 0.9631931265624999 0.72571484375 0.983117996875 0.6319757 0.8835459734375 0.6044213843749999 0.8639062578125 0.6066364625 0.793904803125 0.6428742234375 0.7787199109375 0.6992831093749999
5 0.716734428125 0.7654455765625 0.717650059375 0.791198715625 0.72661595 0.8016239796875 0.74994976875 0.7895447265625 0.7532353875 0.7966327343749999 0.830748375 0.8152385046875 0.807241896875 0.7229171234375 0.7738223140625 0.707294065625 0.7373706875 0.7059356625000001 0.716734428125 0.7654455765625
5 0.9047098109375 1 0.9618690125 0.716913890625 0.9023124749999999 0.7340730234375 0.8683294984375 0.7737069984375 0.849017353125 0.842017865625 0.853701084375 0.9026499578125 0.8271063125 0.9225555796875 0.8191053828125 0.9677122078125 0.7886703015625 0.9926587046875 0.8232083796874999 1 0.9047098109375 1
19 0.469750834375 0.6197655078125 0.4784138203125 0.5790093578125 0.4908202421875 0.558217784375 0.5331633 0.42664624843750004 0.5586381984375001 0.38946358124999997 0.565364346875 0.365334753125 0.4690532765625 0.32995406875 0.441387965625 0.362411396875 0.40768322812499996 0.4383124078125 0.3594872375 0.46214605468750003 0.327465765625 0.50006708125 0.2595067296875 0.45154392187500003 0.21931166875 0.43022094062500005 0.195953184375 0.42738581875000003 0.187240865625 0.43831321562500003 0.1857371765625 0.4529027296875 0.19918255625 0.532436178125 0.2573340671875 0.5895240640625 0.2647962703125 0.61453884375 0.295821196875 0.633912653125 0.339529921875 0.6847358156250001 0.351183625 0.6872128859375 0.38278255781250003 0.6907346328124999 0.4226993796875 0.6757905765625 0.4383667546875 0.6471726359375001 0.4804493234375 0.6220395421875 0.4771637046875 0.614951534375 0.469750834375 0.6197655078125
11 0.5506249359375001 0.42716302031250003 0.5571961734374999 0.4413390375 0.588533621875 0.45172730000000005 0.59343710625 0.45276956874999996 0.603251084375 0.44260880625 0.6494678203124999 0.277782625 0.6466153515624999 0.268656809375 0.6073112546874999 0.2581725890625 0.591848121875 0.2783144375 0.5506249359375001 0.42716302031250003
19 0 0.45921541406250005 0.0012749078125 0.459486403125 0.07302538593749999 0.4646205265625 0.08130455625 0.4557309375 0.13174029062499998 0.4664513828125 0.14238945 0.4388966640625 0.1530879390625 0.4411706984375 0.1514046734375 0.47915068125 0.1902756203125 0.49167270937499996 0.18299299375 0.4432674625 0.1253486296875 0.428884896875 0.134215859375 0.3796526546875 0.14359023437500001 0.3731257359375 0.149629659375 0.3296820546875 0.06742329687500001 0.3106111453125 0.040895431249999996 0.3049724734375 0.088977915625 0.34447851875 0.09192904843750001 0.41326184218749995 0.08082207500000001 0.4279399921875 0.008760453125000001 0.4062331921875 0 0.44744788125 0 0.45921541406250005
15 0.089748259375 0.34836954531250003 0.030959357812499998 0.301795559375 0.008435590625 0.4077615484375 0.0745431203125 0.4255404203125 0.08422272343750001 0.4275978828125 0.0952982875 0.404926021875 0.089748259375 0.34836954531250003
15 0.1733130046875 0.3309888203125 0.156117275 0.3592818984375 0.132146065625 0.38187505312500003 0.13130443281249998 0.4008650453125 0.11956006875 0.42605709375 0.121493565625 0.45309152499999994 0.1220604 0.45321200937499995 0.135276775 0.42726790625 0.18594141875 0.4444266375 0.21793822343749997 0.3915912328125 0.2248932796875 0.37390068906249996 0.2185262828125 0.35124858125 0.1733130046875 0.3309888203125
19 0.210633640625 0.39589575625 0.2034743421875 0.4220623921875 0.24672611562500002 0.4440350984375 0.25342759843749996 0.40499189218750004 0.2180465109375 0.39108178125 0.210633640625 0.39589575625
21 0 0.54743171875 0.0222503515625 0.5456788734375 0.024056946875 0.5822707734375 0.015851775000000002 0.635903490625 0.016971646875 0.6531805375 0.0250969859375 0.6626284328125001 0.030111904687500003 0.6636943875 0.048200815625 0.66407825625 0.0560468359375 0.6572264734375 0.08236336875 0.6010538140625 0.09762225937499999 0.58938805625 0.11904390312499999 0.608850503125 0.147853753125 0.608584596875 0.1548581390625 0.6207228046875 0.164894571875 0.6185963640625001 0.1613553796875 0.5901556921875 0.1748816734375 0.586641165625 0.1868549453125 0.5678874015625001 0.2101887625 0.555808146875 0.184541203125 0.48859018125000003 0.116402590625 0.4634574890625 0.0985201390625 0.4724357140625 0.09744959843749999 0.484987421875 0.0825745265625 0.46478661718750003 0 0.457617378125 0 0.54743171875