19 0 0.7 0.1046875 0.69375 0.125 0.7354166671875 0.140625 0.7375 0.1390625 0.6541666671875 0.1484375 0.6291666671875 0.146875 0.6020833328124999 0.125 0.5541666671875001 0.1859375 0.5458333328125 0.1921875 0.4916666671875 0.14375 0.46458333281249997 0.0125 0.45 0 0.45208333281249996 0 0.575 0.1015625 0.5708333328124999 0.1171875 0.5875 0.128125 0.61875 0.115625 0.6395833328125 0 0.64375 0 0.7
15 0 0.64375 0.1265625 0.6375 0.1265625 0.6020833328124999 0.103125 0.56875 0.096875 0.56875 0 0.5729166671875 0 0.64375
21 0.1390625 0.7541666671875 0.1578125 0.7520833328125 0.15625 0.6104166671875 0.2171875 0.6729166671875 0.215625 0.8666666671875 0.209375 0.9 0.2140625 0.9125 0.2359375 0.90625 0.23125 0.8875 0.2359375 0.8416666671874999 0.23125 0.7854166671875 0.2359375 0.6791666671875001 0.315625 0.6729166671875 0.3203125 0.6791666671875001 0.3171875 0.6979166671875 0.2828125 0.7145833328125 0.271875 0.7416666671875001 0.2421875 0.73125 0.271875 0.7520833328125 0.2875 0.775 0.2859375 0.8 0.2453125 0.8354166671875 0.24375 0.84375 0.290625 0.80625 0.29375 0.7791666671875 0.33125 0.7916666671875 0.3296875 0.7833333328125 0.2921875 0.7541666671875 0.284375 0.7291666671875 0.3171875 0.7041666671875 0.315625 0.7333333328125 0.33125 0.7354166671875 0.334375 0.6708333328125 0.4421875 0.6604166671875 0.446875 0.6625 0.4453125 0.69375 0.459375 0.6958333328124999 0.4640625 0.64375 0.49375 0.6354166671875 0.471875 0.6145833328125 0.3515625 0.55 0.3484375 0.5645833328125 0.35625 0.5770833328125 0.4078125 0.59375 0.415625 0.6 0.4140625 0.6104166671875 0.3453125 0.6208333328125 0.2671875 0.6 0.2640625 0.58125 0.253125 0.575 0.25625 0.5604166671875 0.2515625 0.5479166671875 0.21875 0.5458333328125 0.1234375 0.5541666671875001 0.1421875 0.5875 0.1390625 0.7541666671875
19 0.1734375 0.71875 0.15625 0.7166666671875 0.1546875 0.7375 0.1734375 0.7333333328125 0.1734375 0.71875
19 0.1796875 0.6354166671875 0.1546875 0.6041666671875 0.153125 0.7125 0.1734375 0.7145833328125 0.1796875 0.6354166671875
19 1 0.5854166671875001 0.76875 0.60625 0.7640625 0.5958333328125 0.815625 0.49791666718750005 0.815625 0.4875 0.775 0.46666666718750005 0.7203125 0.5854166671875001 0.7015625 0.5916666671875 0.671875 0.575 0.609375 0.5625 0.5234375 0.53125 0.5203125 0.5229166671875001 0.5703125 0.44375 0.571875 0.43125 0.4609375 0.43125 0.4203125 0.43333333281249997 0.415625 0.43958333281249995 0.4109375 0.5791666671875 0.4203125 0.5916666671875 0.4828125 0.625 0.4875 0.6354166671875 0.4609375 0.64375 0.4578125 0.69375 0.3484375 0.7083333328125 0.3328125 0.7270833328124999 0.328125 0.8958333328125001 0.3390625 0.9291666671875 0.340625 0.9729166671874999 0.3546875 1 0.9515625 1 1 0.9854166671875 1 0.5854166671875001
15 0.7140625 0.59375 0.78125 0.4458333328125 0.6703125 0.4291666671875 0.6265625 0.5125 0.609375 0.5604166671875 0.7140625 0.59375
19 0.7 0.4375 0.74375 0.43333333281249997 0.7125 0.39791666718749996 0.6515625 0.3854166671875 0.6234375 0.39791666718749996 0.615625 0.41875 0.7 0.4375
15 0.590625 0.5541666671875001 0.63125 0.49791666718750005 0.659375 0.4270833328125 0.5890625 0.41041666718750003 0.5421875 0.4791666671875 0.51875 0.5333333328125 0.590625 0.5541666671875001
15 1 0.4895833328125 0.9703125 0.49583333281249997 0.953125 0.48333333281249996 0.840625 0.46458333281249997 0.8140625 0.4916666671875 0.7921875 0.53125 0.765625 0.5916666671875 0.76875 0.6020833328124999 0.821875 0.60625 0.9765625 0.59375 1 0.5791666671875 1 0.4895833328125
9 0.4140625 0.6083333328125 0.4109375 0.59375 0.3515625 0.58125 0.3390625 0.48541666718750004 0.2484375 0.47083333281249995 0.2640625 0.6 0.3375 0.6208333328125 0.4140625 0.6083333328125
2 0.2515625 0.575 0.259375 0.575 0.2578125 0.55 0.25 0.5458333328125 0.24375 0.55 0.2453125 0.5625 0.2515625 0.575