21 1 0.7 0.9875 0.69375 0.9359375 0.6895833328125 0.925 0.7104166671875001 0.925 0.7354166671875 0.9125 0.7375 0.5890625 0.7145833328125 0.5671875 0.7083333328125 0.5625 0.6645833328124999 0.3546875 0.65 0.3546875 0.6375 0.340625 0.6333333328124999 0.3171875 0.65 0.1734375 0.80625 0.20625 0.81875 0.109375 0.9458333328125 0.09375 1 0.546875 1 0.5421875 0.9958333328125001 0.5421875 0.96875 0.4671875 0.9354166671874999 0.45625 0.9166666671874999 0.3171875 0.89375 0.3265625 0.875 0.4046875 0.7875 0.4203125 0.7854166671875 0.5078125 0.83125 0.5140625 0.8541666671874999 0.5515625 0.83125 0.5921875 0.83125 0.6484375 0.8541666671874999 0.640625 0.8791666671874999 0.65625 0.8958333328125001 0.6609375 0.9208333328125 0.61875 1 0.8421875 1 0.771875 0.925 0.771875 0.8916666671875 0.975 0.875 0.984375 0.8645833328125001 1 0.8041666671875 1 0.7
2 0.6234375 1 0.665625 0.91875 0.659375 0.9083333328125001 0.6625 0.8979166671875 0.64375 0.8833333328125 0.653125 0.8520833328125 0.5875 0.8270833328125 0.546875 0.8291666671875 0.525 0.8416666671874999 0.50625 0.8229166671874999 0.44375 0.7979166671875 0.409375 0.775 0.3578125 0.8375 0.3109375 0.8770833328125001 0.3046875 0.8979166671875 0.4796875 0.925 0.471875 0.9354166671874999 0.5078125 0.9458333328125 0.5390625 0.9666666671874999 0.5453125 0.975 0.546875 1 0.6234375 1
9 1 1 0.9984375 0.7916666671875 0.9921875 0.8354166671875 0.978125 0.86875 0.76875 0.8875 0.7640625 0.9208333328125 0.8359375 1 1 1
19 0.66875 0.5375 0.6328125 0.5125 0.6109375 0.5145833328125 0.59375 0.5625 0.59375 0.63125 0.6109375 0.6458333328125 0.6421875 0.59375 0.678125 0.5729166671875 0.75 0.5729166671875 0.7921875 0.6 0.815625 0.63125 0.8328125 0.6791666671875001 0.834375 0.7333333328125 0.903125 0.7354166671875 0.9140625 0.7291666671875 0.928125 0.6958333328124999 0.9609375 0.6645833328124999 0.965625 0.6166666671875001 0.946875 0.5458333328125 0.9296875 0.5375 0.8921875 0.54375 0.890625 0.43333333281249997 0.9015625 0.36875 0.6828125 0.35208333281250004 0.6765625 0.35625 0.68125 0.4125 0.66875 0.5375
5 0.6015625 0.6708333328125 0.6 0.7125 0.834375 0.7291666671875 0.834375 0.6666666671875 0.803125 0.60625 0.75625 0.5729166671875 0.6859375 0.5666666671875 0.6515625 0.5833333328125 0.625 0.6125 0.6015625 0.6708333328125
19 0.4375 0.4770833328125 0.4375 0.5375 0.4203125 0.54375 0.4078125 0.5354166671875 0.3890625 0.47291666718750003 0.365625 0.48125 0.3578125 0.5333333328125 0.3578125 0.6416666671875 0.3640625 0.65 0.5703125 0.6625 0.575 0.6291666671875 0.5703125 0.6229166671875 0.5703125 0.58125 0.5953125 0.5729166671875 0.6 0.5375 0.5 0.5333333328125 0.496875 0.5229166671875001 0.5109375 0.48541666718750004 0.5046875 0.4291666671875 0.41875 0.425 0.4140625 0.43125 0.43125 0.4479166671875 0.4375 0.4770833328125
15 0.396875 0.5125 0.40625 0.5375 0.434375 0.5416666671875 0.440625 0.49375 0.4328125 0.45 0.396875 0.4125 0.384375 0.44166666718750003 0.3828125 0.4625 0.396875 0.5125
15 0.9453125 0.5458333328125 0.9515625 0.5729166671875 0.965625 0.5854166671875001 0.984375 0.54375 0.984375 0.525 0.9953125 0.5145833328125 0.996875 0.4895833328125 0.9921875 0.47083333281249995 0.9609375 0.4604166671875 0.9375 0.4791666671875 0.9265625 0.5354166671875 0.9453125 0.5458333328125
15 0.509375 0.48541666718750004 0.4953125 0.53125 0.5953125 0.5395833328124999 0.5984375 0.5208333328125 0.590625 0.4916666671875 0.590625 0.44375 0.5953125 0.42083333281249996 0.5875 0.41875 0.553125 0.43541666718750005 0.5046875 0.42291666718750004 0.509375 0.48541666718750004
19 0.9421875 0.4791666671875 0.9578125 0.4625 0.89375 0.45416666718750004 0.8921875 0.5416666671875 0.925 0.5375 0.9421875 0.4791666671875
19 1 0.68125 0.9890625 0.6791666671875001 1 0.65 0.9984375 0.5041666671875 0.984375 0.525 0.971875 0.5645833328125 0.959375 0.5770833328125 0.971875 0.59375 0.971875 0.6375 0.965625 0.6583333328125 0.9484375 0.6791666671875001 0.95 0.6895833328125 1 0.6979166671875 1 0.68125
19 0.60625 0.53125 0.6140625 0.5145833328125 0.63125 0.5125 0.6625 0.5375 0.671875 0.5375 0.68125 0.44166666718750003 0.5953125 0.4375 0.5875 0.46875 0.596875 0.5354166671875 0.60625 0.53125