21 0.4546919390625 1 0.4578125 0.8169270828125 0.490625 0.67109375 0.490625 0.6356770843749999 0 0.60234375 0 1 0.40786458281250004 1 0.4140625 0.9690104171874999 0.4171614578125 1 0.4546919390625 1
5 0.8297237281250001 1 0.865625 0.741927084375 0.8421875 0.7127604171875 0.78125 0.70859375 0.7359375 0.63359375 0.740625 0.5815104171875001 0.734375 0.5731770843749999 0.6859375 0.57109375 0.6297216328124999 1 0.8297237281250001 1
5 0 0.578645834375 0.09375 0.5848958343749999 0.0953125 0.6078125 0.12226561093749999 0.609375 0.13127639375 0.609375 0.1390625 0.4557291671875 0.103125 0.45364583437499995 0.0984375 0.46197916718750004 0 0.4578125 0 0.503645834375 0.096875 0.5119791671875 0.096875 0.5515625 0 0.541145834375 0 0.578645834375
4 0 0.2169270828125 0.20378906406250002 0.2265625 0.2203232515625 0.2265625 0.2234375 0.0002604171875 0 0.0002604171875 0 0.2169270828125
4 0.60625 0.4604166671875 0.6109375 0.46875 0.759375 0.4791666671875 0.7953125 0.4791666671875 0.803125 0.47083333281249995 0.8296875 0.0416666671875 0.3890625 0.0208333328125 0.38125 0.0270833328125 0.38125 0.0375 0.4046875 0.06875 0.61875 0.0791666671875 0.60625 0.35625 0.60625 0.4604166671875
4 1 0.527604165625 0.81875 0.5088541656250001 0.40625 0.48385416562500005 0.4 0.6296875 0.4859375 0.6359375 0.490625 0.6421875 0.484375 0.6880208328124999 0.4546875 0.7984375 0.45625 0.8421875 0.6453125 0.8567708328125001 0.6828125 0.583854165625 0.6890625 0.5713541656250001 0.725 0.5713541656250001 0.7390625 0.5817708328125 0.7359375 0.6359375 0.778125 0.7067708328125 0.840625 0.7130208328125 0.8625 0.740104165625 0.8484375 0.8630208328125001 0.8515625 0.8755208328125 0.8664062609375 0.8765625 0.881640625 0.8765625 0.8859375 0.8651041656249999 0.8890625 0.8046875 0.871875 0.7588541656250001 0.875 0.7067708328125 1 0.7130208328125 1 0.527604165625
4 0.2015625 0.6166666671875001 0.2046875 0.48125 0.2140625 0.47083333281249995 0.1421875 0.46458333281249997 0.1375 0.47291666718750003 0.1328125 0.6104166671875 0.2015625 0.6166666671875001
4 0 0.6 0.09375 0.6041666671875 0.0921875 0.5833333328125 0.0140625 0.5770833328125 0 0.5791666671875 0 0.6
4 0 0.54140625 0.0804199265625 0.5484375 0.09526110156249999 0.5484375 0.09375 0.51015625 0.0203125 0.50390625 0.021875 0.52265625 0.015625 0.52265625 0.0125 0.50390625 0 0.50390625 0 0.54140625
4 1 0.92890625 0.934375 0.86640625 0.8875 0.80390625 0.8766352234375001 0.9984375 1 0.9984375 1 0.92890625
6 1 0.7127604171875 0.8765625 0.70234375 0.8734375 0.76484375 0.8921875 0.8106770828125001 0.934375 0.8690104171874999 0.9997265625 0.93125 1 0.93125 1 0.7127604171875
6 0 0.45625 0.1296875 0.45416666718750004 0.165625 0.46875 1 0.5125 0.9953125 0.5041666671875 0.946875 0.5 0.9375 0.48125 0.9140625 0.4770833328125 0.803125 0.47083333281249995 0.8 0.48333333281249996 0.7828125 0.48333333281249996 0.6296875 0.47291666718750003 0.5984375 0.4604166671875 0.44375 0.45208333281249996 0.4125 0.4625 0.2671875 0.45625 0.16875 0.4458333328125 0.2171875 0.43541666718750005 0.184375 0.4270833328125 0 0.41875 0 0.45625
20 0.2078125 0.4497395828125 0.38837891406249997 0.4609375 0.4113281234375 0.4609375 0.428125 0.4497395828125 0.421875 0.44348958281249995 0.25 0.43515625 0.2078125 0.4497395828125
10 1 0.35442708437500003 0.953125 0.35234375 0.94375 0.35859375 0.9359375 0.49401041718750005 0.9986653625 0.50625 1 0.50625 1 0.35442708437500003