11 0.7625 0.1 0.7609375 0.125 0.753125 0.1354166671875 0.7609375 0.15 0.7625 0.20833333281250002 0.7515625 0.2833333328125 0.7640625 0.30416666718749996 0.7953125 0.30625 0.8078125 0.3166666671875 0.8203125 0.3958333328125 0.8265625 0.40416666718750005 0.85 0.40416666718750005 0.890625 0.2541666671875 0.9125 0.2479166671875 0.9546875 0.2625 0.965625 0.275 0.9359375 0.3916666671875 0.9359375 0.41041666718750003 1 0.42083333281249996 0.996875 0.0270833328125 0.93125 0.05208333281250001 0.76875 0.0916666671875 0.7625 0.1
9 0.7171875 0.4375 0.840625 0.4583333328125 0.9171875 0.45416666718750004 0.9640625 0.26875 0.89375 0.24375 0.8421875 0.4291666671875 0.7203125 0.42291666718750004 0.7171875 0.4375
5 0.7109375 0.43333333281249997 0.721875 0.4270833328125 0.8203125 0.4270833328125 0.803125 0.3104166671875 0.6375 0.29375 0.6421875 0.40625 0.675 0.41041666718750003 0.7109375 0.43333333281249997
21 1 0.43125 0.9359375 0.42083333281249996 0.9234375 0.425 0.9203125 0.44375 0.909375 0.45416666718750004 0.83125 0.4583333328125 0.7015625 0.4479166671875 0.6609375 0.43333333281249997 0.6359375 0.45 0.565625 0.4479166671875 0.5421875 0.44375 0.521875 0.42291666718750004 0.0734375 0.4145833328125 0.0625 0.41875 0.071875 0.4583333328125 0.15 0.60625 0.178125 0.6416666671875 0.1484375 1 0.178125 1 0.2 0.85625 0.2140625 0.80625 0.2171875 0.7354166671875 0.2296875 0.6583333328125 0.3359375 0.6604166671875 0.3421875 0.6666666671875 0.3234375 1 0.4125 1 0.43125 0.7583333328124999 0.440625 0.7208333328125 0.4421875 0.65625 0.7140625 0.63125 0.9609375 0.6166666671875001 0.9953125 0.6208333328125 0.9875 0.64375 0.971875 0.8875 0.971875 0.9479166671874999 0.9875 0.9520833328125 0.9921875 0.9458333328125 1 0.8833333328125 1 0.43125
5 0.6171875 0.8625 0.6296875 0.8625 0.6921875 0.6854166671875 0.7078125 0.6458333328125 0.7140625 0.6479166671875001 0.740625 0.675 0.740625 0.6895833328125 0.7078125 0.9854166671875 0.7109375 0.9979166671874999 0.7203125 1 0.725 0.9875 0.753125 0.73125 0.759375 0.725 0.7828125 0.7520833328125 0.7859375 0.8541666671874999 0.79375 0.8583333328125 0.8 0.6875 0.8140625 0.68125 0.840625 0.68125 0.8453125 0.6875 0.909375 0.9645833328125001 0.9140625 0.9791666671874999 0.9265625 0.98125 0.8640625 0.6833333328125 0.9234375 0.6708333328125 0.93125 0.65625 0.890625 0.6208333328125 0.8578125 0.6208333328125 0.6953125 0.6333333328124999 0.6890625 0.6416666671875 0.6171875 0.8625
5 0.54375 1 0.46875 0.7166666671875 0.471875 0.7083333328125 0.4984375 0.7041666671875 0.540625 0.6791666671875001 0.5375 0.6645833328124999 0.5015625 0.6458333328125 0.4453125 0.6541666671875 0.4359375 0.7604166671875 0.4421875 0.7604166671875 0.446875 0.7479166671875 0.45625 0.7520833328125 0.4765625 0.8229166671874999 0.4796875 0.8583333328125 0.490625 0.8729166671874999 0.5203125 0.9895833328125001 0.525 1 0.54375 1
5 0.3296875 1 0.3484375 0.6625 0.2671875 0.65625 0.2546875 0.6770833328125 0.1984375 0.8666666671875 0.1875 0.9416666671874999 0.2 0.9229166671875 0.221875 0.85 0.240625 0.8125 0.28125 0.6791666671875001 0.3328125 0.7229166671875 0.321875 0.975 0.321875 1 0.3296875 1
5 0.390625 0.425 0.3828125 0.35208333281250004 0.36875 0.2875 0.359375 0.2708333328125 0.165625 0.24583333281250003 0.1625 0.2541666671875 0.1875 0.4166666671875 0.390625 0.425
2 0.6375 0.45416666718750004 0.65 0.4479166671875 0.6578125 0.43125 0.6828125 0.44375 0.7234375 0.4458333328125 0.7078125 0.43125 0.6828125 0.4291666671875 0.6734375 0.4166666671875 0.646875 0.40833333281249995 0.6046875 0.4125 0.5484375 0.4 0.5296875 0.43125 0.55625 0.45 0.6375 0.45416666718750004
3 0.3859375 0.3854166671875 0.390625 0.41875 0.4203125 0.42291666718750004 0.453125 0.4145833328125 0.4765625 0.42083333281249996 0.4828125 0.4145833328125 0.484375 0.36666666718749996 0.53125 0.36875 0.5484375 0.3958333328125 0.61875 0.4125 0.6421875 0.40208333281249997 0.6359375 0.2958333328125 0.75 0.30416666718749996 0.75 0.28958333281250004 0.740625 0.2770833328125 0.7421875 0.2104166671875 0.746875 0.1541666671875 0.759375 0.14375 0.759375 0.10625 0.665625 0.08125 0.390625 0.1854166671875 0.3859375 0.19583333281249998 0.3859375 0.3854166671875
2 0.48125 0.3625 0.4875 0.41875 0.5359375 0.42083333281249996 0.5359375 0.36666666718749996 0.48125 0.3625
3 0.9328125 0.6625 0.9109375 0.675 0.8703125 0.68125 0.8703125 0.71875 0.89375 0.8020833328125001 0.9734375 0.8375 0.98125 0.8208333328125 0.9921875 0.6166666671875001 0.93125 0.6166666671875001 0.896875 0.625 0.921875 0.64375 0.9328125 0.6625
19 0.2515625 0.65625 0.2296875 0.6520833328125 0.2 0.8604166671875 0.2515625 0.7020833328125 0.2515625 0.65625
19 0.18125 0.6354166671875 0.1609375 0.6166666671875001 0.121875 0.5416666671875 0.059375 0.5395833328124999 0.0484375 0.5208333328125 0.0015625 0.5145833328125 0 0.8958333328125001 0.1609375 0.8729166671874999 0.18125 0.6354166671875
14 0 0.5166666671875 0.0359375 0.5166666671875 0.06875 0.5395833328124999 0.10625 0.5395833328124999 0.10625 0.5145833328125 0.0953125 0.49375 0.0265625 0.48541666718750004 0.0203125 0.42291666718750004 0.0046875 0.3729166671875 0.00625 0.3583333328125 0.01875 0.3583333328125 0.021875 0.3291666671875 0.0140625 0.2958333328125 0 0.2854166671875 0 0.5166666671875