4 0 0 0 0.23541666718749998 0.0703125 0.2375 0.0703125 0.2 0.04375 0.1916666671875 0.04375 0.1583333328125 0.0703125 0.1541666671875 0.0703125 0 0 0
4 0.2109375 0.1041666671875 0.34375 0.1041666671875 0.3390625 0.4270833328125 0.34375 0.43333333281249997 0.4984375 0.4479166671875 0.5171875 0.44166666718750003 0.5296875 0.1 0.5125 0.06875 0.165625 0.0666666671875 0.159375 0.07083333281250001 0.1609375 0.08125 0.2109375 0.1041666671875
6 0 0.43333333281249997 0.475 0.46875 0.6203125 0.4895833328125 0.65625 0.50625 0.63125 0.55625 0.6328125 0.5833333328125 1 0.6229166671875 0.996875 0.5729166671875 0.9140625 0.5083333328124999 0.85 0.48541666718750004 0.8265625 0.48333333281249996 0.8359375 0.51875 0.83125 0.5270833328125 0.703125 0.51875 0.678125 0.5104166671875 0.6796875 0.48333333281249996 0.675 0.4791666671875 0.5953125 0.4625 0.58125 0.4479166671875 0.465625 0.4479166671875 0.25625 0.425 0.0578125 0.42083333281249996 0.034375 0.4145833328125 0.05 0.40625 0.04375 0.39791666718749996 0 0.39791666718749996 0 0.43333333281249997
4 0 0.6 0.015625 0.6020833328124999 0.0234375 0.5958333328125 0.0140625 0.5729166671875 0.0171875 0.44166666718750003 0 0.43333333281249997 0 0.6
4 0.63125 0.625 0.63125 0.55625 0.6609375 0.5083333328124999 0.659375 0.5 0.6421875 0.49375 0.5546875 0.4770833328125 0.159375 0.4458333328125 0.1578125 0.5708333328124999 0.1671875 0.575 0.63125 0.625
6 1 0.7208333328125 0.95 0.6604166671875 0.1421875 0.5729166671875 0.0015625 0.6104166671875 0 0.7041666671875 1 0.8479166671874999 1 0.7208333328125
4 1 0.6208333328125 0.6359375 0.5854166671875001 0.634375 0.6270833328125 0.95 0.6604166671875 1 0.7229166671875 1 0.6208333328125
4 1 0.84375 0 0.7041666671875 0 1 1 1 1 0.84375
13 0.1609375 0.475 0.1546875 0.4479166671875 0.0125 0.4375 0.0125 0.6020833328124999 0.159375 0.56875 0.1609375 0.475
20 0.2265625 0.42291666718750004 0.125 0.41041666718750003 0.0296875 0.41041666718750003 0.025 0.4166666671875 0.1453125 0.4291666671875 0.2265625 0.42291666718750004
10 0.69375 0.4625 0.6921875 0.40208333281249997 0.6546875 0.39791666718749996 0.6515625 0.3791666671875 0.6640625 0.36666666718749996 0.6625 0.3729166671875 0.671875 0.3770833328125 0.7171875 0.38333333281250004 0.7125 0.3583333328125 0.6859375 0.3375 0.5953125 0.3375 0.590625 0.4625 0.6828125 0.47291666718750003 0.69375 0.4625
10 0.728125 0.39791666718749996 0.6921875 0.4 0.69375 0.46458333281249997 0.765625 0.47083333281249995 0.76875 0.375 0.759375 0.3625 0.746875 0.41875 0.73125 0.4125 0.728125 0.39791666718749996