11 0.4484375 0.3958333328125 0.4515625 0.41875 0.5234375 0.425 0.540625 0.4125 0.5828125 0.4145833328125 0.5953125 0.43333333281249997 0.6203125 0.4375 0.6390625 0.4166666671875 0.653125 0.25 0.6484375 0.24375 0.5796875 0.24375 0.465625 0.2479166671875 0.4578125 0.2541666671875 0.4484375 0.3958333328125
14 0.0765625 0.1291666671875 0.0578125 0.1625 0.0390625 0.2375 0.040625 0.4916666671875 0.05625 0.5604166671875 0.059375 0.6229166671875 0.05625 0.9 0.065625 0.9354166671874999 0.0765625 0.94375 0.1234375 0.9375 0.140625 0.9229166671875 0.153125 0.9229166671875 0.1640625 0.9 0.140625 0.8875 0.1234375 0.8625 0.1296875 0.7291666671875 0.140625 0.6791666671875001 0.13125 0.6020833328124999 0.134375 0.5291666671875 0.15 0.5041666671875 0.165625 0.49583333281249997 0.153125 0.2979166671875 0.121875 0.1833333328125 0.1265625 0.16875 0.140625 0.1625 0.14375 0.11875 0.1390625 0.08333333281250001 0.125 0.05 0.103125 0.0354166671875 0.08125 0.0354166671875 0.0609375 0.05208333281250001 0.0625 0.1125 0.0765625 0.1291666671875
19 0.1640625 0.4875 0.1609375 0.50625 0.2078125 0.55625 0.2234375 0.58125 0.2296875 0.6229166671875 0.2421875 0.625 0.265625 0.58125 0.23125 0.5645833328125 0.228125 0.54375 0.265625 0.53125 0.275 0.51875 0.2828125 0.38125 0.290625 0.3416666671875 0.246875 0.3291666671875 0.175 0.3270833328125 0.1578125 0.3375 0.1546875 0.40625 0.1640625 0.4875
5 0.73125 0.5083333328124999 0.765625 0.51875 0.7484375 0.575 0.71875 0.6125 0.715625 0.63125 0.703125 0.6270833328125 0.7078125 0.5729166671875 0.7046875 0.5166666671875 0.675 0.5104166671875 0.6375 0.5375 0.621875 0.5708333328124999 0.615625 0.6291666671875 0.625 0.6708333328125 0.5765625 0.6666666671875 0.50625 0.6895833328125 0.5046875 0.7 0.5515625 0.7229166671875 0.6203125 0.7333333328125 0.6625 0.7145833328125 0.6921875 0.675 0.7515625 0.6791666671875001 0.8046875 0.66875 0.8046875 0.6625 0.7921875 0.6625 0.80625 0.64375 0.81875 0.49791666718750005 0.7984375 0.4916666671875 0.775 0.4604166671875 0.746875 0.4583333328125 0.7234375 0.47291666718750003 0.7328125 0.48541666718750004 0.73125 0.5083333328124999
21 0.225 0.55625 0.23125 0.5625 0.3140625 0.5854166671875001 0.36875 0.7416666671875001 0.3609375 0.75625 0.3421875 0.7666666671875 0.2890625 0.8666666671875 0.290625 0.8770833328125001 0.3109375 0.8895833328125 0.3265625 0.8875 0.3671875 0.8125 0.3859375 0.79375 0.4390625 0.95 0.471875 0.9708333328125001 0.4859375 0.96875 0.41875 0.775 0.4125 0.7479166671875 0.415625 0.7333333328125 0.48125 0.6166666671875001 0.5125 0.6020833328124999 0.61875 0.58125 0.634375 0.54375 0.6609375 0.51875 0.6390625 0.5125 0.634375 0.5354166671875 0.6046875 0.55625 0.51875 0.5416666671875 0.515625 0.53125 0.5546875 0.5166666671875 0.5515625 0.5 0.5390625 0.5 0.2578125 0.5291666671875 0.2265625 0.5416666671875 0.225 0.55625
5 0.521875 0.6291666671875 0.553125 0.6291666671875 0.5703125 0.6166666671875001 0.5640625 0.5958333328125 0.5453125 0.59375 0.50625 0.6020833328124999 0.5 0.6145833328125 0.521875 0.6291666671875
2 0.396875 0.5395833328124999 0.3953125 0.5520833328125 0.46875 0.55 0.509375 0.5395833328124999 0.4921875 0.5270833328125 0.4609375 0.525 0.4484375 0.5333333328125 0.409375 0.5270833328125 0.396875 0.5395833328124999
5 0.4984375 0.5020833328125 0.4953125 0.4770833328125 0.484375 0.4604166671875 0.453125 0.4458333328125 0.4375 0.45416666718750004 0.4265625 0.5104166671875 0.4984375 0.5020833328125
5 0.2765625 0.5270833328125 0.371875 0.5145833328125 0.3640625 0.48333333281249996 0.3453125 0.4583333328125 0.309375 0.45208333281249996 0.2859375 0.46875 0.275 0.5083333328124999 0.2765625 0.5270833328125
5 0.1390625 0.69375 0.159375 0.74375 0.2234375 0.78125 0.2546875 0.78125 0.3109375 0.775 0.371875 0.74375 0.278125 0.7020833328125 0.2265625 0.7020833328125 0.2359375 0.6541666671875 0.2359375 0.6145833328125 0.221875 0.5666666671875 0.1890625 0.525 0.159375 0.5104166671875 0.140625 0.5104166671875 0.1296875 0.5291666671875 0.1265625 0.6125 0.1390625 0.69375
21 0.75625 0.80625 0.7484375 0.7895833328124999 0.740625 0.7916666671875 0.7375 0.75 0.709375 0.68125 0.6890625 0.6729166671875 0.6796875 0.7 0.7203125 0.7958333328125 0.75625 0.80625
21 0.7078125 0.5666666671875 0.7015625 0.63125 0.7125 0.63125 0.7515625 0.5729166671875 0.7703125 0.51875 0.73125 0.5104166671875 0.7265625 0.51875 0.7046875 0.51875 0.7078125 0.5666666671875
9 0.5484375 0.5208333328125 0.5078125 0.5395833328124999 0.5171875 0.5479166671875 0.565625 0.55625 0.628125 0.55625 0.64375 0.5333333328125 0.6453125 0.4895833328125 0.65625 0.46875 0.659375 0.42083333281249996 0.6515625 0.4166666671875 0.6234375 0.425 0.5984375 0.525 0.5484375 0.5208333328125