9 0.178125 0.80625 0.178125 0.8979166671875 0.1859375 0.9125 0.546875 0.93125 0.5765625 0.925 0.6 0.5916666671875 0.5953125 0.5541666671875001 0.546875 0.5395833328124999 0.178125 0.51875 0.1640625 0.5291666671875 0.1625 0.5458333328125 0.178125 0.80625
21 1 1 0.9984375 0.7583333328124999 0.7078125 0.7125 0.6984375 0.7645833328125 0.6984375 0.825 0.671875 0.8291666671875 0.65625 0.8208333328125 0.6640625 0.7666666671875 0.6609375 0.7083333328125 0.590625 0.69375 0.571875 0.9291666671875 0.1859375 0.9083333328125001 0.1796875 0.9 0.1765625 0.7895833328124999 0.16875 0.78125 0.009375 0.83125 0 0.8375 0 0.8666666671875 0.059375 0.8958333328125001 0.1265625 0.94375 0.2 0.9604166671875 0.153125 0.9666666671874999 0.1765625 1 1 1
2 0 0.825 0.009375 0.83125 0.040625 0.8270833328125 0.171875 0.78125 0.16875 0.73125 0.1625 0.7208333328125 0.1296875 0.7020833328125 0.1015625 0.70625 0.0515625 0.6666666671875 0.0359375 0.6666666671875 0 0.6833333328125 0 0.825
5 0.6515625 0.6708333328125 0.6359375 0.61875 0.609375 0.5770833328125 0.59375 0.5708333328124999 0.5890625 0.6895833328125 0.6515625 0.7 0.6515625 0.6708333328125
5 0.1703125 1 0.09375 0.9208333328125 0 0.8666666671875 0 1 0.1703125 1
5 1 0.6125 0.959375 0.59375 0.9046875 0.5895833328125 0.859375 0.6020833328124999 0.8265625 0.6333333328124999 0.80625 0.6708333328125 0.803125 0.725 1 0.7604166671875 1 0.6125
19 0.6640625 0.4916666671875 0.6921875 0.50625 0.7109375 0.5041666671875 0.725 0.4916666671875 0.7375 0.5020833328125 0.775 0.5083333328124999 0.775 0.5583333328125 0.759375 0.58125 0.7578125 0.6083333328125 0.73125 0.625 0.7171875 0.675 0.7171875 0.7083333328125 0.7609375 0.7229166671875 0.8 0.725 0.81875 0.6541666671875 0.8453125 0.6145833328125 0.8734375 0.5895833328125 0.875 0.54375 0.8671875 0.4770833328125 0.871875 0.3729166671875 0.8671875 0.3645833328125 0.8484375 0.3604166671875 0.6671875 0.35 0.6515625 0.3645833328125 0.6625 0.40208333281249997 0.6640625 0.4916666671875
19 0.54375 0.5375 0.5328125 0.48333333281249996 0.515625 0.4770833328125 0.5015625 0.48333333281249996 0.5015625 0.5375 0.54375 0.5375
15 0.5453125 0.5375 0.5765625 0.5416666671875 0.5875 0.5145833328125 0.58125 0.46458333281249997 0.55625 0.42083333281249996 0.546875 0.42083333281249996 0.5296875 0.44375 0.525 0.46666666718750005 0.5453125 0.5375
15 1 0.4875 0.9125 0.43958333281249995 0.90625 0.5104166671875 0.878125 0.5479166671875 0.878125 0.5583333328125 0.8859375 0.56875 0.9140625 0.5645833328125 0.93125 0.5708333328124999 0.96875 0.5520833328125 1 0.5583333328125 1 0.4875
19 0.90625 0.5125 0.9078125 0.4625 0.8703125 0.45625 0.8703125 0.5229166671875001 0.8828125 0.5416666671875 0.90625 0.5125
19 0.584375 0.49791666718750005 0.5796875 0.5375 0.590625 0.5395833328124999 0.6015625 0.5583333328125 0.603125 0.53125 0.621875 0.4875 0.6453125 0.5020833328125 0.6578125 0.4916666671875 0.65625 0.43958333281249995 0.56875 0.43333333281249997 0.565625 0.43958333281249995 0.578125 0.4625 0.584375 0.49791666718750005