3 0.2484375 0 0.2453125 0.15 0 0.11041666718750001 0 0.1458333328125 0.09375 0.1583333328125 0.10625 0.175 0.1703125 0.1833333328125 0.1703125 0.3895833328125 0.1671875 0.3958333328125 0.121875 0.3958333328125 0.103125 0.40416666718750005 0 0.4 0 0.6354166671875 0.0453125 0.6333333328124999 0.0453125 0.42083333281249996 0.19375 0.42083333281249996 0.23125 0.4166666671875 0.2421875 0.40833333281249995 0.246875 0.1770833328125 0.3671875 0.17916666718750002 0.371875 0.0208333328125 0.3796875 0.00625 0.4015625 0.014583332812499999 0.3984375 0.17916666718750002 0.4640625 0.19583333281249998 0.3734375 0.1895833328125 0.3125 0.2 0.3078125 0.39791666718749996 0.3734375 0.41041666718750003 0.3875 0.40625 0.39375 0.22291666718749997 0.3984375 0.2166666671875 0.471875 0.22916666718749998 0.4671875 0.40416666718750005 0.4734375 0.40833333281249995 0.4984375 0.40833333281249995 0.4953125 0.2666666671875 0.509375 0.2604166671875 0.5609375 0.26875 0.56875 0.2770833328125 0.571875 0.30416666718749996 0.5890625 0.3479166671875 0.5921875 0.40625 0.5015625 0.41875 0.571875 0.4291666671875 0.5734375 0.48333333281249996 0.6265625 0.4895833328125 0.6359375 0.49791666718750005 0.63125 0.59375 0.6546875 0.6020833328124999 0.659375 0.5875 0.678125 0.5833333328125 0.6859375 0.43333333281249997 0.728125 0.425 0.721875 0.4145833328125 0.684375 0.40833333281249995 0.6890625 0.25833333281250004 0.696875 0.2479166671875 0.7390625 0.24375 0.7328125 0.23333333281250002 0.70625 0.2270833328125 0.7125 0.08541666718749999 0.715625 0.07083333281250001 0.7484375 0.05625 0.7375 0.0458333328125 0.5890625 0 0.2484375 0
2 0.1046875 0 0.0890625 0.125 0.1859375 0.1395833328125 0.2078125 0 0.1046875 0
2 0 0.4 0.1109375 0.40208333281249997 0.115625 0.325 0.0796875 0.32083333281250004 0.0765625 0.175 0 0.1625 0 0.4
3 0 0.7 0.0890625 0.6875 0.0921875 0.75625 0.115625 0.7625 0.1328125 0.7854166671875 0.1359375 0.9083333328125001 0.171875 0.9083333328125001 0.4046875 0.8479166671874999 0.409375 0.84375 0.40625 0.8354166671875 0.384375 0.8208333328125 0.384375 0.7916666671875 0.421875 0.7770833328125 0.425 0.7583333328124999 0.428125 0.6479166671875001 0.40625 0.6375 0.4140625 0.425 0.5703125 0.4291666671875 0.571875 0.48333333281249996 0.6328125 0.49583333281249997 0.6296875 0.59375 0.653125 0.6020833328124999 0.65625 0.5875 0.678125 0.5791666671875 0.684375 0.4291666671875 0.725 0.425 0.6921875 0.4145833328125 0.453125 0.40625 0.3921875 0.40833333281249995 0.3328125 0.42083333281249996 0.325 0.5979166671875 0.2984375 0.6041666671875 0.2671875 0.6041666671875 0.2640625 0.5979166671875 0.2671875 0.425 0.2578125 0.41875 0.1953125 0.41875 0.190625 0.6125 0.0515625 0.6270833328125 0.040625 0.6520833328125 0 0.65625 0 0.7
2 0.1296875 0.9104166671874999 0.1375 0.9020833328125001 0.134375 0.78125 0.115625 0.7583333328124999 0.1 0.7541666671875 0 0.775 0.0015625 0.9291666671875 0.1296875 0.9104166671874999
2 0.3796875 0.7916666671875 0.38125 0.825 0.4140625 0.8458333328125001 0.43360463125 0.8422065 0.4648543125 0.8317952796875 0.4859375 0.8208333328125 0.521875 0.8083333328125001 0.525 0.7270833328124999 0.4859375 0.70625 0.4625 0.70625 0.440625 0.7145833328125 0.4375 0.7708333328125 0.3796875 0.7916666671875
16 0.40625 0.6208333328125 0.4140625 0.6333333328124999 0.43125 0.6333333328124999 0.596875 0.61875 0.6203125 0.6104166671875 0.615625 0.6041666671875 0.5703125 0.6 0.5390625 0.5770833328125 0.5 0.5770833328125 0.415625 0.5875 0.40625 0.6020833328124999 0.40625 0.6208333328125
2 0.6265625 0.5979166671875 0.6328125 0.56875 0.634375 0.49375 0.6078125 0.48541666718750004 0.553125 0.48541666718750004 0.55 0.5895833328125 0.584375 0.6020833328124999 0.6265625 0.5979166671875
2 0.4984375 0.41041666718750003 0.5703125 0.41041666718750003 0.565625 0.2708333328125 0.4984375 0.2604166671875 0.490625 0.2666666671875 0.490625 0.28125 0.4984375 0.41041666718750003
3 0.5375 0.7437506 0.5390625 0.6270839328125 0.534375 0.6250006 0.45625 0.6354172671875 0.453125 0.7104172671875 0.4875 0.7041672671875 0.525 0.7270839328125 0.5234375 0.8062506 0.528125 0.8104172671875001 0.6671875 0.7750006 0.7078125 0.7750006 0.709375 0.7645839328124999 0.6890625 0.7562506 0.6921875 0.6083339328124999 0.678125 0.6062506 0.6046875 0.6187506 0.5984375 0.7333339328124999 0.5375 0.7437506
16 0.703125 0.60625 0.7203125 0.5979166671875 0.709375 0.5895833328125 0.665625 0.5833333328125 0.653125 0.5916666671875 0.6546875 0.60625 0.703125 0.60625