21 1 0.47291666718750003 0.9921875 0.47083333281249995 0.6890625 0.4270833328125 0.490625 0.42083333281249996 0.4765625 0.43125 0.31875 0.43333333281249997 0.2484375 0.42291666718750004 0.2265625 0.40833333281249995 0.1609375 0.4125 0.0953125 0.39791666718749996 0.0484375 0.4 0 0.3895833328125 0 0.5625 1 0.5645833328125 1 0.47291666718750003
5 0 0.3770833328125 0.021875 0.3645833328125 0.05625 0.3770833328125 0.0734375 0.375 0.075 0.3375 0.065625 0.25625 0 0.25 0 0.3770833328125
3 0.3828125 0.20416666718749998 0.4140625 0.2166666671875 0.5015625 0.22916666718749998 0.503125 0.2854166671875 0.5609375 0.2958333328125 0.5640625 0.41875 0.5765625 0.425 0.621875 0.42083333281249996 0.6265625 0.40833333281249995 0.6375 0.0875 0.5421875 0.07083333281250001 0.4046875 0.1708333328125 0.3875 0.1875 0.3828125 0.20416666718749998
5 0.48125 0.41875 0.5203125 0.425 0.5671875 0.42083333281249996 0.5640625 0.29375 0.5578125 0.2875 0.50625 0.2854166671875 0.4984375 0.2958333328125 0.4875 0.35208333281250004 0.48125 0.41875
5 0 0.8520833328125 0.0171875 0.8395833328125001 0.021875 0.8166666671874999 0.0390625 0.7895833328124999 0.0421875 0.8145833328125001 0.078125 0.8458333328125001 0.11875 0.9979166671874999 0.140625 1 0.06875 0.6958333328124999 0.0734375 0.68125 0.11875 0.6666666671875 0.1265625 0.6583333328125 0.1265625 0.6416666671875 0.09375 0.56875 0.0734375 0.5625 0 0.5645833328125 0 0.8520833328125
5 1 0.9229166671875 0.8796875 0.8895833328125 0.846875 0.8916666671875 0.609375 0.9729166671874999 0.5921875 0.9729166671874999 0.5640625 0.8583333328125 0.5515625 0.7416666671875001 0.540625 0.69375 0.54375 0.68125 0.584375 0.6708333328125 0.59375 0.65625 0.5703125 0.56875 0.3921875 0.5645833328125 0.3609375 0.5729166671875 0.35625 0.6520833328125 0.3671875 0.6645833328124999 0.390625 0.6729166671875 0.39375 0.6854166671875 0.3578125 0.84375 0.35625 0.8895833328125 0.3359375 1 0.35 1 0.3578125 0.98125 0.41875 0.68125 0.4671875 0.675 0.50625 0.6770833328125 0.5171875 0.6895833328125 0.5328125 0.81875 0.540625 0.8583333328125 0.553125 0.88125 0.56875 0.9729166671874999 0.565625 0.9833333328125 0.534375 1 1 1 1 0.9229166671875
11 0.7671875 0 0.6984375 0.0479166671875 0.64375 0.07291666718749999 0.6375 0.08333333281250001 0.6265625 0.40208333281249997 0.63125 0.41041666718750003 0.7078125 0.41875 0.7171875 0.43333333281249997 0.7875 0.43333333281249997 0.828125 0.44375 0.8359375 0.44166666718750003 0.834375 0.43125 0.8640625 0.42291666718750004 0.8703125 0.3854166671875 0.8859375 0 0.7671875 0
9 0.24375 0.40208333281249997 0.24375 0.41875 0.3203125 0.43333333281249997 0.4796875 0.43333333281249997 0.509375 0.22916666718749998 0.340625 0.2 0.3328125 0.20833333281250002 0.3109375 0.40208333281249997 0.24375 0.40208333281249997
2 0 0.4166666671875 0.115625 0.4125 0.1609375 0.42291666718750004 0.1796875 0.4125 0.1640625 0.39375 0.171875 0.38333333281250004 0.1421875 0.36666666718749996 0.1234375 0.3770833328125 0.0859375 0.38125 0.021875 0.3625 0 0.3770833328125 0 0.4166666671875
3 0.5625 0.6854166671875 0.578125 0.6958333328124999 0.5828125 0.7229166671875 0.659375 0.7916666671875 0.665625 0.7791666671875 0.6609375 0.7375 0.6640625 0.60625 0.671875 0.5708333328124999 0.5796875 0.5645833328125 0.565625 0.5729166671875 0.5859375 0.6583333328125 0.5625 0.6854166671875
3 0.6890625 0.8229166671874999 0.696875 0.8354166671875 0.753125 0.8791666671874999 0.9390625 0.8583333328125 0.9265625 0.5708333328124999 0.6953125 0.5666666671875 0.6890625 0.5708333328124999 0.69375 0.6229166671875 0.6890625 0.8229166671874999