11 0.6112131656249999 0.233658290625 0.4399008140625 0.24889496718749998 0.43802806250000004 0.42214708281249996 0.516482128125 0.4263802484375 0.5413552578124999 0.43524689062500005 0.6481206921875 0.4296515515625 0.6549857015625 0.352363428125 0.655339340625 0.23969050625000002 0.6486617734375 0.23169569218750002 0.6112131656249999 0.233658290625
14 0.36612816875 1 0.36802658906249996 0.99717164375 0.3640336046875 0.98069136875 0.343312809375 0.9734325296874999 0.33598104218749997 0.9529548484375001 0.308473646875 0.9356207171875001 0.3117078765625 0.5495056265625 0.3284356890625 0.540284190625 0.33090220625 0.527637771875 0.3228411 0.463388271875 0.3205101546875 0.3592008125 0.2994888 0.22678618281250001 0.2688945796875 0.1804071328125 0.2685674796875 0.174165696875 0.2838439671875 0.1671065140625 0.2906983546875 0.118764865625 0.272293796875 0.0362817125 0.239778225 0.012951471875 0.2163728453125 0.014178096875 0.20566840156250002 0.018911478125 0.19137321406250002 0.044694965625 0.1916664203125 0.08014486875 0.205532828125 0.13574535625 0.17959314375 0.2080353390625 0.17096033125 0.25229780625 0.1823410359375 0.5291649546875 0.19678650312499998 0.5659593640625 0.21069415781249998 0.6820572687500001 0.22215000156250003 0.990213365625 0.2323384484375 1 0.36612816875 1
5 0.351521321875 0.62252201875 0.35722494375 0.7014984156249999 0.400561346875 0.811881640625 0.4233876671875 0.8294610953125 0.5043561328124999 0.8518166703125001 0.510727590625 0.85148275625 0.56334991875 0.8429879078125 0.6105216718750001 0.817567625 0.62068095 0.8024318515625 0.6182483249999999 0.785869803125 0.51976155625 0.757652196875 0.5307518531250001 0.6986628328125 0.5208032890625 0.6282536750000001 0.4888667765625 0.58611735625 0.440311484375 0.5552829515625 0.470864459375 0.5411645843749999 0.467777634375 0.512119665625 0.4572161171875 0.4897250546875 0.43595015468750004 0.47206382500000005 0.417144071875 0.47148476562499997 0.41051255312499996 0.47183230781249996 0.3934594796875 0.4972387828125 0.38983484218750003 0.547497359375 0.3630567859375 0.573935046875 0.351521321875 0.62252201875
21 0.7429193828125 0.6270440234375 0.7630611187499999 0.6531089421875 0.805987928125 0.6362558953125 0.8855927593749999 0.5131710171874999 0.8428088765625 0.502896071875 0.8011153265625 0.5134259078125 0.79218930625 0.5222384703125 0.7848987859375 0.5622582046875 0.7364186359375 0.56271275 0.7259322578125 0.5716070875 0.705429528125 0.56850920625 0.6373189140625 0.5825096921874999 0.5930837062500001 0.5743970015625 0.595441190625 0.559670103125 0.608939253125 0.5485317390625 0.68038865 0.53852865625 0.6814377359375 0.49883602031249996 0.6563629640624999 0.4980639421875 0.437081734375 0.5533660234375 0.47906849218750003 0.5782860921874999 0.5142347546875 0.6223393390624999 0.527555996875 0.667537434375 0.5261459171875 0.73019710625 0.54538149375 0.7688266671874999 0.607107746875 0.7822812703124999 0.7011168 0.63549338125 0.7429193828125 0.6270440234375
5 0.52281233125 0.45760215625 0.5161008703125 0.47881581406249996 0.515820515625 0.5320284125 0.5207016328125 0.5317726031250001 0.574454446875 0.517481478125 0.5695891984375 0.484357378125 0.5543466046875001 0.4622080921875 0.52281233125 0.45760215625
5 0.9156289031249999 0.66832209375 0.9390681750000001 0.6378870015625 0.9553525015625001 0.5306377640625 0.9564015875 0.4909451265625 0.9450429437500001 0.48319563906249996 0.9177948609375 0.5305198828125001 0.911955665625 0.568377365625 0.9209980718749999 0.65135116875 0.8955962 0.6443376546875 0.9047668249999999 0.5207716921875 0.9011009421875 0.5105328499999999 0.8885090390625001 0.5091065718750001 0.8577041062499999 0.548272453125 0.8089042078125 0.6321914515625 0.78023869375 0.652469478125 0.7884766187500001 0.660382515625 0.78735239375 0.668786203125 0.776866015625 0.6776805421875001 0.7332850078125001 0.6820507171875 0.6912304640625 0.7155475890624999 0.770992928125 0.7447464921875 0.8026813578124999 0.7485620265625 0.8141890046875 0.7479589375 0.8444388171874999 0.74298355 0.866753865625 0.72095214375 0.8896479718749999 0.680114659375 0.9156289031249999 0.66832209375
19 0.20724634062499997 0.6759793828125 0.20009139375 0.5991652390625 0.1862249859375 0.5435647515625 0.1438772359375 0.5416117203125 0.11905442343749999 0.5157921265625001 0.0516657953125 0.4838585453125 0.029711740625 0.482922915625 0.006163434375 0.51127753125 0.0125890421875 0.5443198578125 0.028083595312499997 0.5414216296875 0.053703532812499996 0.5525960999999999 0.075405628125 0.5785792421875 0.11895274375 0.6034175359375 0.172373284375 0.667376040625 0.1966509296875 0.6827932421875 0.20724634062499997 0.6759793828125
2 0.718723153125 0.5534699437499999 0.652206790625 0.5381801859374999 0.6371483703124999 0.5494003281250001 0.60572313125 0.54687486875 0.5894314515625 0.5644182203125 0.590194684375 0.5789815671875 0.6302813109375001 0.587050903125 0.6317506515625 0.5869738984375 0.6419045859375 0.58044395 0.66084695625 0.5836236078125 0.711575559375 0.5663616874999999 0.718723153125 0.5534699437499999
15 0.1313255015625 0.42153114374999995 0.095110153125 0.41717053281250005 0.080487865625 0.4367125859375 0.073960578125 0.49129566875 0.0905454640625 0.5092022234375 0.12174305625 0.51982360625 0.12266627031249999 0.5197752234374999 0.13278418125 0.509074778125 0.1421802265625 0.47937565937500004 0.144571603125 0.43544029218749997 0.1313255015625 0.42153114374999995
9 0.6884221390625 0.5425407984375 0.7312060218750001 0.55281574375 0.7764564234375 0.5504442703125 0.7658610125 0.5572581296875 0.7850823171875 0.5601623953125 0.786418378125 0.560092375 0.812589278125 0.433810046875 0.8118260453125 0.41924669999999997 0.8039152187499999 0.41757509531250003 0.7799381328125 0.5273136875 0.6969120249999999 0.5254063234374999 0.6884221390625 0.5425407984375
21 0.622268565625 0.8028701968749999 0.5831166734375001 0.8320425625000001 0.5840979734375 0.850766865625 0.6446261515625 0.9696369734375001 0.6976278890625001 0.9668592703125001 0.6550434515625 0.8908588109375 0.644154834375 0.8622227656250001 0.638962484375 0.8228572296875001 0.622268565625 0.8028701968749999
19 0.14521217343749998 0.4476631015625 0.1381736140625 0.4626353234375 0.1365793609375 0.49192556875 0.123953565625 0.5197077578125 0.142425909375 0.543773971875 0.17073043125 0.54646298125 0.179649096875 0.44794453125 0.15602565156249998 0.4450101984375 0.14521217343749998 0.4476631015625
19 0 0.510557446875 0.0025005890625 0.510426396875 0.0137335328125 0.5064476390625 0.0220053515625 0.485152209375 0.0803928203125 0.49460940468750003 0.086232015625 0.45675192343750004 0.07958834218750001 0.41954864062499997 0 0.41955817968750003 0 0.510557446875