6 1 0.7041666671875 0.7265625 0.6833333328125 0.71875 0.6979166671875 0.7140625 0.74375 0.7203125 0.8 0.7484375 0.8583333328125 0.809375 0.9375 0.834375 0.9625 1 0.975 1 0.7041666671875
6 0 0.44375 0.0234375 0.4583333328125 0.759375 0.5020833328125 0.909375 0.51875 1 0.5375 0.9984375 0.5104166671875 0.86875 0.49375 0.8484375 0.4770833328125 0.6 0.46875 0.5484375 0.46458333281249997 0.5421875 0.45416666718750004 0.39375 0.4458333328125 0.365625 0.4458333328125 0.3390625 0.45625 0.1578125 0.4479166671875 0.1484375 0.44375 0.1828125 0.43125 0 0.41875 0 0.44375
13 0.3296875 0.65 0.2984375 0.6895833328125 0.296875 0.7416666671875001 0.328125 0.7458333328125 0.3359375 0.48333333281249996 0.1375 0.47291666718750003 0.1375 0.6041666671875 0.328125 0.61875 0.3296875 0.65
20 0.3671875 0.44375 0.1859375 0.43125 0.1453125 0.4458333328125 0.3421875 0.45625 0.3671875 0.44375
4 0.1375 0.46666666718750005 0.0109375 0.45625 0.00625 0.5958333328125 0.1375 0.6020833328124999 0.1375 0.46666666718750005
4 1 0.5354166671875 0.7796875 0.5041666671875 0.3375 0.4791666671875 0.328125 0.73125 0.325 0.7458333328125 0.2984375 0.7479166671875 0.29375 0.80625 0.3 0.8270833328125 0.3515625 0.8291666671875 0.35625 0.8229166671874999 0.3703125 0.68125 0.3828125 0.6604166671875 0.4109375 0.6625 0.421875 0.6541666671875 0.4390625 0.6166666671875001 0.4453125 0.5604166671875 0.4546875 0.5458333328125 0.4953125 0.55 0.465625 0.8375 0.7375 0.85625 0.7390625 0.8354166671875 0.7171875 0.7791666671875 0.7171875 0.7208333328125 0.7265625 0.6854166671875 1 0.70625 1 0.5354166671875
4 0.34375 0.06875 0.55 0.08125 0.5390625 0.3895833328125 0.54375 0.46666666718750005 0.728125 0.47291666718750003 0.7515625 0.0395833328125 0.3234375 0.0229166671875 0.3171875 0.0270833328125 0.3171875 0.0395833328125 0.34375 0.06875
4 0 0 0 0.21458333281250003 0.159375 0.22291666718749997 0.1625 0 0 0
4 1 0.9729166671874999 0.8375 0.9625 0.79375 0.9166666671874999 0.7375 0.8395833328125001 0.728125 1 1 1 1 0.9729166671874999
10 1 0.3541666671875 0.865625 0.35 0.859375 0.4916666671875 1 0.5125 1 0.3541666671875
21 0.29375 1 0.2984375 0.7166666671875 0.3078125 0.7125 0.309375 0.6770833328125 0.33125 0.6479166671875001 0.33125 0.6208333328125 0 0.59375 0 1 0.140625 1 0.2515625 0.83125 0.25625 0.8333333328125001 0.253125 1 0.29375 1
5 0.4453125 1 0.496875 0.55625 0.496875 0.55 0.4515625 0.5458333328125 0.44375 0.5604166671875 0.440625 0.6104166671875 0.41875 0.6583333328125 0.384375 0.6583333328125 0.36875 0.6791666671875001 0.334375 1 0.4453125 1