11 0.95625 0 0.8453125 0.0354166671875 0.61875 0.0895833328125 0.6140625 0.2916666671875 0.7109375 0.30625 0.7296875 0.4 0.7359375 0.40625 0.8609375 0.4166666671875 0.8734375 0.4125 0.9125 0.2645833328125 0.921875 0.25 0.94375 0.2708333328125 0.94375 0.28125 0.9078125 0.42083333281249996 0.94375 0.425 0.9375 0.43333333281249997 0.9671875 0.4375 0.9953125 0 0.95625 0
21 1 0.44166666718750003 0.9140625 0.43541666718750005 0.896875 0.45208333281249996 0.875 0.4583333328125 0.803125 0.45208333281249996 0.65625 0.45625 0.5796875 0.4479166671875 0.5546875 0.43125 0.5234375 0.4291666671875 0.04375 0.425 0.034375 0.43125 0.034375 0.4479166671875 0.0546875 0.475 0.125 0.5145833328125 0.196875 0.54375 0.1515625 1 0.1921875 1 0.253125 0.5895833328125 0.2640625 0.575 0.5953125 0.7291666671875 0.590625 1 0.6890625 1 0.70625 0.7458333328125 0.71875 0.7395833328125 0.9015625 0.70625 0.9015625 0.8625 0.8953125 0.9125 0.9109375 0.9166666671874999 0.928125 0.8125 0.9296875 0.7020833328125 0.9375 0.69375 1 0.6791666671875001 1 0.44166666718750003
5 0.5609375 0.8645833328125001 0.59375 0.775 0.596875 0.7291666671875 0.590625 0.7291666671875 0.5484375 0.85625 0.55 0.8708333328125001 0.5609375 0.8645833328125001
5 0.771875 0.7291666671875 0.7609375 0.73125 0.7328125 0.7604166671875 0.725 0.7604166671875 0.7171875 0.7416666671875001 0.709375 0.74375 0.70625 0.7979166671875 0.6984375 0.8041666671875 0.7015625 0.8395833328125001 0.7125 0.84375 0.7203125 0.7916666671875 0.7546875 0.7583333328124999 0.79375 0.78125 0.815625 0.80625 0.85 0.94375 0.85625 0.9583333328125001 0.8640625 0.9583333328125001 0.865625 0.9375 0.8234375 0.7625 0.8125 0.7208333328125 0.8046875 0.71875 0.7953125 0.725 0.803125 0.7666666671875 0.771875 0.7291666671875
5 0.6453125 0.4166666671875 0.6578125 0.40833333281249995 0.68125 0.40833333281249995 0.7328125 0.4166666671875 0.7203125 0.3291666671875 0.7109375 0.30416666718749996 0.559375 0.2875 0.5703125 0.3895833328125 0.578125 0.41041666718750003 0.6453125 0.4166666671875
5 0.15625 0.9333333328125001 0.1640625 0.8833333328125 0.1609375 0.84375 0.1140625 1 0.1328125 0.9979166671874999 0.15625 0.9333333328125001
5 0.175 0.6541666671875 0.184375 0.6625 0.196875 0.54375 0.14375 0.51875 0.140625 0.5270833328125 0.1546875 0.6 0.175 0.6541666671875
5 0.33125 0.4291666671875 0.3046875 0.30416666718749996 0.2890625 0.2625 0.0859375 0.23125 0.1109375 0.34375 0.115625 0.4270833328125 0.33125 0.4291666671875
5 0.515625 1 0.4453125 0.7395833328125 0.5171875 0.6958333328124999 0.4015625 0.6354166671875 0.253125 0.5729166671875 0.2359375 0.6979166671875 0.3109375 0.74375 0.3125 0.9270833328125001 0.31875 1 0.340625 1 0.3421875 0.7604166671875 0.4203125 0.7479166671875 0.496875 1 0.515625 1
19 0 0.9458333328125 0.1046875 0.9208333328125 0.1359375 0.925 0.1484375 0.9041666671874999 0.1671875 0.84375 0.1640625 0.6729166671875 0.0625 0.5833333328125 0.01875 0.5541666671875001 0 0.5520833328125 0 0.9458333328125
9 0.7375 0.4291666671875 0.7734375 0.45 0.8734375 0.4583333328125 0.9 0.45 0.9453125 0.28125 0.9390625 0.2625 0.9171875 0.25 0.8671875 0.4270833328125 0.759375 0.42291666718750004 0.7375 0.4291666671875
2 0.6640625 0.45625 0.6953125 0.45625 0.6984375 0.4458333328125 0.759375 0.4458333328125 0.734375 0.43125 0.7328125 0.41875 0.7171875 0.4125 0.6578125 0.40625 0.6375 0.4145833328125 0.5921875 0.40625 0.5671875 0.41875 0.5609375 0.44166666718750003 0.6640625 0.45625
3 0.246875 0.1520833328125 0.2078125 0.15 0.2234375 0.1583333328125 0.2015625 0.1583333328125 0.1953125 0.1729166671875 0.2109375 0.1916666671875 0.215625 0.2479166671875 0.2890625 0.2625 0.31875 0.3541666671875 0.3765625 0.3604166671875 0.38125 0.3645833328125 0.3796875 0.4125 0.415625 0.4166666671875 0.3765625 0.42291666718750004 0.41875 0.43333333281249997 0.4484375 0.4291666671875 0.4421875 0.4166666671875 0.4265625 0.4166666671875 0.4296875 0.30416666718749996 0.5046875 0.2979166671875 0.5109375 0.3020833328125 0.5078125 0.4270833328125 0.559375 0.4291666671875 0.571875 0.4125 0.571875 0.3958333328125 0.55625 0.28958333281250004 0.584375 0.2833333328125 0.5890625 0.15625 0.59375 0.14375 0.6171875 0.1354166671875 0.6171875 0.1 0.5375 0.075 0.5140625 0.075 0.2875 0.1416666671875 0.240625 0.1458333328125 0.246875 0.1520833328125