21 0.8714547703125 0.5273202734375 0.8806829046875 0.5358159546875 0.89263443125 0.6568763093750001 0.867709775 0.741870925 0.88333239375 0.7421436203125 0.9127256828125001 0.66972890625 0.913380146875 0.63223461875 0.9284585625 0.57415559375 0.9447720078125 0.5348509828125 0.9619932484374999 0.5330679296875 0.9624659187500001 0.505988721875 0.9594504718750001 0.4996851359375 0.9125098921875001 0.5030330843749999 0.8099459875000001 0.46998806562500006 0.8034424250000001 0.48446010156249997 0.8137965109374999 0.5179792421875 0.8714547703125 0.5273202734375
9 0.8687722828125001 0.41241220624999997 0.8000327546875001 0.411212353125 0.7974887953125 0.46742651718749995 0.8532805796874999 0.47178629843750003 0.8661894421874999 0.4720116234375 0.8687722828125001 0.41241220624999997
5 0.8738213281249999 0.49246043281249996 0.91909071875 0.48413464062499995 0.9100807375000001 0.4631408640625 0.8805431968749999 0.4542906828125 0.8663737609375 0.46029430624999995 0.867315975 0.49234688281250005 0.8738213281249999 0.49246043281249996
5 0.8129647953125 0.565628234375 0.834074621875 0.57927998125 0.8644829312500001 0.579810759375 0.8814861687500001 0.5793261828125 0.877672003125 0.529251990625 0.8559094125 0.5226211703125 0.8536563265625 0.56217120625 0.8161983968750001 0.559433725 0.8129647953125 0.565628234375
5 0.6131725078125 0.55198305 0.6254524484374999 0.5646993015625 0.6279588671874999 0.6001651125 0.6397661375 0.639960571875 0.65215515625 0.646427775 0.6541173703125 0.6235418671875 0.6394037296875 0.5711937734375 0.68311070625 0.57404033125 0.7034564718749999 0.57231181875 0.70356555 0.5660627703125 0.6476149906249999 0.54841694375 0.6637829984375 0.517444396875 0.6659633656249999 0.48206039531249995 0.6523029593749999 0.45890179375000006 0.627524921875 0.4459673875 0.6131725078125 0.55198305
5 0.8360305890624999 0.5871278125 0.78927180625 0.5800606828125 0.7894536015625 0.5696456015625 0.808746134375 0.53872759375 0.8108537828125 0.5075096234375 0.7898547359375 0.45713546718750003 0.782225221875 0.446584040625 0.7666389609375 0.4442283296875 0.7447309328125 0.44592957499999997 0.7303797015625 0.462348278125 0.721950284375 0.49762320468750004 0.7227853640624999 0.5393107953125 0.694737365625 0.5346539140625 0.6929933078125 0.545041725 0.73179534375 0.5603045718749999 0.74371169375 0.5938509828125 0.7888718546875 0.602973859375 0.8389369578125001 0.599680446875 0.8360305890624999 0.5871278125
14 1 0.3007134609375 0.9828867671875001 0.3209002578125 0.9642463359375 0.4935178953125 0.9560714328125 0.5142117078124999 0.9687501421875 0.5936117421875 0.96046498125 0.7101515625 0.96409735 0.7706408359375 0.9405179828125 0.7785638578125 0.9434243515625 0.7911164937499999 0.9806641265625 0.806352071875 0.994797203125 0.8024314640625001 1 0.4399963953125 1 0.3007134609375
19 0.6255297125 0.5602728906250001 0.611687509375 0.5475293703124999 0.6295643984375 0.41865507187500006 0.646205075 0.36060331562500003 0.6182297953125 0.351780403125 0.5370285296875 0.3482793796875 0.5160646578125 0.385419165625 0.508688475 0.44988358437500003 0.4880154765625 0.4703592421875 0.47119300468749997 0.5388260781249999 0.4600753734375 0.549050271875 0.4491758984375 0.546776371875 0.44801358750000003 0.523835925 0.4404204328125 0.5112014828125 0.4062688234375 0.49810345937499995 0.348465128125 0.49709449218749996 0.3204898484375 0.4882715796875 0.28132422031250004 0.49383889375 0.271696134375 0.5082563890625 0.2755818359375 0.6437615078125 0.3016312609375 0.6733873109374999 0.3418501234375 0.6970094921875 0.5221804031249999 0.7363606 0.5335718921875 0.7365594390625 0.552210109375 0.7319361 0.5712481265625 0.715599203125 0.5971169390625 0.6660431296875 0.62211313125 0.6664794390625 0.6281815671875 0.5874066390625 0.6255297125 0.5602728906250001
11 0.05094925 0.1731027796875 0.042919785937499996 0.1854645296875 0.043897934374999996 0.398013971875 0.048293848437499995 0.414759909375 0.15605356875 0.41872451093749996 0.1796008234375 0.4350233671875 0.1810068609375 0.435047909375 0.1840652078125 0.42546440781249995 0.19667238125 0.41943351562500003 0.2999634703125 0.410818215625 0.30414359375 0.26086833125000003 0.297132184375 0.21490563125 0.05094925 0.1731027796875
21 0 0.9726913390625 0.031161642187499998 0.9903298218750001 0.1724043296875 0.992795221875 0.1836218 0.9880423531250001 0.20332410156249997 0.9933349296875 0.21373917812499998 0.9935167249999999 0.2587194546875 0.9831022359375 0.273034328125 0.9687665484375 0.3058781890625 0.9672561890625 0.30914815 0.9589786640625 0.33585204062499996 0.9511101796875 0.37152955312499997 0.9663184875 0.3743268453125 0.9851201703125 0.38199271874999996 0.9935885828125001 0.3976153390625 0.9938612765625001 0.40873296875 0.98363708125 0.4126573953125 0.9378652671875001 0.4011421796875 0.7918087203125 0.41865429374999996 0.7733615390625 0.41723746874999995 0.7650022062499999 0.18613295000000002 0.6651203296875 0.172072590625 0.6648749046875 0.16073680625 0.6875971953125 0.15136323437500002 0.6874335796875 0.12858376875 0.64953025 0.095812625 0.646874578125 0.0769927625 0.650713375 0.0654024640625 0.688016778125 0.02925228125 0.6998876796875 0 0.699377078125 0 0.9726913390625
21 0.7218775671875 0.5017892374999999 0.72990703125 0.4894274875 0.723985215625 0.470571265625 0.683439121875 0.4656962296875 0.664546540625 0.4737010609375 0.6688697359375 0.49461302968750004 0.7109053734375 0.5036813671875 0.7218775671875 0.5017892374999999