4 0 0 0 0.2125 0.2703125 0.225 0.2734375 0 0 0
4 0.4625 0.06875 0.6734375 0.0791666671875 0.6609375 0.4 0.6640625 0.46875 0.671875 0.475 0.84375 0.48541666718750004 0.8609375 0.48333333281249996 0.86875 0.47291666718750003 0.8921875 0.0395833328125 0.4515625 0.0208333328125 0.44375 0.0270833328125 0.44375 0.0375 0.4625 0.06875
4 1 0.525 0.9921875 0.5229166671875001 0.4703125 0.4895833328125 0.4609375 0.6395833328125 0.6546875 0.6583333328125 0.7234375 0.8708333328125001 0.89375 0.8791666671874999 0.9359375 0.5979166671875 1 0.6020833328124999 1 0.525
5 0 0.6083333328125 0.009375 0.6083333328125 0.0109375 0.5875 0.0265625 0.5875 0.2109375 0.6 0.2234375 0.6041666671875 0.2234375 0.625 0.2609375 0.625 0.265625 0.46458333281249997 0.2328125 0.46458333281249997 0.228125 0.48333333281249996 0.19375 0.48333333281249996 0.0171875 0.47083333281249995 0.015625 0.4479166671875 0 0.4479166671875 0 0.6083333328125
6 1 0.48541666718750004 0.875 0.4770833328125 0.8609375 0.48541666718750004 0.728125 0.4791666671875 0.6765625 0.475 0.659375 0.4625 0.5015625 0.45416666718750004 0.471875 0.46458333281249997 0.390625 0.4625 0.2875 0.45416666718750004 0.2859375 0.4479166671875 0.2953125 0.43958333281249995 0.2375 0.43333333281249997 0.0078125 0.42291666718750004 0 0.425 0 0.4479166671875 0.028125 0.4604166671875 0.2078125 0.47083333281249995 0.2640625 0.46458333281249997 0.2984375 0.4770833328125 1 0.525 1 0.48541666718750004
4 0.215625 0.48333333281249996 0.215625 0.47291666718750003 0.1984375 0.46875 0.0140625 0.4583333328125 0.0125 0.46875 0.0234375 0.47291666718750003 0.215625 0.48333333281249996
21 0.7625 1 0.73125 0.88125 0.7109375 0.8333333328125001 0.65625 0.6541666671875 0 0.6083333328125 0 0.7041666671875 0.0515625 0.70625 0.1359375 0.725 0.1828125 0.75 0.2015625 0.7729166671875001 0.20625 0.7895833328124999 0.2046875 0.8583333328125 0.1921875 0.9479166671874999 0.178125 1 0.7625 1
4 0.2203125 0.6 0.0109375 0.5854166671875001 0.0109375 0.6104166671875 0.2234375 0.6229166671875 0.2203125 0.6
4 0.2140625 0.5208333328125 0.0140625 0.5083333328124999 0.0125 0.5479166671875 0.2140625 0.5604166671875 0.2140625 0.5208333328125
13 0.290625 0.63125 0.4140625 0.6395833328125 0.45625 0.6395833328125 0.4609375 0.6333333328124999 0.465625 0.5020833328125 0.459375 0.49375 0.278125 0.4875 0.2671875 0.49583333281249997 0.2625 0.6229166671875 0.290625 0.63125
5 1 0.6041666671875 0.9375 0.59375 0.875 1 1 1 1 0.6041666671875
20 0.4546875 0.46666666718750005 0.4734375 0.46458333281249997 0.4828125 0.45416666718750004 0.4765625 0.4479166671875 0.3078125 0.4375 0.2828125 0.44375 0.275 0.45416666718750004 0.4546875 0.46666666718750005