19 0.330116459375 0.5211063296875 0.3232688203125 0.5340557140625 0.3587949 0.7209027734375 0.36650521875000003 0.7283824515624999 0.3773080734375 0.726671446875 0.39281138437499996 0.7234249765625 0.4049310484375 0.693820815625 0.41645160781249996 0.6854045703125 0.40213329375000006 0.6823991109375 0.39922770937499996 0.657811346875 0.43862404843749997 0.656844834375 0.4867192578125 0.58594823125 0.5171232234375001 0.57190451875 0.49454945156249996 0.5042908984375 0.495202471875 0.4896860171875 0.511042484375 0.4898138328125 0.5250612453125 0.503413246875 0.54247686875 0.5072464546875 0.559155575 0.5626106203125001 0.5673331859374999 0.5705436125000001 0.6015953078125 0.5558888265624999 0.5983662390625 0.49180287656250005 0.596881559375 0.4824289828125 0.5518526921875 0.47280361875 0.47498909375 0.47443110624999996 0.41518765 0.483902725 0.330116459375 0.5211063296875
4 0.1443880109375 0.7018652671875001 0.1236654734375 0.577270940625 0.007866831250000001 0.5890200734375 0.03719829375 0.7742116375 0.044914609375 0.77298949375 0.1443880109375 0.7018652671875001
4 0 0.3005437734375 0.0734413140625 0.2938782796875 0.07923512656250001 0.2929606296875 0.050497390625000006 0.0890868015625 0.046911771875 0.0664480953125 0 0.0733577984375 0 0.3005437734375
14 0.804852409375 0.6899354546875001 0.863868640625 0.6875752671875001 0.87159566875 0.686351425 0.8690572015625 0.652081821875 0.9135338421875 0.6582205546875 0.9192671640625001 0.650720915625 0.9104853515625001 0.5746740546875 0.9043147453125 0.5357143796875 0.8091000671874999 0.5482030984375 0.7919001 0.570702015625 0.791001440625 0.602483884375 0.804852409375 0.6899354546875001
14 1 0.46280610468749994 0.9482366109375 0.15255585625 0.9301679671875 0.1633275328125 0.9176409203125001 0.1903595859375 0.9175570234375 0.2272856671875 0.9107632999999999 0.24681808125 0.9238834015625 0.2921993640625 0.9447498015625 0.2928493921875 0.953035240625 0.313948446875 0.94390505625 0.3312142921875 0.9287120140624999 0.41008284375 0.9259082078124999 0.4922623890625 1 0.502278996875 1 0.46280610468749994
19 0.9006090953125 0.532918503125 0.907510646875 0.5265521484375 0.90658805625 0.5082418765625001 0.924956253125 0.4868762453125 0.9240740484375 0.42075271875000003 0.9226842609375 0.41197794375 0.8652686890625001 0.41591267343749994 0.856899353125 0.43173970156249997 0.869336453125 0.5352349750000001 0.9006090953125 0.532918503125
19 1 0.6890547078125 0.92438878125 0.6911729578125 0.9189550125 0.6880786390625 0.9152885796874999 0.66492969375 0.9063652171875001 0.6602787718750001 0.9032272499999999 0.660775778125 0.8878740953125 0.6666350953125 0.8927087578125 0.690917325 0.76954726875 0.6998776765625 0.7581345390625 0.721459984375 0.7600336343749999 0.7646635578125001 0.46151770000000003 0.777667675 0.38882969375 0.9117835234375 0.369263284375 0.9755249796875001 0.3700645078125 1 0.5193744359375 1 0.6539268203125 0.9786889953125 1 0.92322015625 1 0.6890547078125
15 1 0.5046651062499999 0.928812609375 0.49312069062499997 0.9107439656249999 0.5038923671875 0.9087849046875001 0.5477070125 0.9230671859375 0.6878228296875 1 0.684693821875 1 0.5046651062499999
21 0.6250629390625 0.6029270062500001 0.67782501875 0.6301647906250001 0.679861925 0.643025315625 0.5915316828125 0.6596520796875 0.579549828125 0.658913190625 0.5360257609375 0.6275756218749999 0.5194009687500001 0.5787944859375 0.4997028 0.579277740625 0.4048980125 0.7085945453125 0.40514870937499997 0.7101773796875 0.408892234375 0.7175822328125 0.439811409375 0.7192766875000001 0.45004985937499997 0.7901623437499999 0.462277353125 0.773724246875 0.45698139375 0.7402868812500001 0.46698025468750004 0.7347482750000001 0.5260747640625001 0.7332985078125 0.5356362609375 0.76869690625 0.544113425 0.7660359421875 0.5438438546875 0.7331207890625 0.720719996875 0.7261993828125 0.7291132640625 0.760464496875 0.744216990625 0.7603134359375 0.746835715625 0.7598986703125 0.7406638046875 0.708539140625 0.76993638125 0.696091809375 0.7692692953125 0.6918799859375 0.739178140625 0.574306421875 0.7310005296875 0.56637343125 0.647642759375 0.5769393765624999 0.6250629390625 0.6029270062500001
9 0.5294286296874999 0.50601730625 0.49576561249999995 0.499484178125 0.5374084640625 0.631311565625 0.57961303125 0.661407978125 0.5883283015624999 0.6600276140625 0.6654046171875 0.64663344375 0.6796690171875001 0.64305586875 0.68025613125 0.6392716015625 0.679192146875 0.63255386875 0.6260382609375 0.60409084375 0.5758822125 0.61203478125 0.5418717796875 0.51591133125 0.5294286296874999 0.50601730625
2 0.573290540625 0.6069083453124999 0.57842295 0.60622728125 0.62616766875 0.5986652609374999 0.6453194765625 0.5809986281249999 0.6346975765625 0.55763300625 0.561446496875 0.5758264078125 0.573290540625 0.6069083453124999