4 0.0375 0 0.0375 0.20416666718749998 0.15 0.225 0.3578125 0.2270833328125 0.3609375 0 0.0375 0
4 1 0.0375 0.5546875 0.01875 0.5515625 0.0395833328125 0.559375 0.0666666671875 0.7734375 0.0791666671875 0.75625 0.425 0.7609375 0.475 0.78125 0.48541666718750004 0.8234375 0.4895833328125 0.978125 0.49375 1 0.2270833328125 1 0.0375
4 1 0.51875 0.578125 0.5 0.571875 0.6666666671875 1 0.69375 1 0.51875
5 0.2453125 0.64375 0.2484375 0.61875 0.26875 0.61875 0.3421875 0.6291666671875 0.4765625 0.6333333328124999 0.4890625 0.6375 0.490625 0.6604166671875 0.5203125 0.6583333328125 0.5265625 0.4895833328125 0.4953125 0.4875 0.490625 0.5083333328124999 0.284375 0.49791666718750005 0.253125 0.49375 0.25 0.47083333281249995 0.21875 0.47083333281249995 0.2125 0.4791666671875 0.209375 0.6416666671875 0.2453125 0.64375
6 1 0.4875 0.9265625 0.49375 0.828125 0.4875 0.7828125 0.48333333281249996 0.759375 0.47083333281249995 0.6109375 0.4625 0.5828125 0.4625 0.5734375 0.475 0.396875 0.46666666718750005 0.3796875 0.4625 0.3890625 0.45 0.375 0.4458333328125 0.0515625 0.425 0 0.43125 0 0.4625 0.2421875 0.47083333281249995 0.2671875 0.4791666671875 0.3796875 0.4875 0.5140625 0.4875 0.5421875 0.49791666718750005 1 0.5229166671875001 1 0.4875
4 0.3703125 0.5 0.365625 0.48333333281249996 0.25625 0.4770833328125 0.2515625 0.49375 0.25625 0.49583333281249997 0.3703125 0.5
21 1 0.6958333328124999 0.9921875 0.69375 0 0.6291666671875 0 1 0.553125 1 0.5578125 0.9583333328125001 0.5828125 0.9104166671874999 0.6234375 0.875 0.6734375 0.8520833328125 0.7703125 0.8333333328125001 0.8890625 0.8333333328125001 1 0.85 1 0.6958333328124999
4 0.365625 0.6270833328125 0.25 0.61875 0.246875 0.6458333328125 0.365625 0.6520833328125 0.365625 0.6270833328125
4 0.3671875 0.54375 0.253125 0.5354166671875 0.25 0.5770833328125 0.3671875 0.5833333328125 0.3671875 0.54375
4 0 0.6253060921875 0.2078125 0.6416666671875 0.2140625 0.475 0.009375 0.4625 0.0000152984375 0.4639322359375 0.0000152984375 0.53334033125 0 0.6253060921875
20 0.5828125 0.4770833328125 0.5734375 0.45625 0.39375 0.4479166671875 0.375 0.4625 0.421875 0.47291666718750003 0.5828125 0.4770833328125
13 0.4953125 0.5041666671875 0.49375 0.49375 0.371875 0.48541666718750004 0.36875 0.5 0.375 0.5041666671875 0.4953125 0.5041666671875
13 0.490625 0.6604166671875 0.4890625 0.6333333328124999 0.3671875 0.6270833328125 0.365625 0.6520833328125 0.3703125 0.6541666671875 0.490625 0.6604166671875
13 0.4921875 0.5916666671875 0.4921875 0.55 0.3671875 0.54375 0.365625 0.58125 0.3703125 0.5854166671875001 0.4921875 0.5916666671875
13 0.5796875 0.50625 0.528125 0.5 0.521875 0.6625 0.575 0.6666666671875 0.5796875 0.50625