14 0.359375 0.7540364578125 0.359375 0.8009114578125001 0.3720703125 0.8048177078125001 0.4189453125 0.7970052078125 0.4267578125 0.739713540625 0.447265625 0.748828125 0.4501953125 0.7891927078125 0.4951171875 0.7813802078125 0.513671875 0.704557290625 0.5078125 0.673307290625 0.48828125 0.655078125 0.474609375 0.561328125 0.482421875 0.47278645781249995 0.48046875 0.399869790625 0.4716796875 0.380338540625 0.408203125 0.334765625 0.40625 0.319140625 0.4140625 0.303515625 0.421875 0.248828125 0.419921875 0.209765625 0.412109375 0.1915364578125 0.3955078125 0.177213540625 0.3701171875 0.177213540625 0.3544921875 0.190234375 0.345703125 0.209765625 0.33984375 0.2618489578125 0.3515625 0.2852864578125 0.3515625 0.3165364578125 0.3291015625 0.341276040625 0.2685546875 0.3751302078125 0.255859375 0.41809895781249995 0.244140625 0.545703125 0.24609375 0.618619790625 0.26171875 0.782682290625 0.267578125 0.8009114578125001 0.283203125 0.8139322906249999 0.291015625 0.8061197906249999 0.283203125 0.782682290625 0.28515625 0.764453125 0.2900390625 0.7579427078125 0.2998046875 0.776171875 0.3046875 0.772265625 0.2978515625 0.7266927078125 0.3271484375 0.731901040625 0.3544921875 0.747526040625 0.359375 0.7540364578125
15 0.6357421875 0.434765625 0.5146484375 0.42434895937499995 0.478515625 0.563671875 0.482421875 0.6053385421875 0.6139062453124999 0.6296875 0.6239990234375 0.6296875 0.62890625 0.6209635421875 0.6328125 0.555859375 0.662109375 0.44388020937499995 0.6357421875 0.434765625
19 0.49375 0.49995659843749995 0.49375 0.49769965312500003 0.4912109375 0.49205729218750005 0.4828125 0.4933015046875 0.4828125 0.5388454859375 0.49375 0.49995659843749995
19 1 0.7687825515625 0.9689453125 0.7532552078125 0.9787109375 0.6126302078125 0.973828125 0.580078125 0.844921875 0.548828125 0.7912109375 0.680338540625 0.774609375 0.699869790625 0.751171875 0.697265625 0.712109375 0.673828125 0.6623046875 0.669921875 0.6271484375 0.8131510421874999 0.633984375 0.822265625 0.891796875 0.994140625 0.9893555078125 0.9953125 1 0.9953125 1 0.7687825515625
15 0.66279296875 0.5891927078125 0.62958984375 0.6360677078125 0.66572265625 0.626953125 0.66767578125 0.6634114578125 0.71064453125 0.6712239578125 0.74384765625 0.692057290625 0.7716015640625 0.6984375 0.772276475 0.6984375 0.79169921875 0.6751302078125 0.82099609375 0.610026040625 0.8578125 0.49893092031249997 0.8578125 0.468198528125 0.75947265625 0.4759114578125 0.73017578125 0.470703125 0.70869140625 0.455078125 0.66279296875 0.5891927078125
19 0.6354492203125 0.6171875 0.63740234375 0.6171875 0.66201171875 0.584375 0.67958984375 0.5427083328125 0.6828125 0.5229427078125 0.6828125 0.51259014375 0.64638671875 0.5088541656250001 0.63466796875 0.553125 0.63076171875 0.6130208328125 0.6354492203125 0.6171875
9 0.3123046875 0.88671875 0.3103515625 0.9049479171874999 0.3171875 0.9114583328125001 0.459765625 0.9791666671874999 0.4705078125 0.9778645828125001 0.6169921875 0.8684895828125001 0.6189453125 0.8372395828125001 0.6625 0.660495925 0.6625 0.6303581609375 0.5203125 0.6848958328125 0.4890625 0.8072916671874999 0.467578125 0.8020833328125001 0.3123046875 0.88671875
19 0.49228515625 0.654817709375 0.517098721875 0.6828125 0.5193750015624999 0.6828125 0.60263671875 0.650911459375 0.61875 0.6370098046875 0.61875 0.6364542 0.55771484375 0.619661459375 0.4875 0.614460359375 0.4875 0.6152604171875 0.49228515625 0.654817709375
19 0.07734375 0.6614583328125 0.0001953125 0.6783854171875 0.0001953125 0.865625 0.0191303484375 0.865625 0.275 0.816518703125 0.275 0.8154947921875 0.2638671875 0.7981770828125 0.2541015625 0.7356770828125 0.2423828125 0.5846354171875 0.2453125 0.4973958328125 0.17330730156250002 0.49375 0.1681980296875 0.49375 0.1759765625 0.5533854171875 0.2052734375 0.62890625 0.204296875 0.65625 0.07734375 0.6614583328125
15 0.0001953125 0.430729165625 0.0001953125 0.671875 0.015145592187500001 0.671875 0.08125 0.65859375 0.19453125 0.65859375 0.2046875 0.652438446875 0.2046875 0.6348958328125 0.1740234375 0.553125 0.153515625 0.43203125 0.102734375 0.43723958281249997 0.0001953125 0.430729165625
21 0.46796875 0.9822916656249999 0.3087890625 0.90546875 0.3107421875 0.8846354156249999 0.3234375 0.8755208328125 0.469921875 0.8 0.4875 0.8052083328125 0.49140625 0.786979165625 0.0001953125 0.8716145828125 0.005078125 0.8885416656249999 0.040234375 0.8989583328125 0.102734375 0.9015625 0.118359375 0.9119791656249999 0.157421875 0.8859375 0.219921875 0.8859375 0.2296875 0.9041666656249999 0.231640625 0.8885416656249999 0.2509858640625 0.996875 0.7582028203125 0.996875 0.884375 0.9966157859375 0.884375 0.996216475 0.630078125 0.8234375 0.6212890625 0.8377604156249999 0.618359375 0.8755208328125 0.46796875 0.9822916656249999
2 0 0.93828125 0.0005859375 1 0.2453125 0.9986999921875 0.2453125 0.98671875 0.24375 0.9388020828125001 0.2310546875 0.8854166671874999 0.1724609375 0.8828125 0.1333984375 0.8984375 0.1216796875 0.9140625 0.1001953125 0.9010416671874999 0.0376953125 0.8984375 0.0064453125 0.8880208328125001 0 0.8966145843750001 0 0.93828125
3 0.8293238859375001 0 0.8419921875 0.061067707812500004 0.8419921875 0.13919270781249998 0.8224609375 0.4595052078125 0.825390625 0.4660156234375 0.85859375 0.4634114578125 0.8654296875 0.47252604218750005 0.8478515625 0.5350260421875 0.85078125 0.5467447921875 0.9640625 0.5727864578124999 0.9787109375 0.5845052078124999 0.9748046875 0.7016927078124999 0.9973388703125 0.7109375 1 0.7109375 1 0.0011703859375 0.8463868625 0 0.8293238859375001 0
4 0.33505859375 0.1848958328125 0.33115234375 0.3307291671875 0.34775390625 0.3138020828125 0.34775390625 0.28515625 0.33798828125 0.26171875 0.34580078125 0.20182291718749998 0.35849609375 0.1822916671875 0.37607421875 0.171875 0.40537109375 0.1796875 0.42392578125 0.21744791718749998 0.42197265625 0.2721354171875 0.41220703125 0.32421875 0.42490234375 0.3463541671875 0.44541015625 0.35546875 0.45 0.138828125 0.45 0.12495170156249999 0.00009765625 0.05078125 0.00107421875 0.1354166671875 0.24326171875 0.1640625 0.33505859375 0.1848958328125