5 1 0.4737961109375 0.9559123187499999 0.0543298421875 0.85673703125 0.03752106875 0.814939271875 0.07333632343749999 0.7803574125 0.1628581890625 0.64774309375 0.7696274390625 0.4014193625 0.8625509921875001 0.4025082015625 0.87291059375 0.5164808890625 0.925870659375 0.5186289984375 0.961256634375 0.506434825 1 0.5262038921875 1 0.5738251562500001 0.9949948031250001 0.5563295375 0.9761474281250001 0.5557058015624999 0.955264896875 0.5677017906249999 0.9498144500000001 0.6481759078125 0.987180225 0.8278944218750001 0.968291046875 0.90733188125 0.9224971249999999 0.9580177484375 0.8815580734375 0.9909569671874999 0.83619984375 1 0.8157309406250001 1 0.4737961109375
3 0.3059700359375 0.20852869218749998 0.31784775625 0.26174532500000003 0.318441925 0.297294628125 0.39079425625 0.29806932656249996 0.389952753125 0.275114875 0.41040131406249997 0.2603967921875 0.41817101562500003 0.2595801625 0.4279006265625 0.2774108203125 0.45521825312499997 0.26825519531249997 0.46205774999999993 0.2884844234375 0.47046198749999996 0.4132896375 0.53520729375 0.40988869687499996 0.5506495484375 0.40826565 0.55682935 0.397927634375 0.533705615625 0.0882315078125 0.443824403125 0.0851095515625 0.3059700359375 0.20852869218749998
5 0.314605184375 0.4252193796875 0.4535591890625 0.41689915156249996 0.43915695781249997 0.2948191609375 0.31707853125 0.299270884375 0.314605184375 0.4252193796875
5 0.43966760000000005 0.6883277156250001 0.4799921484375 0.8328208671875 0.4937598453125 0.829279015625 0.44441812187499996 0.643837428125 0.4823955625 0.631466603125 0.49000663125 0.5992445125 0.47952421875000006 0.51445909375 0.2819560125 0.533129540625 0.2757510484375 0.638522153125 0.2974766484375 0.6509023640625 0.321221290625 0.65259631875 0.32209236093750004 0.6608840015624999 0.298369315625 0.86866866875 0.2964499171875 0.9534483140625 0.29783804062499997 0.9533024171875001 0.307762890625 0.943094484375 0.34008634375 0.65270833125 0.4355300140625 0.6489612234375 0.43966760000000005 0.6883277156250001
5 0.0715859875 0.6542200421875 0.033974148437500004 0.5953289374999999 0.023838570312499998 0.5586876703125 0.005191284375 0.560647578125 0.036955792187499996 0.8778147578125 0.0409347421875 0.8857757890625001 0.050258385937500004 0.884795834375 0.040370140625 0.8355597187500001 0.04813984375 0.8347430890625 0.100895915625 0.9779296343749999 0.10650280937500001 0.9875525203125 0.11743811875000001 0.9864031734375001 0.019781715624999998 0.6994662609375 0.0202468171875 0.68894333125 0.0671123671875 0.6714487109375 0.0715859875 0.6542200421875
9 0.102615978125 0.44121591562500007 0.151876971875 0.44651242187499995 0.2936666625 0.435275640625 0.3139334 0.43314552031250003 0.3176027671875 0.2594144171875 0.1613657578125 0.2512215828125 0.1579952921875 0.2515758328125 0.15304371249999998 0.3081324046875 0.155479521875 0.420996071875 0.1026455453125 0.42654914687499995 0.102615978125 0.44121591562500007
11 0.65317945625 0 0.5348240203125 0.08392434062500001 0.55661158125 0.3958557140625 0.636951384375 0.39788570624999997 0.644038215625 0.405520084375 0.6733453171875 0.40034497656249995 0.6873012140625 0.4135418140625 0.707937975 0.415562421875 0.7197286421875 0.415632428125 0.7273040921875 0.4148362171875 0.7308115468749999 0.40896869375 0.7599787828125 0.2529820421875 0.7709155015625 0.2225052234375 0.7600057078125 0 0.65317945625 0
21 0 0.5262038875 0.003827890625 0.5626238359375 0.5483603546875 0.5116755937499999 0.5768583484375001 0.7977639640625 0.5979602109375 0.7892616421875001 0.5788557937500001 0.5775990875 0.567007640625 0.5097156843749999 0.7081984546875 0.49278112187499995 0.71397868125 0.4879839796875 0.7260929375 0.42386645156249997 0.7185705703124999 0.41208823125 0.570322490625 0.4067216421875 0.350345815625 0.4214628875 0.20026689375 0.44352124374999996 0.0586701109375 0.44164519375 0.037568246875 0.450147515625 0 0.45063681874999995 0 0.5262038875
2 0.4610022390625 0.41297464218749996 0.4558302578125 0.363766528125 0.44961449687500005 0.36441983125 0.451297503125 0.41032873593749997 0.4598367828125 0.41309713593749997 0.4610022390625 0.41297464218749996
3 0.48727280625 0.64797430625 0.5655048640625 0.7046908625 0.5439163015624999 0.514237490625 0.49064679062499994 0.5156467234375001 0.48331262343750003 0.52060719375 0.49068715625000003 0.605719265625 0.48727280625 0.64797430625
3 0.6493302984375 0.7529639968749999 0.6529163140625001 0.752587090625 0.663534525 0.7255478125 0.7043213484375 0.53063333125 0.7006192984374999 0.4954106828125 0.568534359375 0.5092933687500001 0.5894104859375 0.7228645171875 0.6182229171875 0.7428791078125 0.6493302984375 0.7529639968749999
2 0 0.45256501406250005 0.024177259375 0.45260237031250006 0.03418076875 0.451550959375 0.052644895312499995 0.444111428125 0.050902754687499996 0.4275360640625 0.025386404687500003 0.4239335140625 0.0338389765625 0.41466587656250004 0 0.41412765937499996 0 0.45256501406250005