19 0.0537109375 0.6328125 0 0.64453125 0.0009765625 0.9973958328125001 0.4638671875 0.9973958328125001 0.4658203125 0.9895833328125001 0.4736328125 0.9973958328125001 0.5078125 0.99609375 0.5234375 0.73828125 0.5205078125 0.6927083328125 0.1337890625 0.6302083328125 0.0537109375 0.6328125
19 1 0.66015625 0.9482421875 0.6588541671875 0.94140625 0.6497395828125 0.923828125 0.4674479171875 0.9326171875 0.4583333328125 0.9609375 0.4596354171875 0.9111328125 0.4270833328125 0.8505859375 0.40625 0.7958984375 0.4114583328125 0.748046875 0.43359375 0.7568359375 0.4427083328125 0.7900390625 0.4505208328125 0.8740234375 0.453125 0.8828125 0.4596354171875 0.87109375 0.54296875 0.880859375 0.6419270828125 0.8720703125 0.6510416671875 0.7568359375 0.6302083328125 0.6982421875 0.6276041671875 0.6953125 0.61328125 0.712890625 0.5221354171875 0.7119140625 0.453125 0.6787109375 0.46875 0.6279296875 0.46875 0.5751953125 0.4895833328125 0.568359375 0.51953125 0.55859375 0.7877604171875 0.56640625 0.8111979171874999 0.583984375 0.8216145828125001 0.5859375 0.8502604171874999 0.830078125 0.90234375 0.837890625 0.75390625 0.8447265625 0.7317708328125 1 0.7486979171875 1 0.66015625
15 0.8828125 0.47265625 0.8798828125 0.4557291671875 0.7880859375 0.4505208328125 0.7412109375 0.4375 0.7197265625 0.4375 0.71484375 0.4440104171875 0.712890625 0.52734375 0.6962890625 0.625 0.875 0.6471354171875 0.87890625 0.6184895828125 0.87109375 0.5403645828125 0.873046875 0.5013020828125 0.8828125 0.47265625
15 1 0.4700520828125 0.9287109375 0.4609375 0.923828125 0.47265625 0.943359375 0.65234375 0.9482421875 0.6588541671875 1 0.6575520828125 1 0.4700520828125
21 0.8662109375 0.7317708328125 0.841796875 0.73828125 0.833984375 0.9153645828125001 0.86328125 0.9283854171874999 0.857421875 0.99609375 0.89453125 0.9986979171874999 0.8974609375 0.9609375 1 0.9778645828125001 0.9990234375 0.7526041671875 0.8662109375 0.7317708328125
2 1 0.75390625 0.9775390625 0.75 0.947265625 0.8268229171874999 1 0.8424479171874999 1 0.75390625
7 0.7978515625 0.20052083281250002 0.70703125 0.20442708281250002 0.6953125 0.44140625 0.6982421875 0.453125 0.705078125 0.4518229171875 0.7197265625 0.4348958328125 0.7412109375 0.4348958328125 0.791015625 0.4075520828125 0.7978515625 0.20052083281250002
16 0.4970703125 0.5416666671875 0.474609375 0.5299479171875 0.4775390625 0.4791666671875 0.50390625 0.4752604171875 0.5029296875 0.5260416671875 0.509765625 0.5247395828125 0.513671875 0.5065104171875 0.521484375 0.1549479171875 0.4580078125 0.1119791671875 0.40625 0.1158854171875 0.3984375 0.3841145828125 0.4052734375 0.3880208328125 0.41015625 0.37890625 0.408203125 0.3580729171875 0.4140625 0.3502604171875 0.4091796875 0.34375 0.4326171875 0.34375 0.431640625 0.3893229171875 0.40625 0.3971354171875 0.4248046875 0.4036458328125 0.4248046875 0.4114583328125 0.4345703125 0.4036458328125 0.439453125 0.4153645828125 0.4267578125 0.4140625 0.419921875 0.4440104171875 0.4130859375 0.4505208328125 0.40625 0.4361979171875 0.40625 0.4075520828125 0.3994140625 0.40625 0.396484375 0.4153645828125 0.392578125 0.5768229171875 0.3984375 0.58203125 0.4443359375 0.5807291671875 0.4462890625 0.5677083328125 0.4951171875 0.546875 0.4970703125 0.5416666671875
10 0.8427734375 0.4036458328125 0.884765625 0.41015625 0.8896484375 0.3020833328125 0.794921875 0.3033854171875 0.7919921875 0.4088541671875 0.8427734375 0.4036458328125
4 0.7109375 0.1341145828125 0.7099609375 0.1979166671875 0.80078125 0.19921875 0.7998046875 0.296875 0.890625 0.2981770828125 0.9013671875 0.2109375 1 0.21223958281250002 0.9990234375 0.1380208328125 0.7109375 0.1341145828125
6 0.9990234375 0.4244791671875 1 0.4127604171875 0.88671875 0.4075520828125 0.8896484375 0.4166666671875 0.9208984375 0.4322916671875 0.951171875 0.4361979171875 0.958984375 0.4309895828125 0.9619140625 0.4166666671875 0.9677734375 0.4270833328125 0.9990234375 0.4244791671875