4 0 0.2562207109375 0.24721870156249998 0.2460650421875 0.2307217671875 0.0216488734375 0 0.0418344125 0 0.2562207109375
4 0.660714575 0.4545699265625 0.6690420703125 0.46011523906249996 0.84117090625 0.45551237499999997 0.8581114281250001 0.451938978125 0.8649863265625 0.44088104687499996 0.8505671515625 0.0071539640625 0.4099846921875 0.0268783125 0.40274664531250004 0.033785434375 0.4036545171875 0.0441624625 0.425056784375 0.0736593765625 0.6360994765625 0.065651990625 0.651609509375 0.386353903125 0.660714575 0.4545699265625
4 1 0.48127862656250003 0.992311896875 0.4799324953125 0.469517596875 0.4922104078125 0.47325163437500006 0.642456696875 0.6678985265625 0.6442489234375001 0.7549075078125 0.8499483390625 0.925298215625 0.8434062499999999 0.9428126265625 0.5595496078125 1 0.558273128125 1 0.48127862656250003
5 0 0.5218304734375 0.0113218265625 0.6512395375 0.0206611515625 0.6504224515625 0.020401960937499998 0.6295322156250001 0.035967503125 0.62817040625 0.220730346875 0.6245535 0.2335459296875 0.627614865625 0.235248190625 0.64707179375 0.2726433953125 0.6438001359375 0.2634074046875 0.4848858046875 0.23071976562500002 0.48774560312500004 0.22768427343750003 0.5068327953125 0.19344008125 0.509828775 0.0164600078125 0.5127647765625001 0.012906134375 0.490071496875 0 0.4912006375 0 0.5218304734375
6 1 0.47816952031250004 0.99680363125 0.4416348640625 0.8715529953125 0.4442277078125 0.85827030625 0.453754959375 0.7254184734375 0.4591041140625 0.6736890359375 0.4594472703125 0.6554774921875001 0.4484928265625 0.49753921874999996 0.4539454703125 0.4688725609375 0.46690993281250004 0.3877501671875 0.47191593125000003 0.2842912921875 0.4726022453125 0.2821900140625 0.466512209375 0.290803040625 0.45739350156249997 0.23266581249999999 0.45620597656250006 0.0029444703125 0.4658475328125 0 0.4669152421875 0 0.492347065625 0.026448015624999998 0.501434484375 0.20635962187499998 0.4961507125 0.26185084999999997 0.48502198593749996 0.29718449062499996 0.494478440625 0.981148415625 0.48143199531249997 1 0.4797826953125 1 0.47816952031250004
4 0.0229358890625 0.5150737375000001 0.19606354374999999 0.509337840625 0.21520914375000003 0.50766281875 0.21439205781249998 0.4983234921875 0.1969068125 0.49567067031249995 0.01232554375 0.50136298125 0.0116768609375 0.511876190625 0.0229358890625 0.5150737375000001
21 0.521830465625 1 0.8050107093750001 0.9752249390625 0.7636208484375 0.8599038890624999 0.7392094296875 0.8139399109375001 0.669114628125 0.6402213578125 0.011367220312499999 0.6517583890624999 0.0197196453125 0.7472270484375 0.07126750937500001 0.7448084859375 0.15695560625 0.7561333703125 0.2058311265625 0.7769528125 0.22650709687499998 0.7981481046875001 0.2326293546875 0.81434280625 0.23706475781249997 0.8829673734375 0.2324200265625 0.9732992609375 0.22765929687500003 1 0.521830465625 1
4 0.22629151875 0.6462869312499999 0.23504125625 0.6455214296875 0.2300469765625 0.6234769906250001 0.020197690625 0.6271973859375 0.0223765828125 0.652102253125 0.22629151875 0.6462869312499999
4 0.21696632343750002 0.5456751515625 0.0166379359375 0.550653865625 0.018531296875 0.5902227546875001 0.2204162375 0.585107859375 0.21696632343750002 0.5456751515625
13 0.2779025515625 0.5071446734375 0.2677329703125 0.5163995609375001 0.27413935 0.643407846875 0.30288362343749997 0.6492582140625001 0.414981384375 0.6470318609375 0.4691202859375 0.642295321875 0.47272960781249995 0.63648990625 0.465960078125 0.505330809375 0.4590075640625 0.4975739109375 0.2779025515625 0.5071446734375
5 1 0.5596323890625 0.94400603125 0.555262615625 0.9171508828125001 0.9654139453124999 1 0.9581655874999999 1 0.5596323890625
20 0.3030739 0.45422865 0.27871375625 0.46263375937499995 0.2718388578125 0.4736916921875 0.44067621562500003 0.4706838515625 0.458868440625 0.4690922390625 0.470429115625 0.4667737515625 0.47886056874999994 0.455579640625 0.472089628125 0.449898146875 0.3030739 0.45422865