21 0.871875 0.5208333328125 0.88125 0.5291666671875 0.8953125 0.65 0.871875 0.7354166671875 0.8875 0.7354166671875 0.915625 0.6625 0.915625 0.625 0.9296875 0.5666666671875 0.9453125 0.5270833328125 0.9625 0.525 0.9625 0.49791666718750005 0.959375 0.4916666671875 0.9125 0.49583333281249997 0.809375 0.46458333281249997 0.803125 0.4791666671875 0.8140625 0.5125 0.871875 0.5208333328125
9 0.8671875 0.40625 0.7984375 0.40625 0.796875 0.4625 0.865625 0.46666666718750005 0.8671875 0.40625
5 0.91875 0.4770833328125 0.909375 0.45625 0.8796875 0.4479166671875 0.865625 0.45416666718750004 0.8671875 0.4875 0.91875 0.4770833328125
5 0.8140625 0.5604166671875 0.8375 0.575 0.8828125 0.5729166671875 0.878125 0.5229166671875001 0.85625 0.5166666671875 0.8546875 0.55625 0.8171875 0.5541666671875001 0.8140625 0.5604166671875
5 0.6296875 0.5979166671875 0.6421875 0.6375 0.6546875 0.64375 0.65625 0.6208333328125 0.640625 0.56875 0.684375 0.5708333328124999 0.7046875 0.56875 0.7046875 0.5625 0.6484375 0.5458333328125 0.6640625 0.5145833328125 0.665625 0.4791666671875 0.6515625 0.45625 0.6265625 0.44375 0.6140625 0.55 0.6265625 0.5625 0.6296875 0.5979166671875
5 0.721875 0.49375 0.7234375 0.5354166671875 0.6953125 0.53125 0.69375 0.5416666671875 0.7328125 0.55625 0.7453125 0.5895833328125 0.790625 0.5979166671875 0.840625 0.59375 0.8375 0.58125 0.790625 0.575 0.790625 0.5645833328125 0.809375 0.5333333328125 0.8109375 0.5020833328125 0.7890625 0.45208333281249996 0.78125 0.44166666718750003 0.765625 0.43958333281249995 0.74375 0.44166666718750003 0.7296875 0.4583333328125 0.721875 0.49375
14 0.95625 0.50625 0.9703125 0.5854166671875001 0.9640625 0.7020833328125 0.96875 0.7625 0.9453125 0.7708333328125 0.9484375 0.7833333328125 0.9859375 0.7979166671875 1 0.79375 0.9984375 0.28958333281250004 0.9796875 0.3125 0.9640625 0.48541666718750004 0.95625 0.50625
19 0.4875 0.47083333281249995 0.471875 0.5395833328124999 0.4609375 0.55 0.45 0.5479166671875 0.4484375 0.525 0.440625 0.5125 0.40625 0.5 0.3484375 0.5 0.3203125 0.4916666671875 0.28125 0.49791666718750005 0.271875 0.5125 0.278125 0.6479166671875001 0.3046875 0.6770833328125 0.3453125 0.7 0.5328125 0.7375 0.55625 0.73125 0.575 0.7145833328125 0.6 0.6645833328124999 0.625 0.6645833328124999 0.6296875 0.5854166671875001 0.6265625 0.5583333328125 0.6125 0.5458333328125 0.628125 0.4166666671875 0.64375 0.3583333328125 0.615625 0.35 0.534375 0.3479166671875 0.5140625 0.3854166671875 0.5078125 0.45 0.4875 0.47083333281249995
11 0.046875 0.42291666718750004 0.1546875 0.425 0.1796875 0.44166666718750003 0.1828125 0.43125 0.1953125 0.425 0.2984375 0.4145833328125 0.3 0.2645833328125 0.2921875 0.21875 0.0453125 0.18125 0.0375 0.19375 0.0421875 0.40625 0.046875 0.42291666718750004
21 0.178125 1 0.1921875 0.99375 0.2171875 1 0.2671875 0.9875 0.28125 0.9729166671874999 0.3140625 0.9708333328125001 0.3171875 0.9625 0.34375 0.9541666671875 0.3796875 0.96875 0.3828125 0.9875 0.390625 0.9958333328125001 0.40625 0.9958333328125001 0.4171875 0.9854166671875 0.4203125 0.9395833328125001 0.40625 0.79375 0.4234375 0.775 0.421875 0.7666666671875 0.1890625 0.6708333328125 0.175 0.6708333328125 0.1640625 0.69375 0.1546875 0.69375 0.13125 0.65625 0.0984375 0.6541666671875 0.0796875 0.6583333328125 0.06875 0.6958333328124999 0.0328125 0.7083333328125 0 0.7083333328125 0 0.9770833328125 0.0421875 1 0.178125 1
21 0.7109375 0.5 0.721875 0.49791666718750005 0.7296875 0.48541666718750004 0.7234375 0.46666666718750005 0.6828125 0.4625 0.6640625 0.47083333281249995 0.66875 0.4916666671875 0.7109375 0.5