11 0.1166590171875 0 0.1152676 0.004129825 0.0756428515625 0.2973015859375 0.0853141328125 0.3070760265625 0.1803765203125 0.32674759531249997 0.3124763859375 0.34110540624999997 0.32601173437500003 0.30093152500000003 0.3398342484375 0.225033278125 0.35510370468749997 0.1051584296875 0.160779546875 0 0.1166590171875 0
16 0 0.580800515625 0.032379871875 0.5939066656249999 0.139433090625 0.6068482078125 0.1595684734375 0.61467459375 0.16527872187499998 0.6154771171875 0.178692546875 0.5744972296874999 0.1789852703125 0.60609548125 0.1867217390625 0.607182771875 0.34347795468750003 0.5808258484375 0.3723775546875 0.3976485609375 0.251011171875 0.37428020625 0.2452095140625 0.381880065625 0.175581290625 0.3720944578125 0.0978290796875 0.35275186718749996 0.071235140625 0.3511181390625 0.06582099999999999 0.3671876921875 0.0507355796875 0.37348280312500004 0.013890471875 0.3662007546875 0 0.4650365953125 0 0.580800515625
5 0.829660053125 0.422206059375 0.8342071390625 0.4459869921875 0.860511134375 0.449683778125 0.874238853125 0.3969140890625 0.798711396875 0.38419559062499997 0.807222903125 0.402222265625 0.829660053125 0.422206059375
21 0.7095761078125 0.41216673593750003 0.57670120625 0.380869540625 0.538696321875 0.38183972499999996 0.5401488203125 0.4051857421875 0.5568791078124999 0.40964083906250004 0.5435389078124999 0.47088021874999997 0.5479716953125 0.4767627265625 0.55530961875 0.4777940046875 0.5723520468750001 0.41181541875 0.662772553125 0.4308346140625 0.6956504640625 0.4102096140625 0.7095761078125 0.41216673593750003
5 0.6612615015625 0.430359275 0.6064287546875 0.4163416125 0.586899378125 0.4767111609375 0.645829834375 0.488937934375 0.64978269375 0.4894934734375 0.6528503484375 0.45652666249999996 0.6198748640625 0.46661891093749996 0.6127182828125 0.46140550312500006 0.6612615015625 0.430359275
5 0.776341134375 0.4423250484375 0.762705434375 0.43830486718749995 0.67412494375 0.45110138125 0.6632994437499999 0.51690179375 0.68447924375 0.534605071875 0.7260026468749999 0.5443854453125 0.72958076875 0.5448883171875 0.76764559375 0.5378781109374999 0.7798287968750001 0.518552275 0.782050775 0.49151505625 0.776341134375 0.4423250484375
5 0.5399285828125 0.373071728125 0.5384760859375 0.349725709375 0.5047255640625 0.3428785765625 0.45898421093749997 0.34276147031250004 0.4656668125 0.4636176734375 0.48220473124999996 0.48066857812499997 0.5079288390625 0.48849148124999997 0.5824888875 0.49686640625 0.5439013375 0.468301396875 0.5390587515624999 0.379260903125 0.5143020500000001 0.375781575 0.5399285828125 0.373071728125
19 0.46950760625 1 0.506322865625 0.9489996062499999 0.5392007765625 0.92837460625 0.527304740625 0.9119760749999999 0.5024504640624999 0.897963996875 0.437174178125 0.8908938203125001 0.46309065625 0.8861209140625 0.46889231249999996 0.8785210546875 0.3954892625 0.8282325859374999 0.37721167968749997 0.8235600328125001 0.348406875 0.9836087625 0.46503658750000004 1 0.46950760625 1
19 0.438322840625 0.7479963484375001 0.438420415625 0.7585290984374999 0.4690791265625 0.7986026265625 0.41521100781250003 0.7552672296875 0.38755486562499997 0.7724184875 0.3828181890625 0.7948946718750001 0.47710831875000004 0.8312881671874999 0.51202139375 0.8635443765625 0.5243021703124999 0.8547512906250001 0.5385434546875 0.8730572796875 0.542169921875 0.873566946875 0.5516711453124999 0.8733244015625001 0.544996878125 0.8534521265624999 0.5479938921875 0.8433542921875 0.5541830671875 0.8442241234375001 0.563372034375 0.86865743125 0.633772515625 0.8617211140625001 0.6947944374999999 0.8766086078124999 0.6934395140625 0.8637953406250001 0.545855596875 0.7126177140625 0.5513673109375 0.7070809125 0.5750618109375 0.7293452234375 0.6029131 0.7332594671875 0.629688296875 0.587652146875 0.6206219875000001 0.5848001046875 0.6165410046875001 0.5842265609374999 0.5328890234375 0.6140202375 0.524960184375 0.62552875625 0.5102678375 0.7076161812499999 0.438322840625 0.7479963484375001
19 0.9048125046875001 1 0.9539619921875 0.8625408531250001 0.9739681250000001 0.72018981875 0.9569478921875 0.71779778125 0.9553030250000001 0.7070475734375 0.986725659375 0.6294152468750001 0.9925245390624999 0.5881540765625 0.8264790046874999 0.54588363125 0.8185501640625 0.55739215 0.8389799328124999 0.8611078328125 0.8408245734375001 1 0.9048125046875001 1
19 0.8390850921874999 1 0.8243796046874999 0.8864053859375 0.8283412453125001 0.8469898171875 0.8234066421874999 0.8147391921875 0.8162500609375 0.8095257859375 0.8235014375 0.7916106328125 0.8119790281249999 0.6153752453125 0.792346521875 0.597889425 0.688870203125 0.5707239328125 0.6536699625 0.574192090625 0.6478683046875 0.5817919515625001 0.61819366875 0.74802985625 0.6785409078125 0.7901720265625001 0.7041702187500001 0.8211234875000001 0.7042677937499999 0.8316562375000001 0.7156787375 0.8290523265624999 0.7047473281250001 0.7833360609375 0.6607373046875 0.669856675 0.6662490171875 0.6643198734375 0.717895159375 0.7346924890625 0.7579407640625 0.8539261343750001 0.7725438703124999 0.8622898890625 0.7608429828125 0.8669568578125 0.7638427734375 0.8905203343749999 0.755913934375 0.9020288531249999 0.7604610203125 0.9258097859375001 0.75127483125 0.9350377875 0.624106790625 0.91926929375 0.6067993921875 0.9526016234375 0.5919063421875 0.9463009281250001 0.5870693124999999 0.9245830515625 0.5816551734375001 0.9406526046874999 0.5913264546875 0.9504270437500001 0.594616190625 0.9719274609375 0.565444840625 1 0.8390850921874999 1
21 0.8313076984375 0.46661757656249997 0.8397216296875 0.47411149999999996 0.8355676187500001 0.5261228796874999 0.8485258578125 0.523736425 0.85732175 0.472377421875 0.8943592296875 0.46706366250000003 0.8865251859375001 0.45544362187500004 0.8354644890625 0.44826750937500004 0.8313076984375 0.46661757656249997