19 0.0869140625 0.6328125 0.150390625 0.6419270828125 0.166015625 0.6341145828125 0 0.4934895828125 0.0078125 0.5143229171875 0.0869140625 0.6328125
19 0.2998046875 0.7213541671875 0.2890625 0.7252604171875 0.25 0.8580729171874999 0.3603515625 0.9973958328125001 0.58984375 0.99609375 0.6015625 0.87109375 0.5986328125 0.8515625 0.4404296875 0.7994791671875 0.2998046875 0.7213541671875
15 0.2607421875 0.6328125 0.1552734375 0.6432291671875 0.0888671875 0.6354166671875 0.142578125 0.72265625 0.248046875 0.8528645828125001 0.30078125 0.6861979171875 0.298828125 0.6471354171875 0.2822265625 0.6354166671875 0.2607421875 0.6328125
15 0.611328125 0.8138020828125001 0.60546875 0.8372395828125001 0.5947265625 0.9973958328125001 1 0.99609375 0.9970703125 0.8697916671874999 0.6474609375 0.7838541671875 0.6298828125 0.7890625 0.611328125 0.8138020828125001
5 0.8818359375 0.5104166671875 0.7216796875 0.4947916671875 0.7158203125 0.4739583328125 0.6982421875 0.4739583328125 0.693359375 0.48828125 0.6875 0.7903645828125 0.7138671875 0.7942708328125 0.7158203125 0.7708333328125 0.716796875 0.79296875 0.7236328125 0.7994791671875 0.9375 0.84765625 0.9609375 0.4986979171875 0.9384765625 0.4947916671875 0.9306640625 0.5130208328125 0.8818359375 0.5104166671875
21 0.7236328125 0.6145833328125 0.921875 0.6419270828125 0.9208984375 0.6145833328125 0.7314453125 0.5859375 0.720703125 0.5950520828125 0.7236328125 0.6145833328125
21 0.72265625 0.5299479171875 0.7236328125 0.5494791671875 0.7626953125 0.5598958328125 0.92578125 0.57421875 0.927734375 0.55078125 0.9228515625 0.546875 0.7470703125 0.5260416671875 0.72265625 0.5299479171875
21 1 0.51953125 0.9638671875 0.515625 0.953125 0.6783854171875 1 0.6861979171875 1 0.51953125
21 0.693359375 0.5403645828125 0.6904296875 0.4869791671875 0.6044921875 0.4817708328125 0.458984375 0.5247395828125 0.4619140625 0.5416666671875 0.4765625 0.5455729171875 0.46875 0.7903645828125 0.4736328125 0.8072916671874999 0.4921875 0.80859375 0.498046875 0.61328125 0.5087890625 0.609375 0.6865234375 0.640625 0.693359375 0.5403645828125
5 0.45703125 0.5377604171875 0.45703125 0.5247395828125 0.466796875 0.5169270828125 0.4697265625 0.5 0.5009765625 0.4921875 0.5087890625 0.5052083328125 0.51953125 0.4986979171875 0.5146484375 0.421875 0.4990234375 0.4322916671875 0.44140625 0.4283854171875 0.453125 0.6705729171875 0.44140625 0.79296875 0.458984375 0.7981770828125 0.47265625 0.6966145828125 0.47265625 0.5716145828125 0.470703125 0.5481770828125 0.45703125 0.5377604171875
5 0.60546875 0.74609375 0.6240234375 0.7265625 0.623046875 0.78515625 0.642578125 0.77734375 0.64453125 0.70703125 0.654296875 0.66796875 0.6396484375 0.6588541671875 0.5361328125 0.640625 0.5244140625 0.640625 0.5009765625 0.6588541671875 0.49609375 0.8138020828125001 0.5068359375 0.8177083328125001 0.5087890625 0.8072916671874999 0.5400390625 0.8125 0.53515625 0.8294270828125001 0.5458984375 0.8359375 0.5771484375 0.8203125 0.5830078125 0.8463541671874999 0.6015625 0.84765625 0.6015625 0.8294270828125001 0.611328125 0.8111979171874999 0.603515625 0.7981770828125 0.60546875 0.74609375
7 0.4599609375 0.109375 0.451171875 0.1236979171875 0.4453125 0.4205729171875 0.4677734375 0.4296875 0.4970703125 0.4296875 0.5009765625 0.4192708328125 0.5185546875 0.421875 0.529296875 0.4361979171875 0.521484375 0.44140625 0.5234375 0.4986979171875 0.53515625 0.4986979171875 0.5625 0.4856770828125 0.576171875 0.1080729171875 0.5322265625 0.1015625 0.4599609375 0.109375
4 0.5791015625 0 0.4619140625 0.010416667187500001 0.453125 0.0169270828125 0.451171875 0.09244791718749999 0.4560546875 0.1067708328125 0.576171875 0.10546875 0.5751953125 0.2421875 0.703125 0.24348958281250002 0.69921875 0.38671875 0.7041015625 0.3932291671875 0.72265625 0.3919270828125 0.728515625 0.38671875 0.7314453125 0.2604166671875 1 0.26171875 0.9990234375 0 0.7490234375 0.010416667187500001 0.7255859375 0.010416667187500001 0.7177734375 0 0.5791015625 0
10 0.568359375 0.29296875 0.568359375 0.3736979171875 0.5712890625 0.3776041671875 0.697265625 0.37890625 0.7021484375 0.24479166718749998 0.5751953125 0.2421875 0.572265625 0.24609375 0.568359375 0.29296875
13 0.681640625 0.46484375 0.6796875 0.4440104171875 0.6826171875 0.4348958328125 0.6923828125 0.4348958328125 0.697265625 0.4283854171875 0.697265625 0.3841145828125 0.6923828125 0.3802083328125 0.5712890625 0.3776041671875 0.568359375 0.3815104171875 0.564453125 0.4153645828125 0.564453125 0.48828125 0.576171875 0.48828125 0.6064453125 0.4791666671875 0.6865234375 0.484375 0.689453125 0.48046875 0.681640625 0.46484375
18 0.9072265625 0.4010416671875 0.9033203125 0.3463541671875 0.900390625 0.3971354171875 0.8896484375 0.3984375 0.8876953125 0.4088541671875 0.7890625 0.4075520828125 0.7998046875 0.4166666671875 0.98046875 0.42578125 1 0.4205729171875 0.9208984375 0.4140625 0.9169921875 0.4010416671875 0.9072265625 0.4010416671875
16 0.162109375 0.3216145828125 0.1572265625 0.3151041671875 0 0.3033854171875 0.0068359375 0.3151041671875 0.162109375 0.3216145828125
16 0 0.4049479171875 0.0009765625 0.4166666671875 0.078125 0.4153645828125 0.1494140625 0.4140625 0.16015625 0.4075520828125 0.0439453125 0.3984375 0 0.4049479171875
16 0.0498046875 0.2265625 0.15625 0.23567708281250002 0.162109375 0.23046875 0 0.19921875 0.0009765625 0.21354166718749998 0.0498046875 0.2265625
16 0.021484375 0.5013020828125 0.0322265625 0.5130208328125 0.05859375 0.51171875 0.1572265625 0.5 0.16015625 0.4934895828125 0.1162109375 0.484375 0.021484375 0.5013020828125
16 0.1123046875 0.1458333328125 0.1640625 0.14453125 0.1552734375 0.1354166671875 0 0.08984375 0.0009765625 0.1145833328125 0.1123046875 0.1458333328125