16 0.7060546875 0 0.703125 0.01171875 0.65234375 0.8450520828125001 0.64453125 0.90234375 0.6416015625 0.890625 0.6279296875 0.9036458328125001 0.5595703125 0.890625 0.5322265625 0.9010416671874999 0.533203125 0.8893229171874999 0.5205078125 0.8802083328125001 0.4853515625 0.8776041671874999 0.4755859375 0.8567708328125001 0.4404296875 0.8671875 0.4287109375 0.8359375 0.4189453125 0.8463541671874999 0.412109375 0.8424479171874999 0.4169921875 0.828125 0.40625 0.8424479171874999 0.4072265625 0.859375 0.390625 0.8606770828125001 0.3916015625 0.875 0.6416015625 0.9348958328125001 0.642578125 0.99609375 0.671875 0.99609375 0.677734375 0.9075520828125001 0.697265625 0.8528645828125001 0.69921875 0.7877604171875 0.6875 0.7799479171875 0.6875 0.7330729171875 0.69921875 0.5716145828125 0.7109375 0.5481770828125 0.712890625 0.48046875 0.70703125 0.4752604171875 0.70703125 0.4361979171875 0.71875 0.25390625 0.728515625 0.1966145828125 0.7333984375 0 0.7060546875 0
16 0.4296875 0.87109375 0.4228515625 0.8645833328125001 0.3955078125 0.8619791671874999 0.38671875 0.87109375 0.38671875 0.85546875 0.4296875 0.8111979171874999 0.400390625 0.6888020828125 0.4052734375 0.6744791671875 0.42578125 0.6627604171875 0.43359375 0.5481770828125 0.4296875 0.53515625 0.4345703125 0.53125 0.4384765625 0.5442708328125 0.4560546875 0.5494791671875 0.4658203125 0.5442708328125 0.4931640625 0.5546875 0.6630859375 0.5755208328125 0.669921875 0.55859375 0.6669921875 0.5520833328125 0.6162109375 0.5442708328125 0.5498046875 0.5442708328125 0.427734375 0.5247395828125 0.431640625 0.3580729171875 0.447265625 0.3424479171875 0.455078125 0.23307291718749998 0.6904296875 0.234375 0.6953125 0.20182291718749998 0.6923828125 0.1536458328125 0.685546875 0.16015625 0.685546875 0.1861979171875 0.6787109375 0.1979166671875 0.4384765625 0.1927083328125 0.4404296875 0 0.42578125 0.006510417187500001 0.359375 0.9778645828125001 0.3603515625 0.9973958328125001 0.40234375 0.99609375 0.408203125 0.8763020828125001 0.43359375 0.8815104171874999 0.42578125 0.87890625 0.4296875 0.87109375
2 0.60546875 0.7018229171875 0.603515625 0.71484375 0.59765625 0.89453125 0.6328125 0.8997395828125001 0.650390625 0.86328125 0.66015625 0.68359375 0.6259765625 0.6770833328125 0.60546875 0.7018229171875
2 0.56640625 0.6940104171875 0.55859375 0.8815104171874999 0.5712890625 0.8932291671874999 0.59375 0.8919270828125001 0.603515625 0.7044270828125 0.6201171875 0.6744791671875 0.5908203125 0.671875 0.56640625 0.6940104171875
2 0.5576171875 0.6666666671875 0.52734375 0.6940104171875 0.521484375 0.8658854171874999 0.5283203125 0.8828125 0.552734375 0.8841145828125001 0.55859375 0.87890625 0.564453125 0.7044270828125 0.583984375 0.67578125 0.5576171875 0.6666666671875
2 0.5517578125 0.6640625 0.5185546875 0.6614583328125 0.4921875 0.68359375 0.486328125 0.8684895828125001 0.515625 0.8763020828125001 0.521484375 0.8736979171874999 0.5234375 0.8502604171874999 0.52734375 0.69140625 0.5517578125 0.6640625
2 0.4619140625 0.6536458328125 0.400390625 0.6809895828125 0.44140625 0.8502604171874999 0.4462890625 0.8619791671874999 0.455078125 0.8606770828125001 0.4794921875 0.8489583328125001 0.48828125 0.83203125 0.48828125 0.7434895828125 0.4619140625 0.6536458328125
2 0.66796875 0.55078125 0.681640625 0.3502604171875 0.6396484375 0.34375 0.630859375 0.5455729171875 0.66796875 0.55078125
2 0.591796875 0.3684895828125 0.5859375 0.5403645828125 0.615234375 0.54296875 0.630859375 0.53515625 0.63671875 0.3658854171875 0.5966796875 0.3619791671875 0.591796875 0.3684895828125
2 0.4765625 0.5299479171875 0.5 0.5325520828125 0.515625 0.5247395828125 0.5185546875 0.3567708328125 0.48046875 0.3580729171875 0.4765625 0.5299479171875
2 0.54296875 0.53515625 0.55078125 0.36328125 0.5224609375 0.359375 0.515625 0.5299479171875 0.54296875 0.53515625
2 0.5517578125 0.359375 0.544921875 0.5377604171875 0.576171875 0.5403645828125 0.5859375 0.53515625 0.587890625 0.5221354171875 0.591796875 0.36328125 0.5517578125 0.359375
2 0.4365234375 0.3515625 0.427734375 0.51953125 0.4326171875 0.5260416671875 0.45703125 0.5247395828125 0.4736328125 0.5208333328125 0.4765625 0.51171875 0.48046875 0.3580729171875 0.4365234375 0.3515625
2 0.53125 0.1888020828125 0.5361328125 0.1953125 0.6796875 0.1940104171875 0.6796875 0.16796875 0.6630859375 0.1510416671875 0.53125 0.1549479171875 0.53125 0.1888020828125