15 0.4533825875 1 0.48621508281250003 0.998279321875 0.5690957062499999 0.9936749578124999 0.579571771875 0.9696562656250001 0.5951238 0.8932167453125001 0.6736337609375 0.678334421875 0.6727849640625 0.662138390625 0.6436833703125 0.6442403703124999 0.484061559375 0.621312909375 0.33741142812499997 0.5846669265625 0.31831581875000003 0.59349090625 0.3049822265625 0.6189632265625 0.2638957125 0.7306415796875 0.2389063921875 0.776282803125 0.20380751406250003 0.8902550984375001 0.1823102171875 0.9278900906249999 0.155014765625 1 0.4533825875 1
19 0.153597759375 1 0.3001011546875 0.6265880953125 0.2998295921875 0.62140638125 0.29756113125 0.6154405390625 0.2023464796875 0.5526292734375 0.1697386203125 0.6208355609375 0.0480206515625 0.947966609375 0.02407705625 0.97251056875 0.0246180296875 0.9828329421875001 0.025849093750000003 1 0.153597759375 1
15 0 0.5074951046875 0.02403833125 0.966173784375 0.0353509296875 0.9655809156249999 0.036702615625000004 0.965249303125 0.0535282296875 0.9317707531250001 0.19619833125 0.556602321875 0.1960982296875 0.55282634375 0.194319625 0.5188885453125 0.11717939531249999 0.5229312937499999 0 0.4966350734375 0 0.5074951046875
19 0 0.494513578125 0.0000249578125 0.4949096953125 0.059628739062500005 0.5126479171875 0.13872305625 0.517369078125 0.143571321875 0.517114990625 0.15365913281250002 0.5155432140625 0.15610778593750002 0.5062877953125 0.066424934375 0.41841308593750004 0.032313271875 0.4019466203125 0.0018317703125000002 0.4025009921875 0 0.40259699062500004 0 0.494513578125
19 0.6594134765625 0.720474721875 0.59184303125 0.9052539015625 0.5747494296875 0.9895974359374999 0.8120534656249999 0.9796382109374999 0.8246269281249999 0.9789792640625 0.8957934218749999 0.8645510015625 0.9533013796875001 0.7900519359375 0.9532863359375 0.789764884375 0.7344845531249999 0.7347945953125 0.7014632234375 0.7391329109375 0.6850418875 0.7243470734375 0.6594134765625 0.720474721875
5 0.7851003875 0.44855015624999994 0.78174465625 0.45915698281250006 0.7269958125 0.459418509375 0.6503831625000001 0.4530026453125 0.643850359375 0.4403063125 0.6222591359375 0.43883012031249996 0.6348403265625 0.641574525 0.6466793078124999 0.6435618125 0.6483102093750001 0.6187028046874999 0.6616907656250001 0.612786078125 0.656788865625 0.5752307390625 0.7831167640625 0.5972953203125 0.786792040625 0.6114452796875 0.789701125 0.6856134234375 0.774732034375 0.6798785703125 0.7716442906250001 0.6396204140624999 0.7697877671875 0.6788338171875 0.7050140984375 0.674405240625 0.6709963609375 0.6970499593749999 0.6631052390625001 0.714413828125 0.702297459375 0.7345256453125 0.7275169953125 0.7305962046875 0.8266749093750001 0.75669244375 0.8568387124999999 0.75380775625 0.8741201640625 0.7476865921875 0.8818858828125 0.711136325 0.881862084375 0.710682221875 0.8686730984375 0.6997288625 0.8240384078125 0.68772549375 0.8095491375 0.4485727203125 0.7851003875 0.44855015624999994
21 0.6540728859375 0.5327365203125 0.6598349015625 0.549384859375 0.7824334640624999 0.561865859375 0.7848715281249999 0.5617380859375001 0.7844885484375 0.5544304062500001 0.78062640625 0.5404467046875 0.670447259375 0.527966765625 0.6540728859375 0.5327365203125
21 0.659506703125 0.5020715703125 0.784246065625 0.5124845703124999 0.7848439109375 0.501500728125 0.7844233546875 0.4934760265625 0.778075175 0.4880344390625 0.652306484375 0.4803720703125 0.653279240625 0.49893336718750003 0.659506703125 0.5020715703125
21 0.511437840625 0.505528759375 0.5152116375 0.6148560828125 0.526288765625 0.6190998750000001 0.527220203125 0.619051059375 0.532624784375 0.5552693375 0.6255662453124999 0.567241740625 0.6225052796874999 0.5088350515625 0.6200708171875 0.46984652968749996 0.4950165046875 0.490742921875 0.5005059375 0.502190065625 0.511437840625 0.505528759375
21 1 0.5167622265625 0.9980117406250001 0.478823971875 0.812966378125 0.4689947796875 0.8186012937499999 0.59517488125 1 0.622105403125 1 0.5167622265625
4 0.94225843125 0 0.8626817906250001 0.0162932984375 0.822991365625 0.0053346828125 0.6063129453125 0.0505909453125 0.6029618109375 0.117263953125 0.60886011875 0.1365128890625 0.710781634375 0.1220443171875 0.7144661015625 0.24832663593749998 0.83448681875 0.24334048749999998 0.83558634375 0.376277628125 0.868975659375 0.37896092656249997 0.8749038406249999 0.37865024375 0.8807993749999999 0.2500404390625 0.9856662234375 0.243257478125 0.9729176390625 0 0.94225843125 0
7 0.658822028125 0.44982225312499996 0.7144779515625 0.448209321875 0.7081008265625 0.12127210156249998 0.6187890796875 0.13377595312499999 0.6047740296875 0.1462452828125 0.6071941015625 0.3416989890625 0.615456328125 0.424713678125 0.6105590249999999 0.44322452187500005 0.611513065625 0.46142870468749997 0.6169517640625 0.46257793124999996 0.621465653125 0.46234136875000004 0.622896209375 0.43605860312500005 0.6483883296874999 0.4373303609375 0.6498405734375 0.446381340625 0.658822028125 0.44982225312499996
16 0.3495285921875 0.1068153859375 0.2101453984375 0.0744824953125 0.19555700468749998 0.064816078125 0.1501975703125 0.0651070734375 0.1368085421875 0.07832591718750001 0.13463523125000001 0.1264222390625 0.1479372859375 0.3802405796875 0.147256546875 0.4866720671875 0.16271720781250001 0.512982309375 0.2022713390625 0.521340328125 0.2912117828125 0.51667915625 0.2777137203125 0.5278175218750001 0.2881662046875 0.5481316546875 0.30533014999999997 0.5472321296875 0.33175505156249996 0.5807909812500001 0.37136521562499997 0.5787150999999999 0.3752943296875 0.568599771875 0.3740802578125 0.3663027375 0.36422601875 0.11856228124999998 0.3495285921875 0.1068153859375