11 0.6763579765625 0.27151775 0.5069394093749999 0.24189634999999998 0.46028952343749996 0.40876033906250003 0.53497470625 0.43315467031250005 0.55670545 0.448156828125 0.6612811203125 0.4703850734375 0.6879158484375 0.3975072734375 0.7174193359375 0.2887651171875 0.7130385109375 0.27931443749999996 0.6763579765625 0.27151775
14 0.314634615625 0 0.3108391359375 0.014648482812499999 0.3098425921875 0.07194331875 0.2660767578125 0.13505639687499998 0.24628213125 0.17557632031249998 0.18561655625 0.44595499375000003 0.1900467125 0.48523442499999997 0.1734321265625 0.6009759546875 0.1047409546875 0.9015968796875 0.12246849687500001 0.9309234999999999 0.23403845781250002 0.9546384265625001 0.2438459828125 0.9460736984375 0.2442544671875 0.9291215156250001 0.226118440625 0.916747078125 0.2243365125 0.89506955625 0.2022528109375 0.8712066343749999 0.3053107765625 0.4990851765625 0.3238552859375 0.49450742812500004 0.32951089218749996 0.4829303078125 0.33835345625 0.4187836890625 0.363067634375 0.3175430375 0.3770339921875 0.1841996 0.3594860265625 0.13148251093750002 0.360785475 0.1253690890625 0.3773684796875 0.1225042859375 0.3965010484375 0.0775838859375 0.3997820453125 0 0.314634615625 0
5 0.324869578125 0.579918071875 0.3099382578125 0.6576796203125 0.32322872812500003 0.7755179140624999 0.3407273625 0.79840625 0.413150846875 0.8409562578124999 0.4193916265625 0.8422827765625 0.4724195203125 0.84769704375 0.5245631875 0.8353518843750001 0.538293721875 0.8233612656249999 0.5402305609375 0.80673394375 0.45240290312500003 0.7539875781250001 0.47828628437500004 0.6998527265625001 0.486899940625 0.6292678234375 0.46695732031250003 0.5803014875 0.42803704062500003 0.53795070625 0.46120305000000006 0.5322211015625 0.46573878437499994 0.5033669359374999 0.46133329375 0.47900188125 0.445363015625 0.45643840625000004 0.42734760468750005 0.45101170625 0.42085209843750004 0.44963104375 0.3978044140625 0.469758153125 0.38129540781250004 0.5173660859375 0.34858721406250004 0.535972259375 0.324869578125 0.579918071875
21 0.7017606921875 0.6855872671875 0.7144700187499999 0.715977109375 0.760296021875 0.7108085921875 0.8690450937499999 0.612520975 0.8303783890625 0.59152285625 0.7873801890625 0.5909028125 0.7764774578125 0.5971048703124999 0.7590774859375 0.6338740406250001 0.7121316109375 0.6217655109375 0.699700525 0.62764270625 0.6806981999999999 0.6193438859375 0.61128480625 0.61523899375 0.5706565953125 0.5959538203125 0.5767453515625001 0.582338890625 0.5926662984375 0.5750736125 0.6642701062499999 0.58390384375 0.6755566546875 0.5458352234375 0.6515361140625 0.5385996234375 0.42541347968750004 0.535263175 0.459519784375 0.5702010843750001 0.48208596562499995 0.6218549531249999 0.4832551703125 0.6689607515625 0.465675621875 0.729120390625 0.47425769687499997 0.7714122156250001 0.5303983703124999 0.80038429375 0.6591956421875 0.6829294140625 0.7017606921875 0.6855872671875
5 0.5330083906249999 0.46495109375 0.52103511875 0.48370485937499996 0.50699188125 0.535031721875 0.5117728875 0.5360479546875 0.567392934375 0.536156040625 0.5712666125 0.502901396875 0.5622760546875 0.47756175624999997 0.5330083906249999 0.46495109375
5 0.857901728125 0.7701593328125 0.8884195078125 0.746827821875 0.9319071046875 0.64744770625 0.943193653125 0.6093790875 0.9342277609374999 0.5989538234375 0.89565971875 0.637613209375 0.880221253125 0.672669434375 0.8674803453125 0.755156321875 0.8447592531250001 0.7418072984374999 0.8855986203124999 0.624825278125 0.88470765625 0.613986515625 0.8729139609375001 0.6093498125 0.8330218031250001 0.6392082453125 0.7641648875 0.707637428125 0.7312277859375 0.71980531875 0.7371369671875 0.7295808578125 0.7338760140625 0.737407225 0.721444928125 0.743284421875 0.6782178203125 0.7362260921875 0.6289266234374999 0.75769706875 0.6984140140624999 0.8065450890625 0.7280351546875 0.8184321812500001 0.739306778125 0.8208280390624999 0.7698135796875001 0.8238514125 0.7970704078125 0.8083462671874999 0.8297539359374999 0.7748257171875 0.857901728125 0.7701593328125
19 0.17167486406250002 0.594212809375 0.18464467812500002 0.51816420625 0.185641221875 0.46086937031249997 0.14524191875 0.44802248125000005 0.1279475265625 0.41665805312500004 0.071120128125 0.368371121875 0.0501563 0.36178524375 0.0200716671875 0.38307895 0.0177263453125 0.41665845625 0.03344305 0.41786926874999997 0.05529784375 0.43529390625 0.0695355265625 0.46600860937500005 0.10517018593750001 0.50127138125 0.1402167875 0.57687680625 0.15967692656250002 0.598052196875 0.17167486406250002 0.594212809375
2 0.697431303125 0.6082577171875 0.6371387109375 0.5762732453125 0.6196894078125 0.5832136625000001 0.58998859375 0.57264080625 0.5697114875 0.585369784375 0.5666794421875 0.5996344375 0.6033116515625 0.617804 0.60475085625 0.6181099125 0.6162488781250001 0.6144304984375 0.633722846875 0.622404459375 0.687190628125 0.6188602515625 0.697431303125 0.6082577171875
15 0.164197015625 0.3287849234375 0.130344284375 0.315199675 0.11116238281249999 0.330291321875 0.090730365625 0.3813251453125 0.10211557812500001 0.4029140328125 0.129501121875 0.4212480328125 0.1304054 0.4214402421875 0.14294803125 0.41372311406250006 0.1597106109375 0.3874678453125 0.17339181406249998 0.3456484734375 0.164197015625 0.3287849234375
9 0.6709914421875001 0.58985849375 0.7096581484375 0.6108566125 0.7539804609375 0.6202776109375 0.7419825234374999 0.624117 0.7597972000000001 0.6318971437500001 0.7611058578125001 0.6321753078125 0.8190692765625001 0.5169694734375 0.8221013218750001 0.502704821875 0.8148926937500001 0.49904270312500004 0.7633301703125001 0.5988363156250001 0.6836267703125001 0.57550520625 0.6709914421875001 0.58985849375
21 0.56952765625 1 0.5485987703124999 0.91766881875 0.5454927265625 0.887190340625 0.550665853125 0.8478222750000001 0.539713790625 0.8241955781250001 0.49434560312500003 0.8422406640625001 0.4904472578125 0.86058093125 0.5181471421875 0.991066484375 0.5601760296875 1 0.56952765625 1
19 0.17084706249999998 0.35762059218750003 0.1601732390625 0.3702609328125 0.1510524359375 0.398140515625 0.13166629375 0.4217082546875 0.1432804140625 0.4497354265625 0.169924515625 0.4596585578125 0.2040377359375 0.3668053625 0.1819787015625 0.3578568171875 0.17084706249999998 0.35762059218750003
19 0.0286338875 0.38037291875 0.042135515624999995 0.361944015625 0.096085778125 0.38619075625 0.11152424375 0.35113453125 0.114735865625 0.313479409375 0.037656028125000005 0.29283583125 0.0326378109375 0.293899053125 0.0141748203125 0.3807605984375 0.0167539203125 0.381308803125 0.0286338875 0.38037291875