19 0.13243243437500002 0.6090041703125 0.141734690625 0.6098180109375 0.1552057046875 0.6044939625 0.15527449531249998 0.6037076734375 0.0026873375000000003 0.44969408125 0.0086543640625 0.47112904375 0.07712787343750001 0.59606189375 0.13243243437500002 0.6090041703125
19 0.54663656875 1 0.568833071875 0.8785333812499999 0.56761679375 0.8588211140625001 0.414555040625 0.7931476640625 0.28216274218750004 0.7036642359374999 0.2798019703125 0.7034576953125 0.27023244218750003 0.7060188187499999 0.21974321406250003 0.83492140625 0.3171664984375 0.9827771234375 0.40902496250000003 0.990813696875 0.5213622234375 1 0.54663656875 1
15 0.144405184375 0.6125350593750001 0.078932534375 0.5989646015625001 0.12483565468749999 0.690553428125 0.2177111890625 0.828208340625 0.2190261734375 0.8283233875 0.2842482921875 0.671310659375 0.286416678125 0.646525896875 0.28707315 0.628938059375 0.27155611875 0.61581698125 0.250380465625 0.6113502375000001 0.144405184375 0.6125350593750001
15 0.9565971187500001 1 0.9580734874999999 0.98312501875 0.9626574890624999 0.9116814968750001 0.6239338156249999 0.7963040703125001 0.6200719140625 0.795966196875 0.6039032578125 0.7992570296875 0.5832629796875 0.8222853234375 0.5753831890625001 0.8451229578125 0.551303809375 1 0.9565971187500001 1
5 0.879418321875 0.5443047875 0.7212333234375 0.514780709375 0.7172119890624999 0.49351597343750003 0.6997007546875 0.49198393906250004 0.6935881984375001 0.5058267875 0.6614228234375 0.806249925 0.6873492234375 0.8124393624999999 0.691337628125 0.789261275 0.690381246875 0.8113975734375 0.6966237515625 0.8184790062499999 0.8992690109374999 0.88313151875 0.9056988640625001 0.8836940578125001 0.9592402359375001 0.5395247875 0.9372052203125 0.5336758015624999 0.9278336734374999 0.5511546953125 0.879418321875 0.5443047875
21 0.711784865625 0.6138132359374999 0.71300114375 0.633525503125 0.8997441671875 0.676135246875 0.9080133625 0.6768587078125 0.9083878593750001 0.672578184375 0.9095161140625001 0.650718334375 0.7232805640625 0.6056695796875 0.711784865625 0.6138132359374999
21 0.7194501546875001 0.548608184375 0.718720740625 0.568150225 0.7567267234374999 0.5819317734375 0.916478140625 0.6101551359374999 0.9179659015625001 0.610285296875 0.92193215 0.5872359765625 0.9174083703125 0.5829190265624999 0.744111765625 0.5468446250000001 0.7194501546875001 0.548608184375
21 0.9358420609375001 0.717328765625 0.979556996875 0.7286035515625 0.981891828125 0.7288078234375 0.996383740625 0.5631645109375001 0.9607288765625001 0.5561239437500001 0.9358420609375001 0.717328765625
21 0.4580497109375 0.538024946875 0.4723019546875 0.5431930281249999 0.443184184375 0.7863722828124999 0.4465731234375 0.8036605187499999 0.455758421875 0.8051176578125 0.4650199203125 0.8059279328125 0.48780340625 0.6125161968749999 0.49884516718749994 0.6095610546875 0.67317959375 0.6561827109375 0.6869508515625 0.5682462453125 0.6891902703125 0.5426495765625 0.6904620953125 0.5034619984375001 0.60530555 0.49078353750000003 0.456606465625 0.5209069359375 0.4580497109375 0.538024946875
5 0.43922658906249995 0.6657767890625 0.4168849328125 0.7866855125 0.43010434062499997 0.7918939359375 0.43420152031250003 0.79225239375 0.45641383593749996 0.69342161875 0.4673083046875 0.56889728125 0.467405325 0.5453787421875 0.45469334687499996 0.5338101328125 0.4558281875 0.5208388453125 0.46623755625 0.5139072046875001 0.4706313875 0.49729987343750004 0.5024433765625 0.4922407203125 0.50909130625 0.505892909375 0.5187209484374999 0.501150696875 0.5209460609375001 0.47571754374999997 0.5221913640625 0.42338736250000003 0.5057179484375001 0.43240258281250005 0.4486604640625 0.423489528125 0.43922658906249995 0.6657767890625
5 0.486510040625 0.6586728625 0.46814120781249996 0.8126055890625 0.47850206562500003 0.81743321875 0.48135563125 0.8072264171875 0.5120327796875 0.8151385484375 0.5056932546875 0.831575653125 0.5158271453125 0.8389975390625001 0.5483200375 0.8261556140625 0.551887434375 0.8526088640625 0.5537244890624999 0.852900290625 0.5703601671875 0.8543557234374999 0.571846809375 0.8373633390625 0.5831640484375 0.8200546718749999 0.5765161187500001 0.8064024812499999 0.5830011734375 0.7546875671875 0.603187515625 0.7368477875 0.5971078859375 0.79513345625 0.61724571875 0.7890529468749999 0.6253195500000001 0.7191782328125 0.6376645562500001 0.683399271875 0.6379006015625001 0.68070124375 0.6246542265625 0.6707589125 0.5231212875 0.6435771328125 0.5114471296875001 0.6425557765625001 0.486510040625 0.6586728625
7 0.45223721093749997 0.4162215234375 0.47381828906249995 0.42725902031249996 0.50300368125 0.4298124109375 0.5078029390625 0.4197758359375 0.52508720625 0.42390212656250004 0.5345401921875 0.4391067859375 0.526303484375 0.44361439375 0.5232766578125 0.5004679750000001 0.535781275 0.5015619874999999 0.563304575 0.49129151093749995 0.606511209375 0.14309980312499998 0.608874559375 0.11608658593750001 0.5666241296875001 0.106000096875 0.4939525921875 0.10748450312499999 0.48394865 0.12098690000000001 0.45223721093749997 0.4162215234375
4 1 0.0432685171875 0.7905739546875 0.033707053125000004 0.7672256421875 0.031664340624999995 0.760522615625 0.02088285625 0.6192653140625 0.008524443750000001 0.5045571171875001 0.008683821875 0.4952340796875 0.014403446875 0.48670631249999996 0.089466675 0.4903222203125 0.104160653125 0.610095809375 0.113332428125 0.5972071390625 0.249445809375 0.72453653125 0.2618927453125 0.7081619015625 0.40423642812500005 0.7119430953125 0.4103182921875 0.7236172578125 0.41133964843750004 0.731056278125 0.41146765625 0.73734729375 0.4067898203125 0.751273784375 0.28122369375 1 0.304200109375 1 0.0432685171875
10 0.5794282468749999 0.38094876875 0.581748525 0.384680821875 0.59428685 0.3859084875 0.7072768640625 0.3957938328125 0.7213678812500001 0.28242387343750003 0.7230055421875 0.2637053109375 0.5974422515625 0.2501199078125 0.594183259375 0.2537559546875 0.5868047093750001 0.296635415625 0.5794282468749999 0.38094876875
13 0.5803764250000001 0.494484278125 0.608233790625 0.488687021875 0.6875532578125 0.5008548046875 0.69081225 0.4972187578125 0.6843912875 0.4809723109375 0.6842613390625 0.4600480296875 0.6879742656250001 0.45122346875 0.6977027296875 0.4520745984375 0.7022653171875 0.44698413437499995 0.706269034375 0.4012214390625 0.702469059375 0.3975952 0.60012398125 0.3864191703125 0.5817371765625 0.384810534375 0.578804084375 0.388082975 0.5719621140625 0.42146786406250003 0.565686446875 0.493199071875 0.5803764250000001 0.494484278125
18 1 0.4637261640625 0.926775390625 0.45120294687499996 0.9240188453125 0.43789120937500003 0.9142903812500001 0.43704007968749997 0.915159075 0.3826118 0.9151088296875001 0.3826074046875 0.9078209078125001 0.43255290312500005 0.8970061140625001 0.4329137875 0.8941525484374999 0.443120590625 0.7960085484375 0.43322704375 0.8059154703125 0.44324318749999997 0.9671794531250001 0.46558641874999995 0.9885820624999999 0.467458903125 1 0.46545970312499996 1 0.4637261640625
16 0.17777861718750002 0.29270135937499997 0.1778885328125 0.291445021875 0.1744510828125 0.28591605625 0.019037471875 0.2605702265625 0.019009559375000002 0.260889271875 0.024632740625 0.27280864843749997 0.17777861718750002 0.29270135937499997
16 0.05673128281249999 0.3765217140625 0.087518659375 0.3786924359375 0.1586499296875 0.383608559375 0.16868934375 0.3786645484375 0.1687592546875 0.3778654609375 0.054944328125 0.35885080937499997 0.010598821875 0.3615063671875 0.010553545312499999 0.372481684375 0.05673128281249999 0.3765217140625
16 0.07520028906250001 0.18783003125 0.1714250828125 0.20461377500000003 0.181389809375 0.20548557656250002 0.18568866875 0.20228905468749997 0.18578073281250002 0.20123676562499998 0.0281595765625 0.15630409843749998 0.0279131921875 0.1591202734375 0.0276928109375 0.1706030953125 0.07520028906250001 0.18783003125
16 0.032398284375 0.4716378984375 0.048871821875 0.47307914687499997 0.05942395 0.47347951562499996 0.15870279062499998 0.470401775 0.1610267640625 0.46624823906249996 0.16123355781249998 0.46388458281249995 0.11920505156250001 0.4512614859375 0.0235612703125 0.45985044531249997 0.023539659375 0.46009747343749996 0.032398284375 0.4716378984375
16 0.03641003125 0.0732057640625 0.140534125 0.11250846249999999 0.1910977671875 0.1169322078125 0.1962652453125 0.117253596875 0.18830401562500002 0.10740767968750001 0.03759338125 0.0484752109375 0.03641003125 0.0732057640625