19 0.1768094234375 0.8026447734375 0.1925448671875 0.8017084390625 0.17511032499999998 0.7202043125 0.1795428546875 0.6938747984375 0.17284131875 0.6675872015625 0.14222529374999998 0.624724846875 0.20045312499999998 0.6049171953125 0.1962528078125 0.5505531671874999 0.143537496875 0.533209740625 0.0119162984375 0.5439380265625 0.0000434765625 0.5483681953125 0.0234970828125 0.6690265359375 0.12239855625 0.645557384375 0.14091663125 0.6589364468750001 0.157615959375 0.6875253234375001 0.14932080625 0.7103610015624999 0.0366152015625 0.7365134046875 0.0473482078125 0.7917299343749999 0.148919746875 0.7656194484375 0.1768094234375 0.8026447734375
15 0.15290201718750002 0.671463009375 0.1235348296875 0.6432141890625 0.117399659375 0.6444067453125 0.0230995640625 0.6669814796875 0.0366152015625 0.7365134046875 0.1596598359375 0.706228971875 0.15290201718750002 0.671463009375
21 0.2906974515625 0.831708309375 0.2750253734375 0.726516003125 0.3520562328125 0.7051757421875 0.35785016718749996 0.7104164953125001 0.3583602515625 0.7294182828125 0.327796965625 0.75233779375 0.32222816249999997 0.7810105046875 0.29109851249999996 0.7764498625 0.32421575625 0.7912357859375 0.3439263875 0.8107500203125 0.3471628203125 0.8355888374999999 0.314042034375 0.878106415625 0.314098315625 0.8865847812500001 0.352956753125 0.8408295906250001 0.3508565953125 0.8136475765625001 0.3900527265625 0.8187625796875 0.386928859375 0.810880490625 0.3445525765625 0.7894050359375 0.332113390625 0.7663550515625001 0.3595528078125 0.735553453125 0.36358427656250003 0.7644823828125 0.3793197203125 0.76354605 0.370064225 0.699553015625 0.47390831093749997 0.6687561390625001 0.47890720781249996 0.669906778125 0.483336196875 0.700880765625 0.49753784687499997 0.7002425703124999 0.49220125625 0.6482217390625 0.5197532375 0.6343768703125 0.49430495625 0.61810025 0.3638798546875 0.5776602015625001 0.3635949015625 0.5925718765625 0.373648975 0.6033515203125 0.42744427656250006 0.6098733859375 0.43630579531249997 0.614517859375 0.436759596875 0.6250412828125 0.371260321875 0.6483846828125001 0.29059551093749997 0.6428410703125 0.2839502578125 0.6250318390625 0.27202115312499997 0.6209836421875 0.27230610781250003 0.60607196875 0.26531961718749997 0.5946960453125001 0.23271245624999998 0.5989119078125 0.14074119062499998 0.6252786171875 0.16550700000000002 0.6544218546875 0.1942409140625 0.8186226640625 0.21224890625 0.8129999375000001 0.18368383906250002 0.6742342265625 0.2554273078125 0.723958503125 0.2908627578125 0.91444690625 0.2910878875 0.9483603703125001 0.2979288265625 0.9594992937500001 0.29891940156249996 0.9593067453125 0.31835491562499996 0.9494271765625 0.3101758703125 0.931916084375 0.30603183437500003 0.8860304203125 0.2906974515625 0.831708309375
19 0.22390978125 0.791101771875 0.22112715 0.7767863765625 0.203857915625 0.77802085 0.206146721875 0.7974727609375 0.2118025796875 0.7963733734375 0.22390978125 0.791101771875
19 0.21141126093749998 0.6940471875 0.181416190625 0.6685733234375 0.18099980468750002 0.6686542609374999 0.2000449828125 0.774782646875 0.21529760156250002 0.7734095828124999 0.2203227875 0.7724327859375 0.21141126093749998 0.6940471875
19 1 0.49050199843750003 0.7840857609375 0.5530179703125 0.777496790625 0.5436871046875 0.8094285609374999 0.43773085468749995 0.8074409671874999 0.4275055703125 0.763587175 0.41480662031250004 0.7325630078125 0.541809715625 0.715350053125 0.5515225546875 0.6830278468750001 0.5408267421875 0.6192910359375 0.540481965625 0.5289696687500001 0.5262037640624999 0.5243120078125 0.5186198156249999 0.5582876546875 0.4313672140625 0.5574363359375 0.418798734375 0.44853707031249995 0.43996660781249997 0.409055984375 0.4497632796875 0.40564716250000005 0.45679286562500004 0.42767954062499997 0.594706078125 0.4392674078125 0.6051875843750001 0.5069794078125 0.625982928125 0.513568378125 0.63531379375 0.48908398125 0.648562384375 0.4955568453125 0.698240021875 0.3909740046875 0.7334251515625 0.3792137484375 0.7548120515625001 0.4068113890625 0.9213560562499999 0.4239082359375 0.9519899890625 0.433789921875 0.9946380390625 0.4380458171875 1 0.5481445218750001 1 1 0.9121681921875 1 0.49050199843750003
15 0.6188438265625 0.5381812765625 0.7237055531250001 0.5504289906250001 0.7283003453125 0.549535853125 0.76569746875 0.3929078640625 0.653618053125 0.3977152859375 0.6265726125 0.48786544374999996 0.6188438265625 0.5381812765625
19 0.601641496875 0.3759836078125 0.597947721875 0.39792486875 0.6783500171875 0.4000707296875 0.6975224125 0.39634399375 0.7265013359375 0.3877928625 0.68906766875 0.35898968125 0.62686465 0.3583467640625 0.601641496875 0.3759836078125
15 0.5373378296875 0.47098841562500005 0.5246664296875 0.5286319734375 0.5973328265625 0.5351997390625 0.5994659375 0.5347851046875001 0.6283416703125 0.47240000000000004 0.6424342968750001 0.3975015703125 0.5702334859375 0.394557375 0.5373378296875 0.47098841562500005
15 1 0.45185547656249997 0.9888756875 0.39462585156249996 0.9609261874999999 0.40642566249999995 0.9416693578125 0.397434853125 0.8276586312499999 0.40049535468749997 0.8067519031250001 0.43214945625 0.7928316640624999 0.475179478125 0.7782852359375 0.5395544859375 0.7833404140625 0.5491834890625 0.8329753906249999 0.5435147890625001 0.8393981578125 0.5422663296875 0.9857447374999999 0.50135076875 1 0.48810823125 1 0.45185547656249997
9 0.33933612343749997 0.516904190625 0.247593528125 0.5198808578125 0.287577615625 0.6436929796874999 0.35983788125 0.6498091078125 0.36970526875 0.6478910828125 0.4364117671875 0.62325185625 0.4305615515625 0.6095327375 0.369892325 0.6085916828125 0.33933612343749997 0.516904190625
2 0.261967078125 0.6102039968749999 0.2703098546875 0.6210509937500001 0.27809065624999996 0.619538559375 0.27185230625 0.5955485453125 0.26338830625 0.5929491265625 0.25804817343750003 0.598231796875 0.261967078125 0.6102039968749999