19 1 0.5696586515625001 0.8593705999999999 0.556278709375 0.85714386875 0.5396877203125 0.8738830203125 0.45243597500000005 0.8713041499999999 0.4273737515625 0.8038449484375001 0.4130140640625 0.7923722125 0.460563559375 0.7857050765625 0.549766265625 0.7660323046874999 0.5756894171875 0.7466003859375 0.6721153734375 0.7298534015625 0.67598171875 0.7159156921875 0.6642325578125 0.676098890625 0.6862537921875 0.6662625046875 0.69921536875 0.676808390625 0.7587865328125 0.673646975 0.7659308031250001 0.5970582765625 0.8092702984375 0.5779706625000001 0.8307820906250001 0.6079180546875 0.9882372078125 1 0.8977179578125 1 0.5696586515625001
21 0.4829822859375 1 0.4473280203125 0.813637115625 0.6512150203125 0.7173890203125 0.665976128125 0.767434490625 0.6766333 0.7649740890625 0.6663204328125001 0.6925203265625 0.7026236796875 0.669172128125 0.683181315625 0.6544175484375 0.4836156 0.6235181171875 0.47494952812499996 0.6276569703125 0.4842033671875 0.6469018875 0.5306977515625 0.64685848125 0.5391308046875001 0.6556022265625 0.5000182796875 0.6945659328125 0.47261412187499996 0.70089268125 0.3604186203125 0.7011374515625 0.3529228625 0.6964535828125 0.3442541796875 0.6727973031250001 0.31228266250000003 0.680178509375 0.2804250421875 0.653323284375 0.23779635156249998 0.6631648921875 0.15535085937499998 0.6950277359375 0.190722034375 0.723209928125 0.22539937656250003 0.845630178125 0.2285607921875 0.8384859078125 0.21239112968749999 0.7545554921875001 0.21168685156249997 0.7376130203125 0.2203529234375 0.733474165625 0.4134819109375 0.8128985734375 0.42906119374999996 0.84565008125 0.46187141093750006 1 0.4829822859375 1
14 0.6196050750000001 0.7947106265625 0.6705434875 0.7663800328125 0.6614035453125 0.71289868125 0.652509615625 0.70693400625 0.650511396875 0.70739533125 0.584462709375 0.7477669421875001 0.5987551671875 0.7957824734375001 0.6155610625 0.7956442609375001 0.6196050750000001 0.7947106265625
14 0.7187802859375 0.614126875 0.7273350703125 0.6720195875 0.7439655468749999 0.6745945390625 0.7561425609375 0.64398751875 0.7741685359375 0.54147175 0.779551459375 0.4953282 0.773106896875 0.46046777499999997 0.737611378125 0.35534148125 0.67494994375 0.29924960624999997 0.670610378125 0.23183120000000002 0.6633476390624999 0.21426473281249997 0.6428514703125 0.201891578125 0.6205998296875 0.2027525078125 0.604557121875 0.2235613265625 0.6031537890625 0.245266646875 0.616628071875 0.3105761375 0.6334941781250001 0.328063625 0.6082002421875 0.3574226609375 0.603166846875 0.3842423140625 0.6284764515625 0.5216540796875 0.548842846875 0.5656965484375001 0.54380945 0.5925162015625001 0.5531824109375 0.6331149546875 0.642308096875 0.6510250734375 0.6483979093750001 0.6496191296875 0.6481622796875001 0.63470659375 0.7187802859375 0.614126875
9 0.5120182468750001 0.6493001203125 0.47828864531250004 0.642120275 0.4467753296875 0.5403508859375 0.30553670624999996 0.5537151890625001 0.3543873875 0.7027971375 0.4740543703125 0.7048364421875 0.476596328125 0.7042495843750001 0.5102653859374999 0.6903293359375 0.538604228125 0.6602673296875 0.5322787859375 0.6467607390625 0.5120182468750001 0.6493001203125
2 0.3338859953125 0.6348337171875 0.3323635421875 0.635185203125 0.3300203015625 0.6250355140625 0.3208855828125 0.62714443125 0.32135423125 0.62917436875 0.3122195109375 0.6312832859374999 0.312688159375 0.633313221875 0.3020309875 0.635773625 0.302499634375 0.6378035609375 0.2811852890625 0.642724365625 0.28060013281249996 0.6471357281250001 0.27907767968749997 0.6474872140625 0.2828268640625 0.663726715625 0.28833151875 0.6667321312500001 0.2888001671875 0.6687620703125 0.2903226203125 0.668410584375 0.29079126875 0.670440521875 0.292313721875 0.6700890359375 0.2927823703125 0.672118971875 0.2943048234375 0.6717674859375 0.294773471875 0.673797425 0.30133193281250004 0.67442141875 0.30379168125 0.6781298078125 0.305314134375 0.677778321875 0.30625143125 0.681838196875 0.30777388437500003 0.681486709375 0.30824253281249997 0.6835166484374999 0.3128098921875 0.682462190625 0.31321995937499997 0.6842383843750001 0.3172164078125 0.6833157328125 0.344781409375 0.675080984375 0.34431276093749996 0.6730510453125 0.3458352140625 0.672699559375 0.3430233265625 0.660519934375 0.3415008734375 0.6608714203125 0.338688984375 0.6486917937500001 0.33716653124999996 0.6490432796875 0.3338859953125 0.6348337171875
15 0.7992743250000001 0.37932460625000003 0.772923971875 0.38326993125 0.7514931171875 0.394632034375 0.7796093875000001 0.48863315781249994 0.7708320296875 0.5548035765625 0.7742145125000001 0.5633770046875 0.7778937734375 0.56252758125 0.7900387640625001 0.5546456203125001 0.79038306875 0.47973145625 0.806068415625 0.39486113437500003 0.7992743250000001 0.37932460625000003
15 0.5494129875 0.40146316875 0.524825940625 0.4755598109375 0.5090214750000001 0.5390762984374999 0.5107795578125 0.5536373484375 0.5704372125 0.5494858953125 0.580420146875 0.547181153125 0.624026253125 0.5232160218749999 0.6268355296875 0.5076005140625 0.6079704875 0.4050491734375 0.5494129875 0.40146316875
15 1 0.44303219531250004 0.9853104406250001 0.3794047234375 0.8877795609374999 0.38962723125 0.8832756406250001 0.39066704375 0.8740548453124999 0.4115045015625 0.8742930875000001 0.45421216875 0.8552133078124999 0.5591093609375 1 0.5700040453125 1 0.44303219531250004
19 0.51142264375 0.542530946875 0.537646040625 0.43384638750000004 0.38903078125 0.46388065625 0.38071685 0.476490746875 0.3966508828125 0.5455086265625 0.44419907187499996 0.543083796875 0.4775843671875 0.6251778031249999 0.5303217874999999 0.6341164781249999 0.5492192390625 0.6297536578125 0.5429307359375 0.58871006875 0.55370180625 0.5520132359375001 0.5168107890625 0.5519776640625 0.51142264375 0.542530946875
19 0.145993609375 0.8735840453125 0.1509288953125 0.8724446453124999 0.199459090625 0.8513516984375 0.1787168453125 0.712885475 0.15681473125 0.69442250625 0.17473203125 0.6817334390625 0.16102211875 0.6015114125000001 0.0865358078125 0.5844977953125 0.007132609375 0.5878625328125 0.074149278125 0.8781436156250001 0.122984290625 0.8604547640625 0.145993609375 0.8735840453125
16 0.6063204265625 0.29371264375 0.6036224359375 0.247296584375 0.594601615625 0.21516906875 0.639337915625 0.20056461250000002 0.6765810703125 0.209071421875 0.6854853828125 0.2476402359375 0.671198146875 0.255214971875 0.6730727390625 0.263334721875 0.7181611796875 0.257201503125 0.7297602171875 0.307442459375 0.7297964671875 0.307434090625 0.7026905703125 0.13462329374999998 0.5915779999999999 0.130876315625 0.5588452578124999 0.138433265625 0.5463439250000001 0.1450611578125 0.5633317640625 0.21169761406249998 0.5849982484375 0.21524804843749998 0.6063204265625 0.29371264375