14 0.5078125 0.29375 0.515625 0.34375 0.4734375 0.375 0.4609375 0.39375 0.4578125 0.5375 0.4203125 0.59375 0.4203125 0.65625 0.4890625 0.6833333328125 0.59375 0.7020833328125 0.60625 0.6770833328125 0.6328125 0.5645833328125 0.6328125 0.42291666718750004 0.6203125 0.3895833328125 0.5703125 0.3416666671875 0.575 0.2520833328125 0.5578125 0.225 0.5421875 0.2208333328125 0.5171875 0.23541666718749998 0.5109375 0.2520833328125 0.5078125 0.29375
19 1 0.7708333328125 0.975 0.7791666671875 0.953125 0.7729166671875001 0.9453125 0.7270833328124999 0.959375 0.68125 0.8953125 0.6458333328125 0.903125 0.6166666671875001 0.95625 0.5375 0.95625 0.5270833328125 0.8671875 0.5104166671875 0.8546875 0.53125 0.8484375 0.5604166671875 0.84375 0.65 0.828125 0.65625 0.66875 0.6229166671875 0.6671875 0.6104166671875 0.6890625 0.5395833328124999 0.690625 0.5020833328125 0.6453125 0.48541666718750004 0.634375 0.49375 0.63125 0.5729166671875 0.596875 0.7 0.6109375 0.7291666671875 0.575 0.7666666671875 0.5765625 0.85625 0.584375 0.86875 0.6125 0.8854166671874999 0.59375 0.9270833328125001 0.5921875 1 1 1 1 0.7708333328125
15 0.896875 0.65 0.9578125 0.6791666671875001 0.946875 0.7104166671875001 0.946875 0.76875 0.959375 0.7791666671875 1 0.7708333328125 0.9984375 0.48125 0.9375 0.5583333328125 0.89375 0.6354166671875 0.896875 0.65
15 0.4015625 0.5520833328125 0.4421875 0.42291666718750004 0.328125 0.40625 0.315625 0.42083333281249996 0.2703125 0.54375 0.4015625 0.5520833328125
15 0.6890625 0.5416666671875 0.665625 0.6229166671875 0.84375 0.65625 0.85 0.5583333328125 0.8703125 0.4875 0.8546875 0.4791666671875 0.709375 0.4625 0.6984375 0.46875 0.6921875 0.4875 0.6890625 0.5416666671875
19 0.215625 0.6229166671875 0.215625 0.54375 0.2703125 0.5395833328124999 0.30625 0.45416666718750004 0.309375 0.4375 0.2984375 0.43125 0.1296875 0.44375 0.125 0.6229166671875 0.215625 0.6229166671875
21 0.5640625 1 0.5734375 0.7604166671875 0.6125 0.7291666671875 0.6109375 0.7166666671875 0.415625 0.6708333328125 0.421875 0.6979166671875 0.4171875 0.7291666671875 0.409375 0.7416666671875001 0.2296875 0.7291666671875 0.221875 0.7229166671875 0.221875 0.68125 0.1359375 0.6958333328124999 0.1203125 0.68125 0.075 0.6666666671875 0.0734375 0.6541666671875 0.0859375 0.6395833328125 0.071875 0.6395833328125 0 0.6604166671875 0 0.75625 0.1640625 0.8125 0.1578125 0.8854166671874999 0.1640625 0.89375 0.184375 0.8854166671874999 0.1796875 0.81875 0.2875 0.8520833328125 0.31875 0.85 0.40625 0.8770833328125001 0.54375 0.7791666671875 0.5546875 0.7791666671875 0.5453125 1 0.5640625 1
9 0.3984375 0.7458333328125 0.4171875 0.7354166671875 0.415625 0.5666666671875 0.409375 0.5541666671875001 0.2203125 0.54375 0.2140625 0.5645833328125 0.225 0.7291666671875 0.3984375 0.7458333328125
9 0.071875 0.6645833328124999 0.103125 0.68125 0.1171875 0.6791666671875001 0.1390625 0.6979166671875 0.2203125 0.6791666671875001 0.2125 0.6604166671875 0.215625 0.6479166671875001 0.2015625 0.6395833328125 0.18125 0.6416666671875 0.15625 0.61875 0.146875 0.61875 0.08125 0.6395833328125 0.071875 0.6520833328125 0.071875 0.6645833328124999
16 0.2890625 0.39791666718749996 0.3046875 0.3854166671875 0.3125 0.41875 0.3171875 0.41875 0.340625 0.3791666671875 0.35625 0.3895833328125 0.359375 0.36666666718749996 0.3515625 0.35208333281250004 0.3921875 0.3604166671875 0.403125 0.3479166671875 0.4171875 0.3479166671875 0.4296875 0.17916666718750002 0.4203125 0.16458333281249998 0.38125 0.15 0.321875 0.13333333281249998 0.29375 0.13333333281249998 0.2859375 0.1395833328125 0.278125 0.3791666671875 0.2890625 0.39791666718749996
7 0.6 0.36875 0.64375 0.4166666671875 0.64375 0.43333333281249997 0.671875 0.43541666718750005 0.684375 0.425 0.6921875 0.20208333281250002 0.64375 0.19583333281249998 0.615625 0.1979166671875 0.603125 0.2125 0.6 0.36875
4 1 0.13333333281249998 0.85625 0.1375 0.846875 0.13125 0.7578125 0.13125 0.6109375 0.1416666671875 0.6078125 0.2 0.690625 0.20208333281250002 0.6859375 0.2854166671875 0.6921875 0.2916666671875 0.775 0.29375 0.78125 0.2520833328125 0.7875 0.3 1 0.3 1 0.13333333281249998
10 0.7734375 0.29375 0.6875 0.28958333281250004 0.6859375 0.3916666671875 0.765625 0.40625 0.7734375 0.29375
18 0.925 0.41041666718750003 0.9109375 0.3604166671875 0.9046875 0.3604166671875 0.90625 0.3770833328125 0.8953125 0.40625 0.925 0.41041666718750003