19 1 0.6462423515625 0.8962929109375001 0.6122126812500001 0.9384688359375 0.4985771609375 0.8510366546875 0.50260259375 0.8498483968749999 0.5528077796875001 0.8644322953125 0.626971115625 0.8400744984375 0.6370280625 0.7891790140625 0.6259680765625 0.676226428125 0.6234243890625 0.6820508765625 0.54992238125 0.6767137062499999 0.49599665625 0.5942083671875 0.4808817859375 0.5882642437500001 0.48547428125 0.58391870625 0.5129276171875 0.5936811984375 0.5853396796875 0.6060453140625001 0.605359303125 0.6091114015625 0.7388038203125 0.6816832749999999 0.746259625 0.69814216875 0.7576392296875001 0.679426434375 0.9155795078125 0.7994857515625 0.9301567703125 0.840011790625 0.9273229140625 0.851464059375 0.9119031484375 0.8689402359375 0.9378305640625 0.8746734921874999 0.9750212265625 1 0.9662575421874999 1 0.6462423515625
15 1 0.48253961093750003 0.9957120140625 0.421218553125 0.98480115625 0.4219815140625 0.9688181328125 0.439806521875 0.9343558921874999 0.5069573953125001 0.891017359375 0.6039668484375 0.893593334375 0.6184056625000001 1 0.6467148015624999 1 0.48253961093750003
19 0.19590545312500002 0.608716975 0.2275666078125 0.47910935468750004 0.22582269687499998 0.45417025312500003 0.2117944515625 0.45515120312499996 0.04914888125 0.48114343281250005 0.015729573437499998 0.49601086250000004 0.03157010625 0.72254103125 0.03726346875 0.7367618593749999 0.11798500468749999 0.7039677906249999 0.3320605578125 0.7231960578125001 0.347446921875 0.7221201390624999 0.36332113125 0.7181385265625 0.36214428125000003 0.6117113671875 0.33281974999999997 0.6179387796875 0.19590545312500002 0.608716975
15 0.23642117499999998 0.42654071875 0.2266729265625 0.44392974843750005 0.21870848125000003 0.509227715625 0.19110221249999998 0.6072254828125 0.3529556109375 0.6147033765625001 0.359731796875 0.59961059375 0.3688845 0.48410744218749996 0.382687634375 0.43510855781249996 0.3680780859375 0.42777647500000004 0.23642117499999998 0.42654071875
15 0.41699706406250003 0.43297046093749997 0.40822620625 0.4419374625 0.4086507765625 0.6048045828124999 0.569713021875 0.5953693796875 0.592684953125 0.5937630265625 0.5835407859374999 0.5299224640625 0.5892199078125 0.45434219843749996 0.5847945859375 0.43585586093749995 0.41699706406250003 0.43297046093749997
15 0.6783742734375 0.452545809375 0.6725754765625 0.4592165625 0.681004384375 0.5797555531249999 0.672128090625 0.6096141312500001 0.6764080859375 0.6260222109375 0.7136714125 0.621328084375 0.8327370249999999 0.6349306234375 0.8500243421875 0.6337217749999999 0.8616418921875001 0.6318651859375 0.8464367968750001 0.5264189781249999 0.849579834375 0.45936973593749997 0.6783742734375 0.452545809375
14 0.8968097625 0.3284123875 0.8921992218750001 0.2848779546875 0.8735604374999999 0.242324471875 0.879134125 0.1876357875 0.8640885984375 0.1740689265625 0.8485016609375 0.175158871875 0.835345371875 0.1886093734375 0.8269050578125 0.22470272812499997 0.8283583171875 0.2454853125 0.8410130859375 0.2696614515625 0.8218870234375 0.354535703125 0.8200519203125 0.44028927187500005 0.8224825703124999 0.45264982812500004 0.849852321875 0.46326647187500003 0.8582116875000001 0.49531349999999996 0.8694634984375 0.49452669687500006 0.88788216875 0.491933475 0.8879876031249999 0.4710418953125 0.8991492203125 0.4514656140625 0.8968097625 0.3284123875
21 0.5092538421875 1 0.6686534203125001 0.9855117640625 0.6973282703125 0.7683993 0.6897855609375 0.7501309515625 0.6063028328125 0.743438109375 0.598945340625 0.7502178578125 0.5994212109375 0.7794224703125 0.591667634375 0.8029372796875001 0.4516758421875 0.8169033000000001 0.3775851671875 0.8325263265625 0.3659077890625 0.7999281593750001 0.3627106171875 0.7542064749999999 0.3520505203125 0.7361561156249999 0.3285247875 0.735712775 0.301009709375 0.723017871875 0.24475140624999997 0.724863415625 0.21582296093750003 0.7143557656249999 0.10243439843749999 0.7055773000000001 0.016204717187500002 0.7491986390625 0.029865359375 0.9445549312500001 0.11251602499999999 0.9617480609375001 0.11609325468750001 1 0.14593708593750002 1 0.138763059375 0.978708475 0.14412587968749999 0.965802946875 0.43829501875 1 0.5092538421875 1
2 0.258485075 0.8092672562500001 0.3047700203125 0.7767928078125 0.29990872031250004 0.7520716953125001 0.279751134375 0.7325970468749999 0.2326996671875 0.7317103640625 0.1985138375 0.7132166640625 0.176401471875 0.71058606875 0.1043453625 0.7553047140625 0.097569175 0.770397496875 0.0987317828125 0.7870235640625001 0.1296548984375 0.80365699375 0.17967842812499998 0.8022474296875 0.2216577265625 0.8201961578124999 0.258485075 0.8092672562500001
9 0.598927175 0.749958075 0.60677194375 0.6157505953125 0.6007879296875 0.597373253125 0.58929576875 0.5898231796875 0.5289426875000001 0.600308740625 0.40848728437500004 0.6024665406249999 0.36513450937499997 0.609674903125 0.3582129953125 0.6226894265625 0.36030169375 0.7645559734375 0.36422549531250004 0.8206689515625 0.3717682046875 0.8389373000000001 0.5957841375 0.8170073171875 0.604224453125 0.7809139625 0.598927175 0.749958075
19 0.414588140625 0.44331996093750003 0.4203869390625 0.4366492078125 0.47523187499999997 0.43699091718750005 0.477913284375 0.430538153125 0.401602828125 0.39201746718749997 0.340232465625 0.3879552171875 0.30340511718749996 0.3988841203125 0.2646229890625 0.42665707812500003 0.379570246875 0.435326546875 0.3807328546875 0.4519526140625 0.364829615625 0.5157172953125 0.36158114375 0.6036581171875001 0.407073915625 0.6046537937500001 0.41771977031249996 0.5329030609375 0.414588140625 0.44331996093750003