9 0.06705956874999999 0.6231492265624999 0.10864809687500002 0.8261741703125001 0.3233802875 0.7921639328125 0.32136238281249996 0.73052278125 0.314211615625 0.72532744375 0.292136328125 0.5959377781249999 0.06705956874999999 0.6231492265624999
15 0.18472388281250002 0.457125528125 0.1349272984375 0.45235671718750003 0.0964223046875 0.6187622890625 0.24401000781249998 0.6017146 0.2644080125 0.4508327078125 0.18472388281250002 0.457125528125
19 1 0.4993080671875 0.994733175 0.497313184375 0.976932946875 0.474820834375 0.9643472 0.4852514296875 0.945952596875 0.5788648515625 0.9295613968750001 0.6152097999999999 0.8855639875 0.677020165625 0.8690002625 0.692299415625 0.8492637468750001 0.697534675 0.8402438125 0.6905260828124999 0.8204018890624999 0.64515478125 0.8207086484375001 0.607138753125 0.74759059375 0.584970678125 0.7507442375 0.5549409562500001 0.78011420625 0.48068223281250005 0.7753981546875 0.47088267031250003 0.695714025 0.4771754890625 0.6906912125 0.50539195625 0.70535694375 0.5979877375 0.6865981453125001 0.6093960484375 0.630302603125 0.6035472703125 0.5348599375 0.6102266937499999 0.530469790625 0.602484815625 0.5384737203125 0.52317293125 0.5329333328125 0.48819230156250004 0.4525111296875 0.4798369046875 0.44872482187499996 0.5458249687500001 0.4591537859375 0.611670859375 0.44437296562500006 0.6182305140625 0.3896206875 0.6121373078125 0.302872053125 0.623767640625 0.30028395625000004 0.647379878125 0.3132339 0.7191543921875 0.32071057187499996 0.7264074125 0.4557987921875 0.73032316875 0.45377624375 0.747517928125 0.424713034375 0.7837606234375001 0.4412479328125 0.8781696609375 0.569271646875 0.8874229281250001 0.5743136046874999 0.899280175 0.56263845625 0.9454246859375001 0.5702564890625 0.9935230515625 1 0.9254583656250001 1 0.4993080671875
15 0.4542476984375 0.6164028484374999 0.458453084375 0.6157367812500001 0.46130333593749995 0.6052661609375 0.44989665624999997 0.5332472187499999 0.4525327234375 0.440020403125 0.4438386921875 0.4350694953125 0.39632344375 0.44470447343749997 0.298317059375 0.44809867187499997 0.293861809375 0.4488043140625 0.2886209359375 0.4638721765625 0.285591846875 0.584582171875 0.296087928125 0.6208871984375001 0.4542476984375 0.6164028484374999
15 0.6948824546875 0.521866209375 0.696061521875 0.439416671875 0.537258809375 0.44558482968749996 0.5311720203125 0.4570953953125 0.53762300625 0.5277899390624999 0.52798955 0.596813403125 0.530922696875 0.615332559375 0.6374941093750001 0.60899981875 0.676487853125 0.6154796296875 0.7060494921875 0.602360315625 0.6948824546875 0.521866209375
15 0.9225689046875001 0.431226021875 0.9364582718750001 0.42902616250000003 0.9458712296874999 0.408551575 0.934330315625 0.395614359375 0.8249120203125001 0.39396079375 0.799261240625 0.43177231562499996 0.7716741765624999 0.49731144531249993 0.74595628125 0.5646638296875001 0.7423904703125 0.58210301875 0.7467806171875 0.5898448953125001 0.8262472609374999 0.6065251859375 0.8271057015625001 0.606389221875 0.8725709671875 0.5150798015625 0.902420221875 0.42387074687500004 0.9153318734375 0.4154978359375 0.9225689046875001 0.431226021875
15 0.9550756015624999 0.5465713625 0.966012678125 0.4857786328125 0.959973859375 0.42767462343749996 0.9524971875 0.420421603125 0.916110684375 0.43040326249999994 0.9126119906250001 0.4183015859375 0.9064389390625 0.4192793015625 0.8923961921875 0.440487175 0.8876992859374999 0.47076132656249997 0.8644161046875001 0.533509484375 0.8157217890625 0.6255940015625 0.8193067453125 0.648228525 0.8446047578125 0.7001182265625 0.8518638046874999 0.6989685062500001 0.8722090031249999 0.692582190625 0.9043587375 0.6558506375 0.941857190625 0.592960303125 0.9550756015624999 0.5465713625
14 0.7669774874999999 0.1879878828125 0.7637184359375 0.167411040625 0.7490909953125 0.154962684375 0.7287026703125 0.156082575 0.7170946390624999 0.1726862234375 0.71304954375 0.20707574062499998 0.71850366875 0.23152352031249998 0.73369665625 0.2375543984375 0.73532618125 0.2478428171875 0.7243891062500001 0.308635546875 0.728424521875 0.424008028125 0.7300540468750001 0.434296446875 0.7415086984375 0.43670081562499996 0.7488667999999999 0.47323918593750003 0.78451954375 0.4675923453125 0.8022615046875 0.42075060937500003 0.7812310499999999 0.26799313125 0.761302865625 0.21208897968749998 0.7669774874999999 0.1879878828125
21 0.45301079843750003 1 0.42479451093750004 0.7842750453125 0.46027041406249997 0.7385794703124999 0.45401109999999995 0.7290243359375 0.31737961718749996 0.7253530078125 0.31887490937499996 0.7947231546875 0.10866523125000001 0.8259077953125 0.093606478125 0.7607951921875 0.08523835156250001 0.7579019671875 0.090280309375 0.7697592140625 0.085084971875 0.77690998125 0.0404166078125 0.79453126875 0.0661631125 0.95708830625 0.24893910625000001 0.9724347828125 0.2526838671875 1 0.27945637031250004 1 0.2745227671875 0.9641641234374999 0.27817484062500003 0.9572577843750001 0.4079911421875 0.8080294609375 0.433344625 0.9980696796874999 0.42994056875000003 1 0.45301079843750003 1
2 0.0815910640625 0.774826734375 0.0780061078125 0.752192209375 0.0683343625 0.7410682484375 0.0315356921875 0.7384593765624999 0.040864726562499995 0.7973605828125 0.042890259375 0.7970397703125001 0.0815910640625 0.774826734375
21 0.0386505078125 0.75341593125 0.039100626562500004 0.7533446390625 0.0475793953125 0.739873246875 0.06642445625 0.738997784375 0.0723708046875 0.7480751609375 0.07491719375 0.7476718531250001 0.0905511171875 0.7415044046875 0.08826978125 0.7271006156250001 0.0811190140625 0.7219052796875001 0.029213618749999996 0.7237983796874999 0.033450384374999996 0.750548271875 0.037428364062500004 0.7456996171875 0.0386505078125 0.75341593125
19 0 0.5393508515625001 0.029580260937500002 0.726113271875 0.07399640156250001 0.7225060640625001 0.084111203125 0.7209040359375 0.0680372828125 0.629322278125 0.0975989234375 0.6162029640625 0.1104914296875 0.567756340625 0.12475467343749999 0.4979995890625 0.120930075 0.48384022968749996 0.10241091875 0.4867733765625 0 0.5131448890625 0 0.5393508515625001
19 0.21670587968750002 0.40934670625 0.1632763671875 0.45155794687500006 0.18651157499999999 0.4584243640625 0.263109178125 0.4526204015625 0.2432767203125 0.5970848109375 0.280306634375 0.594911128125 0.28561453281250004 0.5940704390625 0.29032236562499997 0.4546381640625 0.3625298234375 0.44109232187499997 0.2775449484375 0.40392934843750006 0.21670587968750002 0.40934670625
21 1 0.4701513171875 0.985655803125 0.37008345625 0.8951688328125 0.37808727656249996 0.8962328109375 0.3947931765625 0.9030576734375 0.39793083125 0.9842850656250001 0.39139358281250003 0.9932084984375 0.477252634375 0.9979622984375001 0.47649970625 1 0.47559538437500004 1 0.4701513171875