21 0.4546875 1 0.4578125 0.8166666671874999 0.490625 0.6708333328125 0.490625 0.6354166671875 0 0.6020833328124999 0 1 0.4078125 1 0.4140625 0.96875 0.4171875 1 0.4546875 1
5 0.8296875 1 0.865625 0.7416666671875001 0.8421875 0.7125 0.78125 0.7083333328125 0.7359375 0.6333333328124999 0.740625 0.58125 0.734375 0.5729166671875 0.6859375 0.5708333328124999 0.6296875 1 0.8296875 1
5 0 0.5791666671875 0.09375 0.5854166671875001 0.0953125 0.6083333328125 0.13125 0.6104166671875 0.1390625 0.45625 0.103125 0.45416666718750004 0.0984375 0.4625 0 0.4583333328125 0 0.5041666671875 0.096875 0.5125 0.096875 0.5520833328125 0 0.5416666671875 0 0.5791666671875
4 0 0 0 0.2166666671875 0.2203125 0.2270833328125 0.2234375 0 0 0
4 0.4046875 0.06875 0.61875 0.0791666671875 0.60625 0.35625 0.60625 0.4604166671875 0.6109375 0.46875 0.759375 0.4791666671875 0.7953125 0.4791666671875 0.803125 0.47083333281249995 0.8296875 0.0416666671875 0.3890625 0.0208333328125 0.38125 0.0270833328125 0.38125 0.0375 0.4046875 0.06875
4 1 0.5270833328125 0.81875 0.5083333328124999 0.40625 0.48333333281249996 0.4 0.6291666671875 0.4859375 0.6354166671875 0.490625 0.6416666671875 0.484375 0.6875 0.4546875 0.7979166671875 0.45625 0.8416666671874999 0.6453125 0.85625 0.6828125 0.5833333328125 0.6890625 0.5708333328124999 0.725 0.5708333328124999 0.7390625 0.58125 0.7359375 0.6354166671875 0.778125 0.70625 0.840625 0.7125 0.8625 0.7395833328125 0.8484375 0.8625 0.8515625 0.875 0.88125 0.8770833328125001 0.8859375 0.8645833328125001 0.8890625 0.8041666671875 0.871875 0.7583333328124999 0.875 0.70625 1 0.7125 1 0.5270833328125
4 0.2015625 0.6166666671875001 0.2046875 0.48125 0.2140625 0.47083333281249995 0.1421875 0.46458333281249997 0.1375 0.47291666718750003 0.1328125 0.6104166671875 0.2015625 0.6166666671875001
4 0 0.6 0.09375 0.6041666671875 0.0921875 0.5833333328125 0.0140625 0.5770833328125 0 0.5791666671875 0 0.6
4 0 0.5416666671875 0.0953125 0.55 0.09375 0.5104166671875 0.0203125 0.5041666671875 0.021875 0.5229166671875001 0.015625 0.5229166671875001 0.0125 0.5041666671875 0 0.5041666671875 0 0.5416666671875
4 1 0.9291666671875 0.934375 0.8666666671875 0.8875 0.8041666671875 0.8765625 1 1 1 1 0.9291666671875
6 1 0.7125 0.8765625 0.7020833328125 0.8734375 0.7645833328125 0.8921875 0.8104166671874999 0.934375 0.86875 1 0.93125 1 0.7125
6 0 0.45625 0.1296875 0.45416666718750004 0.165625 0.46875 1 0.5125 0.9953125 0.5041666671875 0.946875 0.5 0.9375 0.48125 0.9140625 0.4770833328125 0.803125 0.47083333281249995 0.8 0.48333333281249996 0.7828125 0.48333333281249996 0.6296875 0.47291666718750003 0.5984375 0.4604166671875 0.44375 0.45208333281249996 0.4125 0.4625 0.2671875 0.45625 0.16875 0.4458333328125 0.2171875 0.43541666718750005 0.184375 0.4270833328125 0 0.41875 0 0.45625
20 0.428125 0.45 0.421875 0.44375 0.25 0.43541666718750005 0.2078125 0.45 0.409375 0.4625 0.428125 0.45
10 1 0.3541666671875 0.953125 0.35208333281250004 0.94375 0.3583333328125 0.9359375 0.49375 1 0.50625 1 0.3541666671875