19 1 0.5015968640625 0.9521056265625001 0.48860171562500004 0.892956390625 0.5431343375 0.7695122234375 0.5217805984375 0.758228671875 0.5394479296875 0.7349679015625 0.67107089375 0.7076798421875 0.6765820390624999 0.6815397562500001 0.701067121875 0.6668014906249999 0.766551953125 0.6410378046874999 0.7575596531250001 0.6173926625 0.6985146078125 0.6173039609375001 0.6545142984375001 0.629340315625 0.5698922046875 0.510122434375 0.55317228125 0.4950481328125 0.562061953125 0.4388185765625 0.63365991875 0.419289421875 0.7447270031250001 0.41256819218749996 0.8236233125 0.41704181250000005 0.8408519812499999 0.44793242187500004 0.8608571859374999 0.44301246718750004 0.9525116703125001 0.48232608125 0.9671177421875001 0.4834576234375 0.9994443593750001 0.488744190625 1 0.9502020218749999 1 1 0.52620389375 1 0.5015968640625
14 0.6485897390625001 0.7604482031249999 0.67034490625 0.7627347624999999 0.688191053125 0.6975765828125 0.7138956046875 0.6772353421874999 0.7363040734374999 0.673306140625 0.753131315625 0.54310179375 0.740710590625 0.4370558765625 0.7428882671875 0.4163366703125 0.76256525625 0.3786034359375 0.76716794375 0.3497598734375 0.750451 0.3144859078125 0.7249050828125 0.3034216890625 0.7042683203125 0.305442296875 0.686986775 0.320384403125 0.668675525 0.37501965312499996 0.6600347531249999 0.3824907078125 0.662142496875 0.437177271875 0.680354246875 0.443281021875 0.6812844515625 0.46432687968749997 0.6426133421875 0.54824435625 0.613325009375 0.662475328125 0.49457223125 0.6562783359375 0.482823578125 0.6634227375 0.4600387078125 0.700829321875 0.4394099171875 0.9269953203125001 0.44167629374999995 0.9502764234375001 0.450128865625 0.9595440609375 0.4725013734375 0.9652995703125 0.47813440781249994 0.9658916265625 0.48142544374999996 0.9607386546875001 0.52703555 0.7958529484375 0.5458119015625 0.7517406249999999 0.5624401437500001 0.7430142796875 0.6241326609375 0.7390243796875 0.6485897390625001 0.7604482031249999
11 0.075629246875 0.053193525 0.06668200468749999 0.0187361890625 0.0484702546875 0.0126324390625 0.017329482812499998 0.3089170875 0.031097179687499997 0.3124589390625 0.042628065625 0.30738645781249996 0.0485669265625 0.2807781421875 0.075629246875 0.053193525
16 0 0.604678496875 0.08849675625 0.5735348640625 0.11123329062500001 0.40205542968749997 0.11251032968750001 0.3749571359375 0.10716563750000001 0.36601615 0.0128108046875 0.35190944062499996 0 0.47379610625 0 0.604678496875
5 0.289344621875 0.4713129484375 0.28455373281249996 0.5168952015625 0.293035871875 0.540829609375 0.2880272171875 0.5884837843749999 0.29383701093750003 0.6079476984375 0.301458878125 0.5354304765625 0.2916701328125 0.5239275921875 0.298232728125 0.47643674531249997 0.356599596875 0.4741921140625 0.3687837859375 0.4629038703125 0.3385464796875 0.4366829046875 0.3218107671875 0.2820028578125 0.227455934375 0.2678961484375 0.2203691015625 0.275530528125 0.22779197031249998 0.3244913078125 0.2236248171875 0.3491910296875 0.23421470156250002 0.427812 0.24425078125000002 0.45190973437500004 0.23305592968750002 0.513577375 0.20321379374999998 0.5732851078125 0.1974927015625 0.597821503125 0.20032467812500002 0.598904709375 0.20597536875000003 0.5994986203125 0.22142554531249997 0.57938885625 0.23843018906250002 0.5371851296875 0.24505191875 0.5190278203124999 0.247605996875 0.46483123437499996 0.2773486328125 0.4658625015625 0.289344621875 0.4713129484375
21 0.4523743140625 0.3944435109375 0.47950353124999995 0.39729490625 0.483108 0.39165117656250004 0.4832962 0.374912484375 0.3285554578125 0.3523641515625 0.327031084375 0.36686759687500003 0.3388093046875 0.3743899640625 0.4523743140625 0.3944435109375
5 0.4021552609375 0.3098243875 0.3666323984375 0.3039959765625 0.35652638593749997 0.3553040140625 0.38994719375 0.36431555625 0.3948248390625 0.3648282171875 0.4021552609375 0.3098243875
5 0.347625134375 0.43999376874999996 0.40403209218749997 0.456396425 0.40753514375 0.5426517750000001 0.41113769375000003 0.5681681249999999 0.41713568749999996 0.5708933484375 0.412266896875 0.46773598125 0.41512744375 0.45546778281250005 0.4313201515625 0.450885278125 0.43430976406250005 0.39254485 0.35770157812500003 0.3740189609375 0.347625134375 0.43999376874999996
5 0.47288934375 0.5935117640625001 0.49779275624999997 0.5060524359375 0.5066808640625 0.5111762328125 0.4998709328125 0.5460722296875 0.55115096875 0.5514619796875 0.5520220390625 0.543174296875 0.5240511109375 0.5402344343750001 0.5251399484375 0.52987483125 0.5462122453125 0.5237103828125 0.552893109375 0.534886615625 0.5559714234375 0.5205464953125001 0.5606332453125 0.5210364734375 0.56134568125 0.5441542515625 0.5560305578125 0.5498800359375 0.5669081406250001 0.551023315625 0.5681851796874999 0.5239250234374999 0.5728470015625 0.5244150000000001 0.583536384375 0.5422969703125 0.58356595 0.556963740625 0.5911178859375 0.5598522890625001 0.5832003484375 0.4857018109375 0.5991457203125 0.46852445625000005 0.5983445828125 0.40140636875 0.6137361515624999 0.329705775 0.5013873359375001 0.30742339375 0.49386496874999997 0.319201615625 0.46886205625 0.4673999453125 0.4597857484375 0.479014840625 0.462022559375 0.487629175 0.47712642812499995 0.49340627187499997 0.478927703125 0.506164446875 0.43611900937500003 0.6294484171875 0.44277030625 0.625957878125 0.4692572265625 0.5533286453125 0.4604873875 0.6068719296875 0.47288934375 0.5935117640625001
9 0.458489940625 0.3867070546875 0.46309262812499996 0.357863490625 0.45812433906249994 0.31544512343750003 0.405943665625 0.3036762875 0.39577851875 0.3256507859375 0.397856696875 0.3656705796875 0.41541514375000005 0.3779900921875 0.458489940625 0.3867070546875
21 0.61012515 0.42385449687500004 0.6030383171875 0.43148887656249996 0.5957524859375 0.5606012578125 0.6053285078124999 0.5629169921875 0.6111557859375 0.5635294640625 0.6256645546875 0.4254877546875 0.6540710171875 0.424283775 0.6589210390625 0.40803506250000005 0.6003068375 0.39768484375 0.5952390484375 0.41600547812500005 0.61012515 0.42385449687500004