21 0.5323647328125001 0.583860121875 0.5038359328124999 0.5910152671875 0.46981944843749995 0.588493065625 0.443818834375 0.5741547640625 0.41654215937499994 0.5455171140624999 0.40073212968750005 0.5018801890625 0.39809611718750004 0.5102075765625 0.37301809218750004 0.5141795453125 0.3558481078125 0.493169353125 0.0049175109374999994 0.5685260078125001 0.008122648437500001 0.5825198171875 0.05879390625000001 0.5903140453125 0.0737113265625 0.572131590625 0.11696582343749999 0.5705540078125 0.1486937109375 0.6709939203124999 0.5984565203125001 0.7764125625 0.6067419593750001 0.7975116156250001 0.62754234375 0.9787811140624999 0.6682471109375 0.9748389078124999 0.6703766046874999 0.9745016296875001 0.6505955625000001 0.77474611875 0.8869557125 0.6252536609375 0.885925953125 0.49951777656249996 0.8849867265625001 0.49358773906250003 0.5810590484375 0.49177560624999994 0.5759487640625001 0.5281794718749999 0.5599709421875 0.5583947046875 0.5323647328125001 0.583860121875
5 0.4904642953125 1 0.48824549843750004 0.97513644375 0.4773240453125 0.962364778125 0.2993935515625 0.8877177109375 0.20432349843750003 0.930459921875 0.1242489828125 0.5871977078125 0.1151384515625 0.57202991875 0.09679737499999999 0.574934859375 0.0697195671875 0.5800145515625 0.0860687375 0.6894817828125 0.021432632812499998 0.674671171875 0.0330849515625 0.7295131265625 0.10280135937499998 0.7514289828125 0.10926554687500001 0.7859996328125 0.063866315625 0.7615506296875 0.03563706875 0.75811181875 0.0434312296875 0.8135648453125001 0.12681293124999998 0.8530910390625 0.15275358125 0.9544475609375 0.1512857984375 0.9639082328124999 0.08612922656250001 1 0.4904642953125 1
5 0.07300515937499999 0.6498921296875 0.0759668625 0.6494230421875 0.0756234984375 0.647255125 0.060231129687499996 0.59127289375 0.0072726703125 0.5852686828125 0.010596287499999999 0.6062531765625 0.016185801562499998 0.6377984078125001 0.07300515937499999 0.6498921296875
5 1 0.4660968921875 0.9962201578125001 0.4430267953125 0.936933925 0.4682365796875 0.9291097828125 0.4562926640625 0.8893599765625 0.46127010156250003 0.8912948359374999 0.7918604546875 0.7771557015624999 0.7703888984375 0.6673299703125 0.8510626546875001 0.6604823328125 0.864012040625 0.6645561468750001 0.889733090625 0.671565528125 0.8965327984375 0.68287581875 0.974103925 0.7236631859375 0.967643840625 0.7260649609375001 0.9472250640625001 0.7694788078125 0.9603873593750001 0.96167935625 0.9299457828125 0.9932843218749999 0.8864452796875 1 0.8915135609375 1 0.4660968921875
14 0.95408606875 0.2818788125 0.9521330593749999 0.2320922078125 0.932623615625 0.21316635781249998 0.9165232281250001 0.215716409375 0.9030913265624999 0.23458640000000003 0.9045291265625 0.2686348390625 0.9143901781249999 0.2934392796875 0.9064282234375 0.3118384125 0.869230534375 0.345414540625 0.867433215625 0.40897827812500004 0.8817215484375 0.4554928453125 0.9243404156249999 0.4517748015625 0.9418950234375 0.448994425 0.96350370625 0.44122150937500004 0.9530735312499999 0.39409587031250004 0.988365990625 0.38719490625 0.9773373890625001 0.3175630484375 0.9488140421875 0.29853358750000003 0.95408606875 0.2818788125
3 0 0.1245975515625 0.055866218749999995 0.46632890781249997 0.07591785625 0.46183472812500004 0.08526369687499999 0.470901003125 0.1817176359375 0.45562420000000003 0.1978572015625 0.4451580609375 0.2060348125 0.4530910515625 0.2181484265625 0.5170881406250001 0.231612428125 0.5171967875 0.241161403125 0.515684378125 0.353537409375 0.491689690625 0.35886334999999997 0.48161794999999996 0.3539747734375 0.4507526890625 0.3608224109375 0.43780330312500004 0.3940780453125 0.441764325 0.40328607656250004 0.48117365 0.45344212500000003 0.47322971249999995 0.4722716171875 0.4610192140625 0.43099433437499995 0.1379784046875 0.4310782296875 0.10105232500000001 0.43916857187499997 0.0659844375 0.43903588125 0.0651466671875 0.433037290625 0.057237678125000004 0.26863428125 0.030543999999999998 0 0.076937934375 0 0.1245975515625
5 0.1611571890625 0.7446911234375 0.18177795000000002 0.7625181390625 0.19440677343749999 0.8422533953125001 0.187912603125 0.8511918546875 0.189949509375 0.8640523796874999 0.20563378906250002 0.9262974500000001 0.21576916875 0.9246921625000001 0.22784808281250002 0.91605565 0.22157561874999998 0.8577249828125 0.23812256562499998 0.8498309484375 0.25670641875 0.8547974390625 0.2619784453125 0.8381426640624999 0.2785253921875 0.8302486296874999 0.3152857171875 0.83760950625 0.3261232734375 0.8873072499999999 0.3319644234375 0.892973671875 0.3458214421875 0.88682399375 0.3378613296875 0.8346930359375 0.318567746875 0.7128781421875 0.1752898296875 0.6778553484375001 0.1482122984375 0.6860580374999999 0.14892135312500002 0.6905348296875 0.1611571890625 0.7446911234375
5 0.0716930015625 0.5450303328125 0.0933555953125 0.5438404484375 0.097213753125 0.5432293765625 0.098238809375 0.5315976921875001 0.190427209375 0.5143598546875 0.1959148921875 0.5240372046874999 0.2132766015625 0.5212873796874999 0.20688910312500003 0.47721272187499997 0.20224826718750002 0.44791163593750005 0.085010878125 0.47305034843750005 0.07952319531249999 0.463373 0.0602324078125 0.46642836093750006 0.0716930015625 0.5450303328125
15 0.7363954296874999 0.45623073437499995 0.7358903984375 0.4511693 0.7340280828125 0.43941110625 0.6871315906250001 0.44296455156250003 0.687392646875 0.4446127984375 0.692380084375 0.4592471390625 0.7363954296874999 0.45623073437499995
15 0.672710109375 0.4018519453125 0.672966178125 0.403468696875 0.68221290625 0.4206488859375 0.721873853125 0.41739933125000006 0.734139571875 0.4154566328125 0.7381789671875 0.39570130312499996 0.7378983265625 0.3939294078125 0.727072996875 0.3792675828125 0.709819115625 0.39518346875 0.6777317109375 0.3923557296875 0.672710109375 0.4018519453125
15 0.7607204171874999 0.41691538906250003 0.7588452515624999 0.42380395625 0.7622121328125 0.457546859375 0.7676459015625 0.46064117656250003 0.8741369625000001 0.45498031718750004 0.8802554593749999 0.45401124218750005 0.8739908734374999 0.4266597046875 0.8626620390624999 0.41131593437499997 0.7819402828124999 0.41355449218749996 0.7607204171874999 0.41691538906250003