15 0.30109511875 0.5467604453125 0.281995278125 0.568250440625 0.2151117703125 0.6666717421875 0.1798231296875 0.7049117625 0.11819444374999999 0.80700740625 0.0882309796875 0.8383238109375 0.041227834375 0.9061216578125 0.0400639625 0.9167723484374999 0.3660798765625 0.9801434234374999 0.4476124875 0.995726465625 0.4635880171875 0.974955621875 0.49717047656249996 0.9045490578125 0.6253330953125 0.7150429359375 0.628427684375 0.699122653125 0.6045204562500001 0.6747159671875 0.45518675000000003 0.6138535390625 0.3217582203125 0.542818221875 0.30109511875 0.5467604453125
19 0 0.908984703125 0.009473265625000001 0.91082611875 0.033105071874999996 0.9151543859375 0.27541457187499996 0.57446798125 0.276404646875 0.5693744890625 0.2756468359375 0.5630370671875 0.1984558875 0.47905705625 0.1503160265625 0.5373487703125 0 0.7568051687499999 0 0.908984703125
15 0 0.7567842359375 0.191529196875 0.48142471562500005 0.19234556249999998 0.47773668437500005 0.1988300859375 0.44437669843750005 0.12300322187499999 0.42963745 0.0151386359375 0.37550934687500004 0 0.453390878125 0 0.7567842359375
19 0.1500182859375 0.43037870156249997 0.16018669375 0.4312940765625 0.1648016984375 0.4229059640625 0.0990416265625 0.3159452640625 0.069926825 0.291715565625 0.040216640625 0.2848793265625 0.032742095312500004 0.283426421875 0.016107809375 0.3741059890625 0.069649840625 0.4057367703125 0.145252565625 0.42945233906249997 0.1500182859375 0.43037870156249997
19 0.7437430140625 1 0.7958437953125 0.949473375 0.8696664765625 0.8910996828125001 0.8697213234375001 0.8908175187499999 0.67071740625 0.7845471390625 0.6376274171875 0.78076800625 0.6252708828125 0.762448690625 0.6013405515625 0.752491290625 0.4910751078125 0.91543496875 0.4540847125 0.9931378234375 0.48752408437500006 1 0.7437430140625 1
5 0.78907853125 0.5190504625 0.78325645625 0.528530396875 0.73007061875 0.515539209375 0.657285828125 0.490779646875 0.6540185984375 0.476880021875 0.6334258515625 0.47022428906249997 0.5965850140625 0.669989984375 0.607591559375 0.6747823484375 0.61518795625 0.6510563109375 0.6296024359375 0.6485523859375 0.633931603125 0.6109267234375 0.7511691171875 0.662897378125 0.7513120375 0.6775161515625 0.7361918125 0.7501849578125 0.723054753125 0.740999103125 0.729798059375 0.7011897921875 0.7185101015625001 0.73878925625 0.6567318578125 0.7188220578125 0.6182463390625 0.732564496875 0.6063889171875 0.74750355 0.639551471875 0.776499415625 0.6649724984375001 0.7787878546875 0.7548717468749999 0.8280973953125 0.784837425 0.8325956796874999 0.8030863874999999 0.8308371015624999 0.8194637406249999 0.7972512296875001 0.81955050625 0.7968048578125 0.809403146875 0.78298615625 0.768998175 0.7605412312500001 0.8127955890624999 0.5249870453125001 0.78907853125 0.5190504625
21 0.64157658125 0.5690377109375 0.64313984375 0.58658548125 0.759077278125 0.62835501875 0.76147383125 0.6288208609375 0.762870115625 0.6216376 0.762505659375 0.6071349359375 0.658618475 0.56837095625 0.64157658125 0.5690377109375
21 0.6542675140624999 0.5405982 0.7727824531249999 0.580879071875 0.7760197703125 0.5703661296875 0.77755305625 0.562478053125 0.7727098859375 0.555662340625 0.65253075625 0.5178013765625 0.6489842343750001 0.53604665625 0.6542675140624999 0.5405982
21 0.509760559375 0.5081315953125001 0.4869735859375 0.61512439375 0.49669500937500005 0.6219219265625 0.4976105890625 0.6220998984375 0.5182848265625 0.5615202515625 0.6055691421875 0.5956215968749999 0.6167289578124999 0.5382093234374999 0.6237989859375 0.4997899765625 0.4974040265625 0.48981227968749996 0.49996108437500003 0.5022474078125 0.509760559375 0.5081315953125001
21 0.9571518640625 0.7400770796875 0.9609565890624999 0.74081664375 0.9883416078125 0.5999329343750001 0.8111707812500001 0.5456291859375 0.7861125859375 0.669424409375 0.9571518640625 0.7400770796875
4 1 0.1197199859375 0.9689278328125001 0.1184021203125 0.9330675125000001 0.09816704062500001 0.7118768875 0.08965974374999999 0.6924956359375 0.15354156562500001 0.6935619984375 0.17364565625 0.795956275 0.1842639078125 0.7689808390625 0.30768645625 0.8866426875 0.33188405625 0.8555491453125 0.4611383953125 0.8872975078125 0.4718195953125 0.8931247578124999 0.47295229687499996 0.9299586968750001 0.3495890140625 1 0.3623166265625 1 0.1197199859375
7 0.6662434312500001 0.48973527343749995 0.7206363390625 0.5016346390625 0.7935419140625 0.18286608437500002 0.7038581515625 0.17339205156249998 0.6872428046875 0.1821004421875 0.6423064593750001 0.37233380625 0.6302401921875 0.45488141875 0.62101018125 0.47165764374999997 0.6175318921875 0.48955188906249997 0.6225310140625 0.4919827203125 0.6269680515625 0.4928451921875 0.634714490625 0.4676892203125 0.6591417203125001 0.475090303125 0.6583611953124999 0.4842237609375 0.6662434312500001 0.48973527343749995
16 0.2546538734375 0 0.249609075 0.0029874734375 0.235864765625 0.0491293578125 0.1873674796875 0.2986262671875 0.16095885468749999 0.4017316 0.1695952421875 0.4310005859375 0.2059524609375 0.448679346875 0.29337863125 0.4656732734375 0.27758690625 0.4732153046875 0.2828144734375 0.49545470468749997 0.299686190625 0.498734234375 0.31720753749999997 0.5376890078125001 0.35614331250000003 0.5452573546874999 0.362402834375 0.5363930328125 0.4101649078125 0.33981137499999997 0.460537221875 0.0970459125 0.449118203125 0.082092321875 0.3216973203125 0.017000009375 0.3098807828125 0.0040914734375 0.29301045000000003 0 0.2546538734375 0