16 0.6212613124999999 0 0.621923528125 0.0169574 0.6280565953125 0.018828078125 0.6139590390625 0.0402369671875 0.6026450078125001 0.044249878124999996 0.36973399375 0.054481690625 0.358840403125 0.0138396796875 0.329761903125 0.0174100703125 0.3245122234375 0.054786778125000005 0.18754308125000002 0.06110958125 0.1713998109375 0.057844278125 0.1572294671875 0.0385943890625 0.1087652984375 0.044545040625 0.1928540484375 1 0.24502720312499998 1 0.2522378140625 0.980652325 0.2339678984375 0.7677502625 0.2557853625 0.761135828125 0.7190684468749999 0.719994159375 0.7216417500000001 0.72492564375 0.711455684375 0.7301119203125 0.7198103296875 0.7500758875 0.71737853125 0.7543100593750001 0.7114213265625 0.74585848125 0.7116356203125 0.7956829140624999 0.7322645453125001 0.9636920296874999 0.7855579500000001 0.9650195921875 0.79299485 0.9614827328125 0.7860814671874999 0.8731249890624999 0.6936628578125 0.013059028125 0.6920594109375 0 0.6212613124999999 0
2 0.3037924640625 0.7129993484375 0.3201139 0.6568154374999999 0.2929587640625 0.390780721875 0.29062562812500004 0.37177885312500003 0.21527350625000002 0.371895603125 0.2508571609375 0.7177935671875 0.28508529843749997 0.7152963 0.3037924640625 0.7129993484375
2 0.4049303109375 0.70372965 0.40509952499999996 0.6261778437500001 0.38349860156250004 0.410186478125 0.37819030625 0.3669538859375 0.3208799109375 0.3649633296875 0.3522690640625 0.708752590625 0.3812313375 0.7066395187500001 0.4049303109375 0.70372965
2 0.47789521874999996 0.690047984375 0.45386459375 0.3935005359375 0.44982190156249996 0.3605754484375 0.39740437968750003 0.3631761046875 0.426889325 0.69145683125 0.47409898437500003 0.6905141031250001 0.47789521874999996 0.690047984375
2 0.524270075 0.7016704421875 0.5602664625 0.6972506421875 0.5340419843750001 0.37979536875000003 0.5310378140625 0.35532836875 0.46628353593750005 0.3568177875 0.4925948 0.6592509578125 0.5088108578125 0.7031750375 0.524270075 0.7016704421875
2 0.5827371359375 0.6881946546875 0.6116162187499999 0.6846487484375 0.6305507218749999 0.6817991375 0.6028321875 0.36309675937499997 0.6014841921875 0.35211822187499997 0.5322638375000001 0.35409505625 0.5546561953125 0.6374323953125 0.5558513671875 0.647166290625 0.5827371359375 0.6881946546875
2 0.6034113609375 0.3517873625 0.6059503046875 0.3724654078125 0.628277290625 0.6504624125 0.6564764750000001 0.6797965328125 0.69390495625 0.6761191953125001 0.7099774421875 0.6741457421875 0.71227039375 0.6453968046874999 0.6881100421874999 0.3268260078125 0.6860256812500001 0.3098502453125 0.6695672078125 0.3056204546875 0.588464775 0.31820230625 0.588254553125 0.34052976562500004 0.6034113609375 0.3517873625
2 0.3482445234375 1 0.31294555625 0.922166928125 0.28510217031249996 0.9518229015624999 0.26053553906250004 0.9600867515625 0.24857157187499998 1 0.3482445234375 1
2 0.50314561875 1 0.4910109046875 0.9011706890625 0.444951640625 0.9106813234375 0.43042957031249995 0.9045932390625 0.4357602265625 1 0.50314561875 1
2 0.506550596875 0.9988838296875 0.5317660953125001 0.9967060578125 0.578546153125 0.9909621890625001 0.5783547812500001 0.9842951921875001 0.5759881234375 0.9650203015625 0.554586178125 0.893284309375 0.5095059125 0.9027550546875001 0.49498384062499995 0.8966669703125 0.506550596875 0.9988838296875
2 0.6521451390624999 0.9698562421875 0.6518759640625 0.9676639859374999 0.61534609375 0.884905625 0.6075918265625 0.8858577296875 0.6066053640625 0.8938500218750001 0.558317059375 0.893219771875 0.58339014375 0.9935158906250001 0.5971858859375 0.9918219859375 0.6521142156249999 0.9840281453124999 0.6521451390624999 0.9698562421875
2 0.7181876046875 0.9756529828125 0.72459518125 0.9701435265624999 0.7230264765625 0.9573674515624999 0.6797982828125 0.8793532421875 0.6701054484375 0.8805433734375001 0.6691189859375 0.888535665625 0.62083068125 0.8879054156249999 0.6572814375 0.98444318125 0.7181876046875 0.9756529828125