7 0.14489744843750002 0.4669240515625 0.1417052875 0.455956384375 0.1812546875 0.4215423484375 0.20639890625 0.43349136875000005 0.22245173281250002 0.43153982968750004 0.2349276578125 0.44381224531249996 0.25136522499999997 0.41666908906250005 0.2653828875 0.3618363421875 0.297954184375 0.14130654375 0.28393096562500003 0.128816671875 0.18819111718749998 0.10273846874999999 0.15270093125 0.1082696859375 0.1432247984375 0.119560746875 0.11877193281250001 0.282324909375 0.1046650296875 0.42760883281249995 0.1156912359375 0.45019654062500003 0.14015799375 0.4557389265625 0.116078753125 0.45866623281249996 0.121398096875 0.46572523906249996 0.14489744843750002 0.4669240515625
4 0.93464336875 1 0.9847322953125 0.6435987734374999 0.6773086875 0.6529883875 0.45604010937500006 0.5545692796874999 0.4458865140625 0.5594537078124999 0.4433745921875 0.5885539828125 0.6346647 0.686967509375 0.635247365625 0.7165027 0.6214192953125 0.7250783296875001 0.2671921328125 0.7531358234375001 0 0.5094739374999999 0 0.9330655140624999 0.4762636203125 1 0.93464336875 1
6 0.9864691796875 0.5975591125 0.981634928125 0.6095025484375001 0.9488518140625001 0.6069989890625 0.9329913578125 0.5963547171875 0.9331837265624999 0.5837589078125001 0.9680940234375001 0.5823538078125 0.8504021171874999 0.5552942515625 0.8292223171875 0.5375909734375 0.8206132374999999 0.5090315484375 0.772937071875 0.50022729375 0.76442834375 0.5158619296875 0.77574449375 0.536386578125 0.768880634375 0.5627714218750001 0.6971252296875 0.556894471875 0.6016753234375 0.528753209375 0.45168539374999994 0.5181925374999999 0.44482153437500005 0.54457738125 0.448303640625 0.553481990625 0.6744197078124999 0.6538972484375 0.68129656875 0.654863728125 0.9850222390625 0.641535715625 0.9928507249999999 0.5858331359375 0.98143978125 0.588437046875 0.9864691796875 0.5975591125
6 0 0.5100804906249999 0.264555425 0.7525022828125 0.2690609515625 0.75313549375 0.6376895796875 0.7215795 0.6420387390625 0.690633621875 0.6351721015625 0.68335715625 0.2643903515625 0.49239588906250004 0.197179253125 0.4766385625 0.0004805625 0.46161720937500006 0 0.465036590625 0 0.5100804906249999
4 0.770096184375 0.497987203125 0.7735782906249999 0.506891809375 0.8221242875 0.5095068890625 0.8291832953125 0.5041875453125 0.8865977562499999 0.16302458749999998 0.8548768421874999 0.14173604374999998 0.811842559375 0.1335841625 0.7003426046875 0.1410557484375 0.6731798906249999 0.27819337499999996 0.685945759375 0.28840273125000004 0.7512220453125 0.2954729078125 0.8110841921875 0.318612634375 0.815823646875 0.329797759375 0.8111845437499999 0.3628066953125 0.7861434546875 0.4287130453125 0.770096184375 0.497987203125
4 0.6328164328125 0.2622646 0.638230571875 0.2461950484375 0.6324261375 0.2201335984375 0.6338730781249999 0.1761569984375 0.5767180015625 0.14498249375 0.581842196875 0.130976 0.6247789078125 0.12859513125 0.632707746875 0.1170866125 0.6346397796875001 0.0921124515625 0.626128275 0.07408577968749999 0.5942149921875 0.0653930453125 0.5533106671875 0.0869938125 0.4931585765625 0.06591714374999999 0.40022615000000006 0.075998225 0.37161649375 0.2571124546875 0.4954125453125 0.28003334999999996 0.514173484375 0.282670028125 0.521703996875 0.278205878125 0.5233460875 0.255294775 0.5322423328125 0.24812983281249998 0.6328164328125 0.2622646
4 0.34375 0.4625 0.1109375 0.1375
4 0.55078125 0.49453125 0.08125 0.05625
13 0.49931975937499995 0.4599320578125 0.4914857171875 0.4483120171875 0.42514445 0.42636551562499997 0.41218621093749996 0.42875196875 0.4150884296875 0.44178269375 0.404650446875 0.5160527984375001 0.3929523359375 0.554381078125 0.4094902546875 0.5714319828125001 0.43985624375 0.579907259375 0.449232025 0.5244221375 0.4899439796875 0.515417178125 0.49931975937499995 0.4599320578125
10 1 0.42023146406249995 0.8523230375 0.3956748546875 0.8431368484374999 0.40490285625 0.8250627484375 0.52227973125 0.8317370171875 0.5421520046875 0.8513695234374999 0.5596378265624999 0.9704996546875 0.583480825 0.992741996875 0.5866067828125 1 0.5349634062499999 1 0.42023146406249995
20 0.5285783640624999 0.44248005937499996 0.534062621875 0.443250821875 0.5830015796875 0.425856259375 0.5383918249999999 0.42173714531249995 0.41434655 0.40215334062499997 0.5285783640624999 0.44248005937499996
18 0.42765841250000003 0.42198526249999996 0.432819159375 0.4227105578125 0.412437134375 0.3932854828125 0.3103157390625 0.3789332578125 0.3104133140625 0.38946600781249996 0.42765841250000003 0.42198526249999996
21 0.060434728125 0.42796706875 0.051443685937500004 0.458260571875 0.0596035671875 0.46335200781249997 0.060228012500000004 0.4634397671875 0.0826739515625 0.39322405312500003 0.047278562499999996 0.3756267109375 0.049308170312499996 0.36118530312499997 0.01584759375 0.352275109375 0.00859899375 0.4038515734375 0.0584023421875 0.40874716875 0.060434728125 0.42796706875