14 0.46941868593749997 0 0.439065328125 0.0037269234375000002 0.43844759375000003 0.04998030625 0.45897904218749996 0.11462668281249999 0.4075809890625 0.221688553125 0.4038340609375 0.2809200234375 0.43833622187500004 0.5747386828125001 0.46284100781250004 0.5948186390625 0.47970798906249995 0.68090474375 0.5011515859375 0.9196543640625 0.499264378125 0.9555687234375 0.5090498 0.9711590546875 0.5125910234375 1 0.5305813078125 1 0.624519659375 0.9884658203125 0.6125735890625 0.6603929421875 0.605663465625 0.6297567171875 0.612148259375 0.6184655890624999 0.6349032718750001 0.6114736671875 0.6362277171875 0.5966181953125 0.6260169656250001 0.5391005109375 0.6218381921875 0.440961596875 0.5995504515625 0.23380030624999998 0.5859566125 0.1871929078125 0.5338453328125 0.147413834375 0.5400762328125001 0.13405490312499999 0.537139446875 0.05885225937500001 0.5199107890625 0 0.46941868593749997 0
11 0.71121189375 0.22009000625000003 0.7034056046875 0.2152763046875 0.6001123109375001 0.2279591265625 0.5967026390625 0.236248953125 0.61774839375 0.4204739734375 0.6231626375 0.4261061234375 0.711811746875 0.41889459375 0.7244409890625 0.41734391875 0.71121189375 0.22009000625000003
5 1 0.663782203125 0.9908718625 0.664319246875 0.9665385109375 0.6840988359375 0.9547494203125 0.6393688203125001 0.9369833234374999 0.610065540625 0.9135216015625 0.5856595546875 0.8745513453125 0.563157775 0.8213420296875 0.552899228125 0.771714721875 0.5589926953125001 0.7341853734375 0.5866894859375 0.7178326968750001 0.6201820234375 0.714676015625 0.6457573609375 0.6572944421875 0.6528029328125 0.645958165625 0.637403021875 0.6398372125 0.6003729625 0.6482092140625 0.553167475 0.6438930078125 0.5180148 0.631033365625 0.4902080625 0.6201773921875 0.49154100781250004 0.630305684375 0.586850434375 0.63103988125 0.6056510953124999 0.62249644375 0.612997034375 0.6280546359375 0.67108598125 0.6505007796875 0.6872207515625 0.718710840625 0.69143948125 0.726128753125 0.726211315625 0.7482660296875 0.765472775 0.7582228875 0.8209226546874999 0.7837432515625 0.8492738296875 0.7775123515625 0.8626327609375 0.90849074375 0.87803531875 0.9454573312500001 0.8713974140625 0.9827052984375 0.8542300671874999 1 0.83653238125 1 0.8069908609375 0.9890461437500001 0.7904821453124999 0.99868761875 0.7536156796875 1 0.755110221875 1 0.663782203125
21 1 0.5958306359375001 0.97293433125 0.5951564171875 0.9572268765624999 0.5697983265625 0.8993375125 0.5727082890624999 0.950378240625 0.6294106390625 0.968343259375 0.6859762203125 1 0.6390842625 1 0.5958306359375001
2 1 0.5248558984375 0.9263514921875 0.5234762296875 0.916764990625 0.5351481984375 0.89220523125 0.5402627359375 0.884423478125 0.5538120875 0.8862007390625 0.56828671875 0.963232996875 0.5706351015625 0.9695258828125001 0.5698624328124999 1 0.545396078125 1 0.5248558984375
9 1 0.4945044171875 0.99043576875 0.4940931359375 0.989420190625 0.48582191718749995 0.9340972578125 0.49681267656249994 0.93023386875 0.49099010468750004 0.911623628125 0.49327515625 0.9113147609375 0.516401846875 0.92059239375 0.5278565703125 0.9766770093750001 0.5230692234375 1 0.528169303125 1 0.4945044171875
21 0.8940570125 0.8758719734374999 0.8935217359375001 0.8843336109375001 0.9376609 0.9500169109375 0.998147928125 0.9425900374999999 0.9537511234375 0.8748393953125 0.935902565625 0.8833278578125 0.9271327218750001 0.8760087453125 0.8940570125 0.8758719734374999
21 0.7630193953125 0.8728081875000001 0.7585657578125 0.9006417515624999 0.720446159375 0.9619946765625 0.7516896359375 0.9728513109374999 0.782706703125 0.96904289375 0.8451871375 0.8753131296875001 0.8408159578125 0.8653549500000001 0.7751998140625 0.8566197687500001 0.7630193953125 0.8728081875000001
21 0.896286528125 0.5350389109375 0.8828916109374999 0.5156938125 0.87961846875 0.4762151078125 0.809068384375 0.4785806328125 0.6484038859375 0.567574053125 0.64011434375 0.5769877953125 0.640848540625 0.59578845625 0.712865059375 0.6171187609375 0.7229532078124999 0.6158800921875 0.7426970734375 0.5790850703125 0.774784690625 0.5583533765625 0.8293184531250001 0.5537564515625 0.886137265625 0.567769765625 0.8856569640625 0.5510369109375 0.896286528125 0.5350389109375
19 0.41041208124999995 0.3601359125 0.4047439421875 0.3524359578125 0.32979519218750003 0.3574405484375 0.3209978609375 0.3627186828125 0.3073280765625 0.46934606093750003 0.27428637031249997 0.5720550765625 0.2569730890625 0.5720819015624999 0.232722196875 0.5540697484375 0.2089516078125 0.552790453125 0.20145123437499998 0.5558103609375 0.20477935 0.570094571875 0.194431165625 0.5755631265625001 0.1549531203125 0.5489257390625 0.153429753125 0.5365189125 0.1319991875 0.528655359375 0.11750623281250001 0.5388307875 0.1270102734375 0.5649505625 0.1466086046875 0.5835339765625001 0.15174146718749998 0.599695571875 0.184508309375 0.6229590328125 0.1906842359375 0.6347945968750001 0.327413684375 0.7179701984375 0.36402593906249997 0.7134747781249999 0.40039230937500003 0.6888068781250001 0.39968560000000003 0.6574089703125 0.426132565625 0.616380071875 0.4228319390625 0.5894986140625 0.4298794953125 0.5571486015625 0.41041208124999995 0.3601359125
19 0 0.5305813109375 0.00943955 0.607460271875 0.011378118750000001 0.6072222468749999 0.0545052578125 0.589857771875 0.1347355703125 0.5920758562499999 0.1379488984375 0.591681309375 0.114027934375 0.5489656453125 0.114844590625 0.5299745625 0.1218371734375 0.5228190453125 0.1388965609375 0.5207244156249999 0.212239484375 0.541104740625 0.20253652187500001 0.48772266562500005 0.1694608125 0.4875858953125 0.1666679734375 0.4648400453125 0.1504252421875 0.4479435921875 0.109087478125 0.4446233171875 0.0989382140625 0.47735417187499996 0.08788331875 0.4514248171875 0 0.46030212812500004 0 0.5305813109375
15 0.109087478125 0.4446233171875 0.099446003125 0.4814897796875 0.0993085703125 0.54447601875 0.109967246875 0.5447415328125 0.11362898749999999 0.5442919265625 0.11743850781250001 0.5254581125 0.1631749390625 0.526139321875 0.1676835515625 0.47311126249999996 0.16280458281250001 0.4590174734375 0.1504252421875 0.4479435921875 0.109087478125 0.4446233171875
21 0.06836800781249999 0.7796874546875 0.0760607859375 0.6884868125 0.089764571875 0.6847052203125 0.111901846875 0.7239666812500001 0.1405788921875 0.72674251875 0.15352099375 0.7167575140625 0.167815028125 0.6793197875 0.168631684375 0.6603287046874999 0.1810659984375 0.646208090625 0.177991778125 0.633991684375 0.1385412203125 0.5947570484375 0.113755053125 0.5852065343749999 0.090301825 0.5865119953125 0.08128749843750001 0.587618815625 0.063338575 0.5976938359374999 0.0635649828125 0.6123588875 0.055556821874999995 0.6112431875000001 0.04887310625 0.5952720140625 0.009566496875 0.6084941749999999 0.031909209375000004 0.7904609687499999 0.038874306250000004 0.7959027 0.048369851562499996 0.7963110265625 0.0521362046875 0.7958485765625001 0.06836800781249999 0.7796874546875