14 0.16727153125 0 0.1632260734375 0.034447025 0.1739107234375 0.0638321546875 0.15336666875 0.08136440625 0.11165172968749999 0.1649742359375 0.094200228125 0.2909408640625 0.0683313796875 0.41965423125 0.077839034375 0.4467163515625 0.0695183921875 0.49390505781250005 0.07142393124999999 0.5280886078125 0.0246592796875 0.7483137265625001 0.0256578953125 0.76964453125 0.012180821875000001 0.8370787390625001 0.015986889062500002 0.8694819328125 0.0251086015625 0.8874852453125 0.028724689062499996 0.888122859375 0.09183969374999999 0.8892032453125 0.11781526093750001 0.8768596609375001 0.13320288281249998 0.8795729140624999 0.13419648906249998 0.8649398093749999 0.1272262140625 0.8594798171875 0.1231500734375 0.8376063640625 0.1026927046875 0.8276527609375 0.091376215625 0.810849053125 0.1290966890625 0.64191600625 0.1423087 0.620975446875 0.172065290625 0.46121551250000004 0.1968638640625 0.44654892031250004 0.221815771875 0.2330549875 0.2166443125 0.1454087640625 0.20912888125 0.125044340625 0.2105759484375 0.1168376109375 0.23419752656249998 0.099848009375 0.24396523750000002 0.0444525734375 0.2444136890625 0.0149150390625 0.23997722656249998 0 0.16727153125 0
19 0.23141637187500003 0.2775861421875 0.2161204453125 0.283350946875 0.1940576640625 0.4444675078125 0.179668659375 0.4630850578125 0.215875415625 0.47370023124999994 0.2502661421875 0.5019767015625 0.2536234375 0.5025686828125 0.2759788328125 0.4927599734375 0.3089046421875 0.34202074531250004 0.324649021875 0.30671840625 0.23141637187500003 0.2775861421875
11 0.544542565625 0.24738655468749998 0.505711746875 0.24265510468749998 0.49195458125 0.2486912328125 0.45604294218749997 0.4073658671875 0.55172404375 0.4424829734375 0.55646856875 0.44331956093749997 0.5699113375 0.4274439390625 0.5871994890625001 0.42837683281250005 0.6237060578125 0.45517534375 0.631034425 0.4564675328125 0.6408777828125001 0.45688101249999996 0.689639665625 0.27931750312500003 0.68610868125 0.2723484796875 0.544542565625 0.24738655468749998
5 0.7440551281250001 0.726550709375 0.7739234484375 0.7191244671875 0.791389978125 0.7010495671875 0.8090348859375001 0.6639668703125 0.8370793453125 0.558907315625 0.8109203890625001 0.5542947859375 0.786656953125 0.5119379890625 0.754704715625 0.5041884765625 0.73253020625 0.5129713453125 0.7337988953125001 0.5237724078125 0.7414927062500001 0.525129034375 0.735250971875 0.5515295874999999 0.6927107875 0.558836909375 0.6607635593750001 0.5870513046875 0.639771053125 0.6341210890625 0.6326274062499999 0.683632803125 0.622039459375 0.6986896390624999 0.5681827859374999 0.6891932546875 0.5000288 0.706792478125 0.5553375515625001 0.744046040625 0.5628529828125 0.7644104625 0.591841053125 0.7732239171875 0.596393234375 0.7740265890625 0.605846628125 0.7635295140625 0.6690225609375 0.747167996875 0.691737215625 0.71732565 0.7440551281250001 0.726550709375
21 0.649356628125 0.5707605171875 0.62148053125 0.5848844578125 0.49249458593749995 0.5515633953125 0.4303122609375 0.5532918062500001 0.42406551875 0.5437284484375 0.42705135 0.53579304375 0.449225859375 0.527010175 0.5084223531250001 0.5332171703124999 0.53965105625 0.5450700484375 0.5676188484375 0.5394241640625 0.573137046875 0.5171269796875 0.55657243125 0.5120907171875 0.2538947640625 0.5010299218750001 0.2710095453125 0.5569345203125 0.2682121109375 0.6177899499999999 0.28323796562500003 0.6225548843750001 0.3057742421875 0.611720334375 0.2958998109375 0.5507459875 0.3244127578125 0.5600045312499999 0.3553914234375 0.7262427875 0.36969374374999997 0.7351110890625 0.359105796875 0.7501679234374999 0.31511854375000004 0.765681978125 0.248059878125 0.8490539703125 0.272863459375 0.8703512890624999 0.2855353234375 0.8704702078125001 0.35340921718749996 0.79147290625 0.36716638281249997 0.785436778125 0.395429290625 0.9490806984375 0.42647961562500003 0.9799413749999999 0.44340599843749995 0.9829259515625001 0.400830753125 0.7384859109375 0.5017371765624999 0.6251191656249999 0.618316321875 0.611827659375 0.6287258890625 0.6157786203125 0.638957078125 0.6387373765625 0.6576872875 0.5954996312499999 0.6918968125 0.5634531953125 0.693705646875 0.55319478125 0.6823891578125 0.5363910734374999 0.6725247453125001 0.5473445453125 0.6602146484375 0.5451739421874999 0.649356628125 0.5707605171875
9 0.671470890625 0.45434238281250006 0.6291241109375 0.5505336359374999 0.5682971609374999 0.5355772609375 0.54078283125 0.5476495171875 0.5931358328125 0.5798865234374999 0.6248465734375 0.5854779828125001 0.645872115625 0.572526009375 0.6957293171875001 0.46073527031249994 0.6875820453125 0.4529522703125 0.671470890625 0.45434238281250006
2 0.4450165609375 0.5238880546875 0.42745833749999995 0.5334848984375 0.4271882640625 0.5440146390625 0.4385109359375 0.551035378125 0.45119655937500003 0.5532721953124999 0.5501975390625 0.5572426046875 0.4934417203125 0.5281957734375 0.4796845546875 0.534231903125 0.4450165609375 0.5238880546875
5 0.3961033359375 0.654620059375 0.4004118671875 0.6553797703125 0.4128570015625 0.6522855015625 0.43901094843750005 0.6209341234375 0.4404580171875 0.612727390625 0.3773687703125 0.6016030546875 0.37212064375 0.6133705015625 0.3797277703125 0.6422129812499999 0.3961033359375 0.654620059375
5 0.4686293734375 0.443961615625 0.4499858484375 0.45971350781250003 0.43611250312500005 0.503014346875 0.44466312500000005 0.504522053125 0.506201521875 0.50981981875 0.50782696875 0.482605290625 0.4967805515625 0.45527184531250003 0.4686293734375 0.443961615625
5 0.2896083390625 0.496220959375 0.2941861515625 0.4970281515625 0.382152165625 0.502490440625 0.38531637500000004 0.4755472375 0.3746317265625 0.446162109375 0.3414623 0.4260340078125 0.33873283125000003 0.425552728125 0.3222221203125 0.42845899374999996 0.308918415625 0.44092149531249997 0.291635275 0.475952509375 0.2896083390625 0.496220959375
5 0.3661627578125 0.7281420640625 0.273832021875 0.6758986390625 0.2445955421875 0.6707434578125 0.2655880484375 0.6236736734375 0.2713713109375 0.5548828390625 0.23841545000000003 0.4898386125 0.216327625 0.47113562656249997 0.1874529125 0.46392876406249994 0.1684476203125 0.4817323390625 0.1450194484375 0.587605871875 0.14964575156249998 0.6603476640625 0.1644065421875 0.7116062484375 0.21781476406250003 0.7506401687500001 0.2555602828125 0.761526665625 0.328875709375 0.75964585 0.3720477328125 0.7397571046875 0.3661627578125 0.7281420640625
21 0.720714025 0.6452203109375 0.7323216328125 0.6401273265625 0.7892458140625 0.5782385437500001 0.79069288125 0.5700318125 0.7428995625 0.5531426734375 0.7352974453125001 0.560264103125 0.7188134703125 0.6448851921875 0.720714025 0.6452203109375
21 0.662913984375 0.7548172125 0.6659048234375 0.7828457156249999 0.6845583656249999 0.8390216421875 0.7097425203125 0.8511308734374999 0.712361959375 0.8515927515625 0.713066303125 0.8123162765625 0.6950446015625 0.7435589296875 0.6833663453125001 0.7288069046875 0.662913984375 0.7548172125