15 0.1524321109375 0.49460099375000005 0.1498591125 0.5682443125 0.1361572765625 0.6618392562500001 0.2302801515625 0.63971373125 0.2867321140625 0.6256386765624999 0.2847786359375 0.5539291015625001 0.29241205 0.46828852187500003 0.16052470000000002 0.481847725 0.1524321109375 0.49460099375000005
19 1 0.611272775 0.9788534296875 0.644434784375 0.9505477046875 0.660080640625 0.8970214046875 0.6068657828124999 0.8884533375 0.5725011421875 0.79953265625 0.558170659375 0.799040878125 0.5368221546874999 0.8248714109374999 0.4402031875 0.7404826890625 0.4505081015625 0.73641805625 0.48587531562499997 0.7631424906250001 0.5736850812500001 0.748985553125 0.5879503609375 0.6969427390625 0.585896309375 0.5898127109375 0.601871265625 0.5842605171875 0.5925200265624999 0.5843094203125 0.5152118109375 0.5732172578125 0.4771822734375 0.49186478593749994 0.48028882968750003 0.490320171875 0.5257632921875001 0.5104762546875 0.6130636203125001 0.4912711265625 0.6199991078125 0.40941465 0.6210842140625 0.40334215156250003 0.635480928125 0.42551425 0.7308670546875 0.4315745234375 0.73579739375 0.5321321234374999 0.72575535 0.556381365625 0.7325920046875 0.5295591265625 0.7993986703125 0.5507272921874999 0.8842995468750001 0.7260649375 0.8770838609375 0.7250243281250001 0.924579771875 0.731316521875 0.9560227937500001 1 0.8890324796875 1 0.611272775
15 0.5713476203125001 0.43739008437500004 0.5667912078125 0.4514087953125 0.582915259375 0.522537528125 0.5823623515625 0.59782429375 0.5874105421875 0.6051540859375 0.684436040625 0.5874042484374999 0.7460798890625 0.5884064359375001 0.75062815 0.5872724265625 0.7652885828125 0.575833890625 0.7400802359374999 0.487646121875 0.7350727984375001 0.4158928171875 0.5713476203125001 0.43739008437500004
15 0.4824817875 0.43619698281249997 0.32633296875 0.462246584375 0.3162202890625 0.4733564078125 0.3257922890625 0.5182062968750001 0.3338156 0.614973 0.3919309125 0.6026303375000001 0.40606339843750006 0.6270191656249999 0.483952571875 0.621555440625 0.4957563828125 0.6186124203125 0.5131934265625 0.6110442093749999 0.4925251890625 0.5346071328125 0.48903791406249997 0.456033475 0.4824817875 0.43619698281249997
15 1 0.43860772031249995 0.9765797953125 0.3446744109375 0.8563130640625 0.35963049375 0.8153216593750001 0.4600294921875 0.809232859375 0.5001956109375 0.7970878625 0.5289890390624999 0.7970674859375 0.5612007953125 0.8890203421875 0.5747752734375 0.893548228125 0.6058530203125 0.922837509375 0.6329041703125 1 0.6136654 1 0.43860772031249995
19 0.3877324578125 0.4501586421875 0.3442903140625 0.43093042031250006 0.2952837484375 0.4216780125 0.24171669687500003 0.43288666718749996 0.1997621125 0.4583769015625 0.1871171875 0.47870653125 0.2027779859375 0.4833903015625 0.289694878125 0.4703079328125 0.2850854875 0.5680772109375 0.29060915625 0.6225249109375001 0.3246555578125 0.617793634375 0.32955126562500003 0.616572996875 0.33258411718750003 0.5648229203125 0.3220326359375 0.470833671875 0.326584971875 0.4632573125 0.3877324578125 0.4501586421875
19 0.1913642125 0.7540882625 0.1688100359375 0.6636284015625 0.1395044515625 0.66234665625 0.136480428125 0.650217959375 0.153226665625 0.5365399546875 0.14818662656249998 0.5163254609375 0.13555392500000002 0.5173280359375 0.000614025 0.563855003125 0.0525264328125 0.77206429375 0.1871475875 0.755139584375 0.1913642125 0.7540882625
21 0.5613922812500001 1 0.5724426515625 0.9972448328124999 0.5437768625 0.8887163734374999 0.53018505625 0.808367834375 0.5544791265625 0.7443386249999999 0.544382746875 0.729679040625 0.42310800625 0.7405922234375 0.41449511250000004 0.7770934484375001 0.4054026640625 0.7729191156249999 0.394281975 0.7799860375 0.3781212484375 0.766838465625 0.27705556875 0.7813014109374999 0.2578463640625 0.79467925 0.2330849671875 0.7987058484375 0.23155257968749998 0.8248532562499999 0.22447614843750002 0.8287647203124999 0.2098518828125 0.7830273890624999 0.1972273328125 0.7711452609375 0.1633694140625 0.7774398765625 0.1477086140625 0.77275610625 0.118898884375 0.7863805140625 0.1017260734375 0.77563239375 0.065344059375 0.7782621125 0.061787504687499994 0.8092084265624999 0.1091638765625 0.999224671875 0.3845428921875 0.9992725484375 0.386575696875 1 0.434999384375 1 0.43356168124999994 0.9891979015624999 0.46087162499999995 0.9501820921874999 0.50135495 0.854203996875 0.5180400578125 0.8371612624999999 0.5326683984375 0.876456240625 0.560264165625 1 0.5613922812500001 1
9 0.16748295 0.6647644484375 0.222939684375 0.8613544796875001 0.40335048125000006 0.8220091843749999 0.4298820046875 0.81539413125 0.4412602984375 0.8004797015625 0.39439200625000004 0.606042553125 0.1770916265625 0.6516331765625 0.16748295 0.6647644484375
2 0.0984004671875 0.8658350859375 0.106786325 0.8637442562500001 0.1178419734375 0.8596458296874999 0.17596951249999998 0.8279761125 0.18709835156250001 0.8080244875 0.148720696875 0.770356653125 0.11839895625 0.7779167124999999 0.06332804375 0.770176315625 0.053723442187500005 0.7768652359375 0.07388360000000001 0.8577232125 0.081459959375 0.8622755484375 0.0984004671875 0.8658350859375
14 0.7688432656249999 0.44799962656250003 0.8178620562500001 0.43792498281250003 0.8138381750000001 0.40886868437499996 0.8209268312500001 0.3856301671875 0.7912028234374999 0.247037596875 0.7604219062500001 0.18171034218749998 0.7644743140625 0.16567018125 0.7604463578125 0.1430562359375 0.7407494515625 0.1286432203125 0.7250845765625 0.13040179999999998 0.7129477296875 0.146310525 0.711407190625 0.1853426359375 0.7209914171875 0.2108654734375 0.732612034375 0.21226235 0.7366481406250001 0.2219915953125 0.7340588421875001 0.32140431875000003 0.7476465734375 0.408195209375 0.75977119375 0.41161353749999996 0.7688432656249999 0.44799962656250003