14 0.28738590625 0.8148808828125 0.280425646875 0.74841305625 0.27164653437499997 0.743614634375 0.2723462640625 0.8907809984374999 0.2860632328125 0.8883623265624999 0.3089185578125 0.883010146875 0.3132647703125 0.8716664312500001 0.3101922546875 0.8362451734375 0.28738590625 0.8148808828125
14 0.2076754109375 0.5877721734375 0.2024322921875 0.5400408171875 0.21057956406249997 0.5322578171875 0.22469849687500001 0.5403456296875 0.26370268750000003 0.5905858859374999 0.2574659625 0.528221425 0.266881921875 0.509637359375 0.23838901250000002 0.37504026874999996 0.1968574609375 0.274474325 0.1951403203125 0.2557378546875 0.21134316874999998 0.248649909375 0.2109864109375 0.21063431875 0.19605725937500001 0.17095728906250002 0.1782289625 0.15083070468749998 0.14482965781249998 0.15037348749999999 0.12962041562499999 0.1720945359375 0.1495226109375 0.2489731828125 0.1392864140625 0.307895846875 0.141273628125 0.33716205625 0.165333640625 0.45561701093750007 0.1733792 0.528239884375 0.18360538125 0.5412450375 0.2122816796875 0.658886015625 0.24709799999999998 0.8833334171875 0.2577884765625 0.893347928125 0.258750203125 0.89317835 0.26447784375 0.873922465625 0.2670302484375 0.744428609375 0.2346345671875 0.6866766796875 0.2076754109375 0.5877721734375
19 0 0.49191959374999994 0.0124510359375 0.49738264218749995 0.037784746875000004 0.569072621875 0.0219436640625 0.5782122484375 0.005108975 0.5727187703125 0.0221120265625 0.6691478625 0.194458465625 0.6427250453125 0.2058919328125 0.6407090156249999 0.1825200796875 0.5350899890624999 0.172563971875 0.532614575 0.1656954078125 0.4576686921875 0.1360971609375 0.460772190625 0.13356479062499999 0.446410409375 0.12587098125 0.4477670359375 0.0976281078125 0.4675553234375 0.06658279218749999 0.4624520890625 0.056896759374999994 0.4705064140625 0 0.478770546875 0 0.49191959374999994
15 0 0.5437443328125 0.005108975 0.5727187703125 0.019926903125 0.5783034234375 0.022475484375 0.5778540390625 0.03696951875 0.5734473140625 0.014351565625000002 0.49916299999999997 0 0.49067507031249996 0 0.5437443328125
19 0.343214625 0.6186107921875 0.377154078125 0.6401274890625 0.42367870781250005 0.6340394125000001 0.4285650671875 0.6437551765625 0.42296018281250003 0.5939721390625 0.3414108 0.57238846875 0.331092925 0.5678613718750001 0.327745328125 0.5578742828125 0.33363030312499997 0.54625924375 0.4021510640625 0.529946240625 0.413110796875 0.47512694062499994 0.43130586875 0.46134129843749994 0.4532103046875 0.45959442656249994 0.45031616874999997 0.443180965625 0.4557476828125 0.4379922984375 0.44353929843750006 0.359757025 0.4347601859375 0.354958603125 0.3259615375 0.3677963234375 0.3341854765625 0.4594269953125 0.3293858015625 0.477197084375 0.33761475 0.5328638453125001 0.32874394375 0.5365434796875 0.29498788125000003 0.49807067031249996 0.2720898375 0.4851844359375 0.2628572640625 0.4868123875 0.268915609375 0.5301690515625 0.343214625 0.6186107921875
19 0.28200072187499997 0.4874033890625 0.31660665625 0.516471153125 0.3175978015625 0.5162963875 0.32019469375 0.5060544265625 0.33178125625 0.49978045781249997 0.33531725 0.45684752656249994 0.3306142796875 0.4301756484375 0.2875289390625 0.43777275624999995 0.252682565625 0.4291088078125 0.2655278 0.48396159375 0.28200072187499997 0.4874033890625
15 0.26394381718750004 0.483976459375 0.2857565609375 0.4907076453125 0.31378936562500004 0.51696791875 0.315328128125 0.5166965921875 0.331282575 0.5059503734375 0.3345484953125 0.4524877015625 0.253814340625 0.426529340625 0.26394381718750004 0.483976459375
15 0.1285415171875 0.44491624218750003 0.1006604109375 0.46675621093749997 0.0573049984375 0.4638235796875 0.07078708125 0.4952938765625 0.0747615109375 0.5538262984375 0.15821643125 0.541226415625 0.1561375234375 0.5204382625 0.14292551250000002 0.499497703125 0.1335195703125 0.4461539484375 0.1285415171875 0.44491624218750003
5 0.3686852515625 0.6820791765625 0.3198066296875 0.6928132671875 0.2788002 0.7211985296875 0.263249225 0.597012259375 0.2307618515625 0.547738384375 0.213203628125 0.5381415406250001 0.20849564687500002 0.547433571875 0.21518583281249998 0.603371659375 0.24630781562499998 0.7078885640625 0.260696821875 0.726506115625 0.2702911609375 0.7269298453124999 0.2900199859375 0.7488367859375 0.30847304375 0.7511361296875 0.33636311406249997 0.7462183578125 0.37845296093749997 0.7374746125 0.42787673593750003 0.7118360890625001 0.395476046875 0.69004806875 0.3686852515625 0.6820791765625
19 0.259769721875 0.5592828562500001 0.26881389843750003 0.6105749265625 0.3204082765625 0.5972465015624999 0.28710567343750004 0.55234731875 0.2748872703125 0.5460398640624999 0.259769721875 0.5592828562500001
11 0.80550014375 0.3699750859375 0.8145493296874999 0.38530324843749997 0.8222431390624999 0.383946621875 0.8277663484375 0.37027989843750003 0.8131273046875 0.1972769703125 0.792038096875 0.1946491515625 0.6406942546875001 0.23614345781249999 0.652892621875 0.3863065484375 0.6666497875 0.392342678125 0.7097351265625 0.3847455703125 0.723308903125 0.4077378125 0.7447598796875 0.41241731562500006 0.78639815 0.3966134765625 0.793190046875 0.3721456875 0.80550014375 0.3699750859375
5 0.6538461578125 0.6886509265625 0.7192893953125 0.6728805734375001 0.7374844671874999 0.6590949312500001 0.7539674078124999 0.5906089078125001 0.7508999015625 0.519223740625 0.7431194046875 0.493094515625 0.7287304 0.4744769640625 0.690353040625 0.47278203906250005 0.6609331734375 0.49489333281250003 0.6378467328124999 0.5349271203125 0.640735859375 0.5873044937499999 0.6580190015625 0.62233550625 0.6571120796875001 0.6351882546875001 0.5804440468750001 0.65928425625 0.5791753578125001 0.670085321875 0.6036121640625 0.68270023125 0.6538461578125 0.6886509265625
9 0.6509456203124999 0.3932607078125 0.6454224109375 0.40692743125 0.6410661796875 0.490198965625 0.5744459484375 0.508292325 0.574624328125 0.527300121875 0.639400246875 0.52619130625 0.6412535546875 0.5258645171875 0.6672251359375 0.48558643593750006 0.708501640625 0.4677309140625 0.7097803468749999 0.38500203125 0.6509456203124999 0.3932607078125
21 0.45144307499999997 0.8004970468750001 0.44519633281250004 0.8100604046875001 0.44682178125 0.8372749328125 0.47207381406250004 0.84551515 0.47669510937500004 0.8087372640625 0.4869262984375 0.7857785093749999 0.4860243859375 0.762667346875 0.4940799625 0.763362403125 0.5471930671874999 0.8936182890625 0.5811325187499999 0.9151349859375 0.583578203125 0.9020109140624999 0.5026857046875 0.7131891218749999 0.501692096875 0.698556015625 0.523428171875 0.6058735296875 0.5557421765624999 0.6001757 0.5701311812500001 0.6187932515625 0.5896816281249999 0.621692396875 0.5938494624999999 0.591340884375 0.6031737296874999 0.581234878125 0.56950435 0.5702479203124999 0.6318700625 0.5550202171875 0.638478571875 0.5475085421875 0.6383001937499999 0.528500746875 0.5711398156249999 0.5255346296875001 0.541001421875 0.507578646875 0.45220667968750006 0.5168891390625 0.342501109375 0.5425796078125 0.332453309375 0.5485822515625001 0.3303693921875 0.5637580062499999 0.4222366484375 0.5898687734375 0.44069678593750006 0.6225767796875 0.4453080625 0.6577267109375 0.45634947031250006 0.6663571734375 0.46711579687500004 0.70042180625 0.45144307499999997 0.8004970468750001
5 0.524559946875 0.6032940625000001 0.5154140593750001 0.6324078656250001 0.5195144703125 0.6393534390625 0.5307666625 0.637369375 0.5488133640624999 0.6328650828125 0.56556136875 0.6108727093749999 0.5572357171875 0.5996479124999999 0.524559946875 0.6032940625000001
21 0.791602446875 0.7230651265625 0.8017406921875001 0.7175754046875 0.832164184375 0.6381693984375 0.8176834859375001 0.6280299031250001 0.8024092265625 0.6291365640625 0.7970836703125 0.630075603125 0.7673477796875 0.7024850812500001 0.770241915625 0.7188985453125001 0.7889096171875 0.7235399453125 0.791602446875 0.7230651265625
5 0.7680398671875001 0.6074312374999999 0.7667711781250001 0.618232303125 0.8334992265625001 0.631587578125 0.8342333453125 0.6314581328125 0.83673900625 0.61012603125 0.8308590406249999 0.5857771625 0.8181871765625001 0.58589608125 0.7680398671875001 0.6074312374999999
5 0.562370721875 0.4488083890625 0.557479353125 0.475056534375 0.5610970234375 0.49557336249999995 0.639573890625 0.4817357734375 0.6253682734375 0.446162109375 0.60093146875 0.4335472 0.5805657937500001 0.435022746875 0.562370721875 0.4488083890625
5 0.43239242187500004 0.45850537031250005 0.405958384375 0.4885520703125 0.4047927984375 0.5263072234374999 0.4169960578125 0.524155459375 0.502533621875 0.505370803125 0.498462490625 0.4912803484375 0.47493260625 0.4658126921875 0.43239242187500004 0.45850537031250005
2 0.45844841406250003 0.5432896921875 0.5577444171875 0.5215501828125 0.5547585875000001 0.513614778125 0.5298683203125 0.5074262421875 0.4955620921875 0.519821771875 0.458361728125 0.5158038390625 0.45238505937499995 0.5358969359375 0.45844841406250003 0.5432896921875
21 0.820098975 0.5067576421875 0.81621123125 0.475711075 0.7894204359375 0.4677421828125 0.7701400625 0.475372778125 0.7549358296875 0.4611299171875 0.7272381109375 0.466013771875 0.752755209375 0.5207476375 0.7699516656250001 0.5282928 0.801162034375 0.589691375 0.826112821875 0.5852918781249999 0.82488863125 0.560915371875 0.8047980390625 0.536956746875 0.796202315625 0.5152022140625 0.820098975 0.5067576421875