20 0.0341796875 0.421875 0.150390625 0.4309895828125 0.2265625 0.4231770828125 0.1337890625 0.4114583328125 0.01171875 0.4127604171875 0.0341796875 0.421875
13 0.0078125 0.5950520828125 0.1328125 0.6184895828125 0.134765625 0.4544270828125 0.0107421875 0.4375 0.005859375 0.4466145828125 0.0078125 0.5950520828125
6 0.8173828125 0.5 0.7197265625 0.5052083328125 0.716796875 0.5403645828125 0.6826171875 0.5625 0.5087890625 0.5390625 0.3955078125 0.578125 0.38671875 0.5924479171875 0.38671875 0.6158854171875 0.3955078125 0.625 0.7373046875 0.6848958328125 0.83984375 0.69140625 0.880859375 0.57421875 0.8828125 0.53515625 0.8623046875 0.515625 0.8173828125 0.5
13 0.8603515625 0.515625 0.8154296875 0.5 0.7197265625 0.5052083328125 0.71875 0.5377604171875 0.7001953125 0.5598958328125 0.6728515625 0.5625 0.6416015625 0.5520833328125 0.5087890625 0.5390625 0.3974609375 0.578125 0.388671875 0.5872395828125 0.388671875 0.6158854171875 0.3955078125 0.625 0.7451171875 0.6848958328125 0.837890625 0.69140625 0.87109375 0.60546875 0.8828125 0.5611979171875 0.8828125 0.53515625 0.8603515625 0.515625
6 0 0.88671875 0.0048828125 0.890625 0.3330078125 0.9947916671874999 0.669921875 0.99609375 0.68359375 0.9778645828125001 0.763671875 0.7981770828125 0.7646484375 0.7473958328125 0.1728515625 0.6302083328125 0.0107421875 0.6015625 0 0.60546875 0 0.88671875
13 0 0.8893229171874999 0.0048828125 0.8932291671874999 0.3310546875 0.9947916671874999 0.671875 0.99609375 0.765625 0.7903645828125 0.767578125 0.7513020828125 0.7607421875 0.7447916671875 0.4267578125 0.6848958328125 0.3798828125 0.6692708328125 0.1611328125 0.6276041671875 0.1123046875 0.625 0.0146484375 0.6015625 0 0.60546875 0 0.8893229171874999
4 0.513671875 0.50390625 0.5087890625 0.4921875 0.4482421875 0.4791666671875 0.3466796875 0.4765625 0.2978515625 0.4609375 0.1982421875 0.4557291671875 0.138671875 0.4622395828125 0.1416015625 0.6223958328125 0.38671875 0.6653645828125 0.384765625 0.5846354171875 0.3935546875 0.5755208328125 0.5029296875 0.5390625 0.513671875 0.50390625
6 0.3994140625 0.4583333328125 0.3310546875 0.4505208328125 0.2978515625 0.4322916671875 0.2314453125 0.4270833328125 0.130859375 0.4388020828125 0.1435546875 0.4505208328125 0.513671875 0.4856770828125 0.5537109375 0.4765625 0.55859375 0.4622395828125 0.5478515625 0.4557291671875 0.3994140625 0.4583333328125
4 0.49609375 0.37109375 0.5185546875 0.3645833328125 0.521484375 0.3528645828125 0.529296875 0.07942708281250001 0.4951171875 0.05208333281250001 0.3291015625 0.0625 0.326171875 0.1705729171875 0.33203125 0.1731770828125 0.326171875 0.1783854171875 0.3203125 0.43359375 0.3916015625 0.4479166671875 0.50390625 0.4518229171875 0.515625 0.4466145828125 0.517578125 0.3997395828125 0.4990234375 0.3958333328125 0.49609375 0.37109375
16 0.4970703125 0.05208333281250001 0.5263671875 0.07552083281250001 0.53125 0.06901041718749999 0.4931640625 0.0364583328125 0.1787109375 0.0546875 0.1484375 0.06380208281250001 0.2158203125 0.09375 0.236328125 0.09244791718749999 0.3232421875 0.08854166718749999 0.3291015625 0.05989583281250001 0.3486328125 0.05729166718749999 0.4970703125 0.05208333281250001
10 0.59765625 0.41015625 0.5869140625 0.4140625 0.5810546875 0.3958333328125 0.576171875 0.4205729171875 0.568359375 0.4231770828125 0.56640625 0.4700520828125 0.5849609375 0.4791666671875 0.615234375 0.4778645828125 0.609375 0.4544270828125 0.611328125 0.3971354171875 0.6005859375 0.3958333328125 0.59765625 0.41015625
10 0.7255859375 0.3359375 0.703125 0.4934895828125 0.7080078125 0.5 0.76953125 0.5013020828125 0.7998046875 0.5 0.802734375 0.4908854171875 0.80859375 0.3424479171875 0.7255859375 0.3359375