19 0.3759765625 0.640625 0.4150390625 0.6458333328125 0.4736328125 0.5833333328125 0.505859375 0.57421875 0.494140625 0.50390625 0.4970703125 0.4895833328125 0.5126953125 0.4921875 0.5244140625 0.5078125 0.541015625 0.5143229171875 0.548828125 0.5716145828125 0.5556640625 0.5807291671875 0.591796875 0.5716145828125 0.599609375 0.4986979171875 0.5556640625 0.4817708328125 0.4794921875 0.4713541671875 0.4189453125 0.4713541671875 0.3291015625 0.4947916671875 0.3203125 0.5065104171875 0.326171875 0.6966145828125 0.3330078125 0.7057291671875 0.359375 0.7044270828125 0.3759765625 0.6770833328125 0.388671875 0.6705729171875 0.375 0.6653645828125 0.3759765625 0.640625
4 0 0.69921875 0.0078125 0.69921875 0.1171875 0.64453125 0.1162109375 0.5182291671875 0 0.51171875 0 0.69921875
4 0.1171875 0.23046875 0.12109375 0.0013020828125 0.0009765625 0 0 0.22265625 0.1171875 0.23046875
14 0.8955078125 0.5989583328125 0.7978515625 0.5963541671875 0.77734375 0.6158854171875 0.771484375 0.6471354171875 0.771484375 0.7356770828125 0.837890625 0.7434895828125 0.8408203125 0.7083333328125 0.8837890625 0.7213541671875 0.890625 0.71484375 0.8955078125 0.5989583328125
14 0.955078125 0.2955729171875 0.9453125 0.3138020828125 0.951171875 0.3606770828125 0.9716796875 0.3645833328125 0.9765625 0.38671875 0.96484375 0.40234375 0.9375 0.4778645828125 0.921875 0.55859375 1 0.58203125 0.9970703125 0.2265625 0.9775390625 0.234375 0.9609375 0.2591145828125 0.955078125 0.2955729171875
19 0.9326171875 0.4791666671875 0.8740234375 0.4739583328125 0.86328125 0.48828125 0.859375 0.5924479171875 0.890625 0.5950520828125 0.8984375 0.58984375 0.900390625 0.5716145828125 0.921875 0.5533854171875 0.9326171875 0.4791666671875
19 1 0.76953125 0.8896484375 0.7552083328125 0.884765625 0.7513020828125 0.884765625 0.7278645828125 0.8759765625 0.7213541671875 0.857421875 0.7252604171875 0.8583984375 0.75 0.7353515625 0.7395833328125 0.720703125 0.7591145828125 0.7158203125 0.8020833328125001 0.4189453125 0.7682291671875 0.326171875 0.8893229171874999 0.296875 0.94921875 0.29296875 0.98046875 0.2958984375 0.9973958328125001 1 0.99609375 1 0.76953125
15 1 0.5846354171875 0.9248046875 0.5598958328125 0.9052734375 0.5677083328125 0.896484375 0.6106770828125 0.888671875 0.7513020828125 1 0.7643229171875 1 0.5846354171875
21 0.7177734375 0.6015625 0.6337890625 0.5989583328125 0.607421875 0.62109375 0.6552734375 0.65625 0.6552734375 0.6692708328125 0.5654296875 0.671875 0.5537109375 0.6692708328125 0.515625 0.6315104171875 0.5068359375 0.5807291671875 0.4873046875 0.578125 0.373046875 0.69140625 0.3759765625 0.7005208328125 0.40625 0.70703125 0.4052734375 0.7786458328125 0.419921875 0.7643229171875 0.419921875 0.73046875 0.4306640625 0.7265625 0.4892578125 0.734375 0.4931640625 0.7708333328125 0.501953125 0.76953125 0.5068359375 0.7369791671875 0.6826171875 0.7578125 0.685546875 0.79296875 0.703125 0.7955729171875 0.705078125 0.7434895828125 0.736328125 0.7356770828125 0.724609375 0.6106770828125 0.7177734375 0.6015625
9 0.5576171875 0.6223958328125 0.5390625 0.5221354171875 0.5283203125 0.5104166671875 0.49609375 0.4986979171875 0.5166015625 0.6354166671875 0.5537109375 0.671875 0.640625 0.6705729171875 0.6552734375 0.6692708328125 0.658203125 0.66015625 0.6083984375 0.6223958328125 0.5576171875 0.6223958328125
2 0.5556640625 0.6171875 0.607421875 0.6184895828125 0.630859375 0.6028645828125 0.6240234375 0.578125 0.548828125 0.5846354171875 0.5556640625 0.6171875