14 0.89375 0.78125 0.925 0.7729166671875001 0.93125 0.7604166671875 0.9390625 0.6208333328125 0.9515625 0.5291666671875 0.9671875 0.48541666718750004 0.978125 0.3604166671875 0.9765625 0.3125 0.9484375 0.25833333281250004 0.93125 0.2541666671875 0.953125 0.2416666671875 0.9578125 0.20625 0.946875 0.1895833328125 0.9296875 0.1875 0.909375 0.20208333281250002 0.9109375 0.2791666671875 0.89375 0.2916666671875 0.88125 0.3166666671875 0.871875 0.46666666718750005 0.875 0.7354166671875 0.8453125 0.75625 0.85 0.7645833328125 0.89375 0.78125
9 0.75625 0.46666666718750005 0.754765625 0.4765625 0.7640842015625 0.4765625 0.7671875 0.40208333281249997 0.70976561875 0.3984375 0.7014204546875 0.3984375 0.6953125 0.42083333281249996 0.6984375 0.4583333328125 0.7453125 0.4604166671875 0.75625 0.46666666718750005
21 0.8203125 0.5690104171875 0.834375 0.5190104171875001 0.871875 0.52109375 0.8671875 0.48151041718750004 0.815625 0.4877604171875 0.7171875 0.47734375 0.7265625 0.504427084375 0.78125 0.5106770843749999 0.8014878218750001 0.58125 0.8018229171875 0.58125 0.8078125 0.5752604171875 0.803125 0.516927084375 0.8265625 0.5190104171875001 0.8203125 0.5690104171875
5 0.7640625 0.45364583437499995 0.7671875 0.4765625 0.78007811875 0.478125 0.7854352703124999 0.478125 0.8140625 0.4640625 0.796875 0.44322916718750005 0.76875 0.441145834375 0.7640625 0.45364583437499995
5 0.728125 0.5458333328125 0.7203125 0.5541666671875001 0.7484375 0.5666666671875 0.7875 0.5604166671875 0.7828125 0.5125 0.7515625 0.5083333328124999 0.7546875 0.54375 0.728125 0.5458333328125
19 0.553125 0.660677084375 0.55625 0.63984375 0.5625 0.6356770843749999 0.5625 0.585677084375 0.55625 0.554427084375 0.5421875 0.5502604171875001 0.540625 0.5419270843749999 0.553125 0.41484375 0.5703125 0.35442708437500003 0.5609375 0.348177084375 0.45 0.3440104171875 0.43125 0.38984375 0.4265625 0.448177084375 0.40625 0.47317708437499995 0.3828125 0.5627604171875 0.3734375 0.560677084375 0.3640625 0.5190104171875001 0.3484375 0.5065104171875 0.253125 0.5002604171875 0.23125 0.491927084375 0.1953125 0.5002604171875 0.1859375 0.51484375 0.1859375 0.53984375 0.190625 0.5440104171875 0.1875 0.59609375 0.1953125 0.65859375 0.23125 0.691927084375 0.275 0.7127604171875 0.42977764374999994 0.7390625 0.47328125 0.7390625 0.490625 0.7294270843749999 0.5125 0.704427084375 0.53125 0.66484375 0.553125 0.660677084375
5 0.5515625 0.446354165625 0.5390625 0.5484375 0.551953128125 0.5515625 0.5567578125 0.5515625 0.5765625 0.5109375 0.5796875 0.4859375 0.5734375 0.465104165625 0.5515625 0.446354165625
5 0.996875 0.46901041718750003 0.975 0.5127604171875 0.9734375 0.58359375 0.9640625 0.58984375 0.94375 0.5815104171875001 0.94224609375 0.6015625 0.946142578125 0.6015625 0.984375 0.5940104171875 0.990625 0.57734375 1 0.591927084375 0.996875 0.46901041718750003
5 0.634375 0.5190104171875001 0.6578125 0.58359375 0.6958984328125 0.5875 0.6984675484375 0.5875 0.7015625 0.560677084375 0.7234375 0.523177084375 0.7234375 0.49817708437499997 0.703125 0.46276041718750005 0.665625 0.45234375 0.6375 0.4752604171875 0.634375 0.5190104171875001
21 0.596875 0.4895833328125 0.6359375 0.4916666671875 0.6453125 0.46666666718750005 0.5828125 0.4583333328125 0.5734375 0.4625 0.578125 0.48541666718750004 0.596875 0.4895833328125
21 0.370293996875 1 0.35625 0.80234375 0.3765625 0.7919270843749999 0.375 0.77734375 0.1234375 0.691927084375 0.1109375 0.6940104171875 0.109375 0.7565104171875 0.0984375 0.766927084375 0.0796875 0.76484375 0.078125 0.679427084375 0.03125 0.66484375 0 0.673177084375 0 0.95234375 0.015625 0.9606770828125001 0.0202816609375 1 0.12974694375 1 0.140625 0.95234375 0.3046875 0.8690104171874999 0.3405536953125 1 0.370293996875 1
11 0 0.4210937484375 0.057421890625000006 0.4265625 0.073535140625 0.4265625 0.1921875 0.4148437484375 0.190625 0.21901041562499998 0.184375 0.206510415625 0 0.175260415625 0 0.4210937484375