19 1 0.5608334546875 0.8602980656250001 0.5499982546875 0.8577821203125 0.53344865625 0.87299596875 0.4459180609375 0.8699800953124999 0.4209046609375 0.8022805578125001 0.4077244875 0.791639421875 0.45546696718749996 0.7865301031249999 0.54477244375 0.76731275 0.5710349859375 0.7495666562500001 0.6677853890625001 0.7328896984375 0.671943421875 0.7187490609375 0.6604392953125 0.679322646875 0.683152075 0.66971396875 0.696283346875 0.681297909375 0.7556613859375 0.6782616609375001 0.76285974375 0.6024410062500001 0.8075292953125001 0.58373173125 0.8293709359375001 0.6164225328125 0.9862794171875 1 0.8906428140625 1 0.5608334546875
21 0.49166481875 1 0.45280976562499997 0.8145085999999999 0.6549859515625001 0.7147168453125 0.670618225 0.7644970765625 0.681230834375 0.76185105625 0.66965504375 0.6895883140625 0.7055452796874999 0.665610090625 0.6858483734374999 0.651197075 0.4857737828125 0.6237852515625 0.4771812640625 0.62807471875 0.48676956562499996 0.647155203125 0.5332561109375 0.6463003656249999 0.5418404781249999 0.6548956 0.503413921875 0.6945359812499999 0.4761243546875 0.701340034375 0.3639502109375 0.7035428484375 0.3563738515625 0.6989905109375 0.3472936296875 0.675489125 0.3154558015625 0.6834271859375 0.28313434531250004 0.65713204375 0.2406839078125 0.6677161265625 0.1588070546875 0.7010129890625 0.1946646890625 0.7285735765625 0.23147327812500001 0.8503699796875 0.23450952812499998 0.8431716218749999 0.2168775390625 0.7595361890625 0.21587768281250003 0.7426085890625 0.22447020156250003 0.7383191203125 0.41895592031250006 0.8143608656250001 0.4351044234375 0.846835490625 0.4704673671875 1 0.49166481875 1
14 0.62473026875 0.79257834375 0.6751664859375001 0.7633630671875 0.6650945578125 0.7100493765625 0.656097884375 0.7042408296875 0.6541080218750001 0.7047369578125 0.5887739734374999 0.746255128125 0.6039022421875 0.794013909375 0.6207031656249999 0.7935824140625 0.62473026875 0.79257834375
14 0.720738753125 0.6102912515625001 0.7303026015625 0.66802584375 0.7469754843749999 0.6703101625000001 0.758616478125 0.6394952843749999 0.7748505609375 0.5366805328125 0.7794273484375001 0.490450065625 0.77237536875 0.45570742343750004 0.73505055 0.3512166234375 0.6714197203125 0.296226884375 0.665904203125 0.22889448125 0.65833599375 0.2114574421875 0.6376270046875 0.1994438796875 0.6153937765624999 0.200693021875 0.5997166765624999 0.22177865625 0.5986923671875 0.24350516249999998 0.6133044078125 0.3085695484375 0.63047314375 0.32576001718750003 0.6056954453125 0.355556021875 0.6011308828125 0.38245943437499996 0.6288348 0.5194085578125 0.5499819703125 0.5648341171875 0.5454174078125 0.59173753125 0.5554974875 0.6321665203125 0.6449221734374999 0.648518453125 0.650986521875 0.647006440625 0.6504906687500001 0.6321002874999999 0.720738753125 0.6102912515625001
9 0.5146220625 0.6490676328125 0.48077229218750006 0.6424775453125 0.44748765625000003 0.5412736390624999 0.306503784375 0.5571008609375 0.35794886406250004 0.7053075421874999 0.4776332109375 0.7052580578125001 0.48016453906249995 0.7046269265625 0.5135855281249999 0.6901211921875 0.5413954000000001 0.6595691828125 0.5348351984375 0.64617504375 0.5146220625 0.6490676328125
2 0.33626446875 0.6377122703125 0.33474838125 0.6380902734375 0.33222836093749997 0.627983025 0.3231318390625 0.63025104375 0.32363584375 0.63227249375 0.3145393203125 0.6345405109375 0.315043325 0.6365619609375 0.304430715625 0.63920798125 0.30493471875 0.6412294296875001 0.2837095 0.6465214718750001 0.2832014203125 0.6509423734374999 0.281685334375 0.6513203765625 0.285717365625 0.6674919734375 0.291273634375 0.6704008625 0.2917776390625 0.6724223125 0.293293725 0.672044309375 0.2937977296875 0.6740657578125 0.2953138171875 0.6736877546875 0.29581782031250003 0.6757092046875 0.2973339078125 0.6753312015625 0.2978379109375 0.6773526515625 0.3044062640625 0.6778620890625 0.306930359375 0.6815269859375 0.3084464453125 0.6811489828124999 0.309454453125 0.6851918796875001 0.31097054062499996 0.6848138765625 0.31147454531249996 0.686835328125 0.31602280625 0.68570131875 0.31646380937499996 0.6874700859375 0.320443546875 0.6864778265625 0.34786063437500003 0.67776325625 0.34735662968750003 0.67574180625 0.3488727171875 0.675363803125 0.34584869375 0.6632351062499999 0.34433260625 0.6636131093750001 0.3413085828125 0.6514844125 0.3397924953125 0.6518624156249999 0.33626446875 0.6377122703125
15 0.7971226671875 0.374119928125 0.7708451828125 0.3785245296875 0.7496158890625 0.390258921875 0.7793684234375 0.48375503281250004 0.771747234375 0.550068559375 0.775278828125 0.55858165 0.7789427046874999 0.5576681421874999 0.7909482875 0.5495754234375 0.7899851078125 0.4746666609375 0.8041868734375001 0.3895355171875 0.7971226671875 0.374119928125
15 0.5476857578125001 0.4006158015625 0.5243956203125 0.4751302609375 0.5097020750000001 0.5389128999999999 0.5117140171875 0.55344105 0.5712901312499999 0.548249059375 0.581231321875 0.5457704421875 0.6244125390625 0.5210479296875 0.626948859375 0.505385771875 0.6062969234375 0.40317929062499996 0.5476857578125001 0.4006158015625
15 1 0.43860772031249995 0.983131846875 0.37095325468749996 0.88579423125 0.38287635625 0.88130914375 0.3839946140625 0.872453415625 0.404989821875 0.8734369718749999 0.447686828125 0.8561908078125 0.55290103125 1 0.5612010609375 1 0.43860772031249995
19 0.5121631703125 0.5423251171875 0.5364857671875 0.43319945000000004 0.3884173140625 0.46582283750000003 0.3803247234375 0.47857610624999997 0.39746085781249996 0.5473053859375 0.4449594859375 0.5440510953125 0.47977243593749996 0.6255499453125 0.532657825 0.6335668640625001 0.55147625625 0.6288749015625 0.5444724015625 0.5879473140625 0.5546013828125 0.5510680875 0.5177153640625 0.5516763578125 0.5121631703125 0.5423251171875
19 0.1525674671875 0.8797054109375001 0.157482115625 0.87848005 0.205636796875 0.8565433484374999 0.1824811421875 0.7184602156250001 0.160260140625 0.7003823046875 0.1779532578125 0.68738246875 0.1628453640625 0.6074119312499999 0.0880734703125 0.5917008703125 0.0087410890625 0.5964508734375 0.080813653125 0.8855181421875 0.129332515625 0.8669796953125 0.1525674671875 0.8797054109375001
16 0.6027040234375 0.2918885140625 0.599196371875 0.2455266109375 0.589616221875 0.2135614234375 0.634090825 0.1981784359375 0.6714767734375 0.2060339671875 0.6810528484375 0.2444415046875 0.666899984375 0.252264434375 0.6689160015625 0.26035023125 0.713890534375 0.2534310453125 0.72636463125 0.30346191875 0.7264007296874999 0.30345291875 0.6962829968750001 0.13114150468750002 0.58512195625 0.1293342796875 0.5525260859375 0.1374613421875 0.5401423296875 0.1443064046875 0.558290546875 0.2106362328125 0.5800156953125 0.21380799218750002 0.6027040234375 0.2918885140625