16 0.2548828125 0 0.244140625 0.20963541718749998 0.22265625 0.9934895828125001 0.2626953125 0.9947916671874999 0.26953125 0.94140625 0.275390625 0.93359375 0.2734375 0.8763020828125001 0.265625 0.87109375 0.265625 0.7513020828125 0.2724609375 0.734375 0.2783203125 0.7473958328125 0.287109375 0.7330729171875 0.2802734375 0.7265625 0.26953125 0.73046875 0.26953125 0.58984375 0.2890625 0.5221354171875 0.296875 0.13671875 0.298828125 0.12109375 0.3076171875 0.1119791671875 0.7021484375 0.1432291671875 0.7255859375 0.1432291671875 0.7275390625 0.1354166671875 0.7333984375 0.1432291671875 0.7373046875 0.1354166671875 0.7490234375 0.1380208328125 0.7529296875 0.125 0.7587890625 0.1223958328125 0.7626953125 0.1302083328125 0.7666015625 0.1223958328125 0.779296875 0.12109375 0.763671875 0.13671875 0.763671875 0.29296875 0.7705078125 0.3307291671875 0.8046875 0.33984375 0.787109375 0.6549479171875 0.787109375 0.7018229171875 0.80078125 0.7200520828125 0.7958984375 0.7578125 0.7861328125 0.7473958328125 0.77734375 0.7513020828125 0.7822265625 0.7578125 0.7734375 0.7565104171875 0.7744140625 0.734375 0.787109375 0.7434895828125 0.7880859375 0.7135416671875 0.77734375 0.7174479171875 0.7802734375 0.7291666671875 0.7734375 0.7278645828125 0.7744140625 0.7161458328125 0.7666015625 0.7161458328125 0.7607421875 0.7291666671875 0.7548828125 0.7135416671875 0.7158203125 0.7109375 0.7021484375 0.7109375 0.6982421875 0.71875 0.6611328125 0.7161458328125 0.6533203125 0.7265625 0.6376953125 0.7135416671875 0.6201171875 0.7265625 0.5947265625 0.7213541671875 0.5869140625 0.7291666671875 0.5771484375 0.71875 0.5556640625 0.71875 0.5537109375 0.7135416671875 0.564453125 0.7122395828125 0.5517578125 0.7083333328125 0.5458984375 0.71875 0.5224609375 0.7083333328125 0.5009765625 0.7083333328125 0.4970703125 0.71875 0.4833984375 0.7083333328125 0.4775390625 0.71875 0.4716796875 0.7057291671875 0.4208984375 0.7083333328125 0.4150390625 0.7291666671875 0.4091796875 0.7083333328125 0.4033203125 0.7083333328125 0.4013671875 0.71875 0.3896484375 0.7057291671875 0.3759765625 0.7161458328125 0.3740234375 0.703125 0.3212890625 0.7109375 0.2861328125 0.703125 0.2734375 0.7122395828125 0.2822265625 0.71875 0.2919921875 0.7109375 0.2939453125 0.7291666671875 0.3056640625 0.7239583328125 0.3173828125 0.7369791671875 0.3291015625 0.7317708328125 0.3330078125 0.7421875 0.3583984375 0.7447916671875 0.6357421875 0.7473958328125 0.7001953125 0.7552083328125 0.7470703125 0.7552083328125 0.7529296875 0.7473958328125 0.7578125 0.7565104171875 0.75390625 0.9752604171874999 0.7705078125 0.9947916671874999 0.83203125 0.99609375 0.84765625 0.0013020828125 0.7744140625 0 0.765625 0.05338541718749999 0.76953125 0.06119791718749999 0.7353515625 0.0625 0.5068359375 0.0416666671875 0.5 0.0377604171875 0.4970703125 0.015625 0.4931640625 0.03125 0.4697265625 0.0338541671875 0.4638671875 0.0416666671875 0.4072265625 0.0286458328125 0.3369140625 0.0286458328125 0.2978515625 0.0182291671875 0.2939453125 0 0.2548828125 0
2 0.7607421875 0.3307291671875 0.6884765625 0.3359375 0.6884765625 0.3645833328125 0.716796875 0.3684895828125 0.703125 0.6888020828125 0.7197265625 0.7057291671875 0.755859375 0.7122395828125 0.7802734375 0.7109375 0.78515625 0.7018229171875 0.802734375 0.33984375 0.7607421875 0.3307291671875
2 0.6513671875 0.7109375 0.69921875 0.7096354171875 0.716796875 0.37109375 0.6474609375 0.3645833328125 0.6328125 0.68359375 0.6513671875 0.7109375
2 0.5810546875 0.7161458328125 0.630859375 0.71484375 0.646484375 0.3658854171875 0.5634765625 0.359375 0.55078125 0.6575520828125 0.5810546875 0.7161458328125
2 0.4970703125 0.6953125 0.546875 0.6966145828125 0.560546875 0.3606770828125 0.4931640625 0.3541666671875 0.482421875 0.6471354171875 0.4970703125 0.6953125
2 0.4228515625 0.703125 0.4765625 0.7018229171875 0.48828125 0.35546875 0.4287109375 0.3515625 0.41796875 0.6888020828125 0.4228515625 0.703125
2 0.3251953125 0.34375 0.31640625 0.6966145828125 0.36328125 0.7018229171875 0.373046875 0.6966145828125 0.37890625 0.6471354171875 0.384765625 0.3502604171875 0.3251953125 0.34375
2 0.6865234375 0.9973958328125001 0.755859375 0.9986979171874999 0.7099609375 0.9088541671874999 0.6962890625 0.9192708328125001 0.65234375 0.9127604171874999 0.6865234375 0.9973958328125001
2 0.587890625 0.9127604171874999 0.6162109375 1 0.68359375 0.9986979171874999 0.677734375 0.97265625 0.6474609375 0.9088541671874999 0.6337890625 0.9166666671874999 0.587890625 0.9127604171874999
2 0.5234375 0.9075520828125001 0.5400390625 1 0.611328125 0.9986979171874999 0.5849609375 0.9088541671874999 0.5380859375 0.9140625 0.5361328125 0.90625 0.5234375 0.9075520828125001
2 0.4736328125 0.9140625 0.4599609375 0.90625 0.455078125 0.99609375 0.525390625 0.9986979171874999 0.5361328125 0.9973958328125001 0.537109375 0.9856770828125001 0.5234375 0.9127604171874999 0.4736328125 0.9140625