11 0.8625 0 0.6890625 0.09375 0.68125 0.41041666718750003 0.759375 0.41875 0.76875 0.43333333281249997 0.8484375 0.4458333328125 0.93125 0.44166666718750003 0.95625 0 0.8625 0
5 1 1 0.9984375 0.6354166671875 0.91875 0.81875 0.8484375 0.8083333328125001 0.58125 0.8729166671874999 0.5703125 0.88125 0.6984375 0.9583333328125001 0.68125 1 0.7265625 1 0.7359375 0.98125 0.7703125 1 1 1
21 0.4359375 0.2375 0.5484375 0.2520833328125 0.553125 0.25833333281250004 0.5515625 0.2916666671875 0.590625 0.2958333328125 0.5984375 0.4166666671875 0.603125 0.42083333281249996 0.7640625 0.43125 0.759375 0.4125 0.6890625 0.40208333281249997 0.6828125 0.39375 0.6921875 0.0979166671875 0.5984375 0.08541666718749999 0.440625 0.1916666671875 0.434375 0.2 0.4359375 0.2375
3 0.4359375 0.23541666718749998 0.5046875 0.24583333281250003 0.509375 0.2520833328125 0.50625 0.28958333281250004 0.5890625 0.2916666671875 0.5953125 0.3104166671875 0.5984375 0.4145833328125 0.6125 0.42291666718750004 0.678125 0.42291666718750004 0.6921875 0.1020833328125 0.603125 0.08333333281250001 0.4390625 0.1916666671875 0.434375 0.1979166671875 0.4359375 0.23541666718749998
5 0.596875 0.42083333281249996 0.5953125 0.3 0.590625 0.29375 0.5078125 0.2916666671875 0.5 0.3 0.484375 0.4166666671875 0.596875 0.42083333281249996
5 0.4140625 0.6333333328124999 0.4390625 0.64375 0.4453125 0.6541666671875 0.4359375 0.6729166671875 0.403125 0.8125 0.403125 0.8229166671874999 0.4109375 0.8270833328125 0.4109375 0.8458333328125001 0.3953125 0.9104166671874999 0.39375 0.94375 0.3984375 0.9458333328125 0.40625 0.93125 0.465625 0.6479166671875001 0.509375 0.6458333328125 0.55 0.6541666671875 0.5734375 0.8291666671875 0.5875 0.8333333328125001 0.5921875 0.8729166671874999 0.603125 0.8729166671874999 0.60625 0.85625 0.5734375 0.6645833328124999 0.5734375 0.65 0.6078125 0.6458333328125 0.6203125 0.6333333328124999 0.6015625 0.5666666671875 0.6 0.5354166671875 0.41875 0.5270833328125 0.4125 0.53125 0.4078125 0.6208333328125 0.4140625 0.6333333328124999
5 0.05625 0.3875 0.0921875 0.3645833328125 0.1515625 0.3791666671875 0.1453125 0.2833333328125 0.1390625 0.2666666671875 0.003125 0.2520833328125 0 0.3958333328125 0.0515625 0.39791666718749996 0.05625 0.3875
5 0.0265625 0.6875 0.025 0.6625 0.109375 0.6541666671875 0.11875 0.7041666671875 0.115625 0.7229166671875 0.1234375 0.7333333328125 0.1390625 0.8354166671875 0.146875 0.8416666671874999 0.1515625 0.8333333328125001 0.1375 0.7270833328124999 0.1375 0.7041666671875 0.1421875 0.7020833328125 0.1578125 0.7604166671875 0.153125 0.7875 0.1671875 0.8 0.1984375 0.9354166671874999 0.2046875 0.9520833328125 0.2125 0.9541666671875 0.215625 0.9333333328125001 0.1515625 0.6583333328125 0.153125 0.6479166671875001 0.1921875 0.6375 0.2078125 0.61875 0.1671875 0.55 0.1640625 0.5270833328125 0 0.51875 0.003125 0.7729166671875001 0.009375 0.7645833328125 0.01875 0.69375 0.0265625 0.6875
21 1 0.46458333281249997 0.7578125 0.4270833328125 0.5140625 0.4166666671875 0.321875 0.41875 0.271875 0.40625 0.1046875 0.40625 0 0.39375 0 0.5208333328125 0.00625 0.5229166671875001 0.515625 0.5291666671875 0.68125 0.5395833328124999 0.684375 0.5708333328124999 0.6765625 0.7 0.6859375 0.75625 0.6875 0.8479166671874999 0.6921875 0.8520833328125 0.703125 0.85 0.709375 0.8333333328125001 0.7125 0.5583333328125 0.7171875 0.5375 1 0.5395833328124999 1 0.46458333281249997
2 0.053125 0.4 0.0625 0.40833333281249995 0.2265625 0.40625 0.2109375 0.3770833328125 0.1453125 0.375 0.090625 0.3583333328125 0.0609375 0.3770833328125 0.0515625 0.3895833328125 0.053125 0.4
9 0.275 0.40833333281249995 0.3453125 0.42083333281249996 0.48125 0.42291666718750004 0.5078125 0.2479166671875 0.3578125 0.2270833328125 0.3359375 0.3958333328125 0.2765625 0.39375 0.275 0.40833333281249995
3 0.61875 0.6333333328124999 0.5828125 0.65625 0.6671875 0.7333333328125 0.6890625 0.74375 0.6890625 0.7166666671875 0.6796875 0.6979166671875 0.6859375 0.5395833328124999 0.6109375 0.53125 0.6 0.5375 0.6 0.5520833328125 0.61875 0.6333333328124999
21 0.58125 0.6520833328125 0.58125 0.6583333328125 0.659375 0.7270833328124999 0.6828125 0.7395833328125 0.6796875 0.6833333328125 0.6859375 0.5375 0.603125 0.5333333328125 0.6015625 0.56875 0.6203125 0.6375 0.58125 0.6520833328125
3 0.778125 0.825 0.8421875 0.8104166671874999 0.91875 0.81875 0.990625 0.6625 0.990625 0.5375 0.7328125 0.5354166671875 0.715625 0.5416666671875 0.7140625 0.7729166671875001 0.778125 0.825
21 1 0.5375 0.7234375 0.5333333328125 0.715625 0.5375 0.7140625 0.775 0.78125 0.8270833328125 0.853125 0.8104166671874999 0.909375 0.8229166671874999 0.921875 0.81875 1 0.6416666671875 1 0.5375
5 0.1109375 1 0.171875 0.9229166671875 0.1859375 0.8958333328125001 0.0265625 0.8916666671875 0 0.7479166671875 0 1 0.1109375 1