19 0 0.99609375 0.27734375 0.99609375 0.31640625 0.80078125 0.2314453125 0.765625 0.0634765625 0.671875 0 0.8268229171874999 0 0.99609375
5 0.7880859375 0.4817708328125 0.7822265625 0.5 0.7138671875 0.5 0.7021484375 0.4921875 0.6025390625 0.484375 0.591796875 0.4778645828125 0.5908203125 0.4635416671875 0.5654296875 0.4635416671875 0.55859375 0.78515625 0.6650390625 0.8177083328125001 0.8125 0.8424479171874999 0.818359375 0.7799479171875 0.80078125 0.7669270828125 0.8125 0.4856770828125 0.7880859375 0.4817708328125
21 0.5595703125 0.4765625 0.5205078125 0.4765625 0.357421875 0.5143229171875 0.357421875 0.5299479171875 0.373046875 0.5377604171875 0.37109375 0.68359375 0.375 0.7252604171875 0.384765625 0.7278645828125 0.3916015625 0.5989583328125 0.5439453125 0.6223958328125 0.5625 0.6158854171875 0.5595703125 0.4765625
5 0.373046875 0.5403645828125 0.3603515625 0.5364583328125 0.3671875 0.69921875 0.373046875 0.5403645828125
5 0.4189453125 0.4869791671875 0.4228515625 0.4973958328125 0.4384765625 0.4947916671875 0.4375 0.4205729171875 0.4208984375 0.4166666671875 0.4189453125 0.4244791671875 0.3759765625 0.4296875 0.3740234375 0.4192708328125 0.3544921875 0.4192708328125 0.35546875 0.5091145828125 0.36328125 0.5091145828125 0.3779296875 0.5078125 0.3798828125 0.4895833328125 0.3896484375 0.4947916671875 0.4189453125 0.4869791671875
5 0.396484375 0.6028645828125 0.390625 0.6002604171875 0.388671875 0.64453125 0.39453125 0.6861979171875 0.3876953125 0.7447916671875 0.392578125 0.74609375 0.3955078125 0.7109375 0.41796875 0.7174479171875 0.416015625 0.7513020828125 0.4267578125 0.7578125 0.435546875 0.7513020828125 0.4384765625 0.7213541671875 0.4873046875 0.7291666671875 0.48828125 0.76953125 0.5087890625 0.7786458328125 0.51171875 0.7330729171875 0.5302734375 0.7161458328125 0.53125 0.7825520828125 0.556640625 0.7877604171875 0.5576171875 0.6510416671875 0.4462890625 0.6302083328125 0.3955078125 0.6640625 0.396484375 0.6028645828125
21 0.6982421875 0.5807291671875 0.6904296875 0.5859375 0.59375 0.5768229171875 0.59375 0.59765625 0.6005859375 0.6015625 0.77734375 0.6236979171875 0.77734375 0.6028645828125 0.7666015625 0.5963541671875 0.7119140625 0.5911458328125 0.6982421875 0.5807291671875
21 0.59375 0.5403645828125 0.6025390625 0.5442708328125 0.779296875 0.5611979171875 0.7783203125 0.5338541671875 0.5966796875 0.5130208328125 0.591796875 0.5247395828125 0.59375 0.5403645828125
21 1 0.5638020828125 0.98046875 0.5559895828125 0.9775390625 0.5182291671875 0.8193359375 0.5 0.8125 0.5091145828125 0.806640625 0.6471354171875 0.8115234375 0.6640625 1 0.69140625 1 0.5638020828125
7 0.4111328125 0.1067708328125 0.400390625 0.1158854171875 0.39453125 0.4153645828125 0.4130859375 0.421875 0.4189453125 0.4140625 0.4365234375 0.4140625 0.44140625 0.4856770828125 0.45703125 0.48828125 0.5078125 0.4752604171875 0.517578125 0.23828125 0.5166015625 0.09895833281250001 0.4111328125 0.1067708328125
4 0.5322265625 0 0.4052734375 0.013020832812499999 0.400390625 0.05078125 0.400390625 0.09505208281250001 0.4052734375 0.1041666671875 0.521484375 0.1028645828125 0.5205078125 0.23958333281250002 0.646484375 0.24088541718749998 0.642578125 0.3841145828125 0.671875 0.38671875 0.6787109375 0.2578125 0.9990234375 0.2604166671875 1 0.0013020828125 0.8876953125 0 0.6728515625 0.013020832812499999 0.6552734375 0 0.5322265625 0
10 0.5634765625 0.3776041671875 0.640625 0.3763020828125 0.6435546875 0.2421875 0.517578125 0.24348958281250002 0.5146484375 0.3697916671875 0.5634765625 0.3776041671875
16 0 0.4908854171875 0.0009765625 0.5078125 0.013671875 0.5065104171875 0.1083984375 0.4947916671875 0.109375 0.48828125 0.0361328125 0.484375 0 0.4908854171875
16 0 0.6002604171875 0.0009765625 0.609375 0.0625 0.6106770828125 0.0986328125 0.6041666671875 0.109375 0.5950520828125 0.0576171875 0.5859375 0 0.6002604171875
16 0.0009765625 0.4114583328125 0.0546875 0.41015625 0.111328125 0.4049479171875 0.0966796875 0.3984375 0 0.3997395828125 0.0009765625 0.4114583328125
16 0 0.3059895828125 0.0009765625 0.3151041671875 0.109375 0.3190104171875 0 0.3059895828125
16 0 0.21744791718749998 0.0087890625 0.22395833281250002 0.109375 0.23307291718749998 0.1044921875 0.22395833281250002 0 0.20703125 0 0.21744791718749998
16 0.0595703125 0.1432291671875 0.111328125 0.1419270828125 0.1103515625 0.1354166671875 0 0.10546875 0.0009765625 0.1276041671875 0.0595703125 0.1432291671875