14 0.8281273921875 0.7146638859375 0.8614242546875 0.6327870328125 0.8780197078124999 0.508098040625 0.8598022109375 0.46490789687499995 0.8567455859375 0.42549778437499997 0.8789339859374999 0.3558810625 0.8728574109375 0.33504199687499997 0.8490999468749999 0.32053015 0.8258587125 0.3233239046875 0.8011217671875001 0.35795141406250003 0.789021596875 0.4000238484375 0.7880339640625 0.43627850468749996 0.756720515625 0.45853075 0.738547846875 0.4862064703125 0.7017392578125 0.6080028734375 0.6112902640625 0.6026283 0.5865410921875001 0.61792875625 0.5734247640625 0.6511593875 0.57798525 0.67162045 0.6406732765625 0.7237512296874999 0.6654305984375 0.7213354765625 0.7250660734375 0.74049849375 0.72608223125 0.749340296875 0.7164898546875 0.76197843125 0.7184592296875 0.7976284062500001 0.7212859671875 0.7983331921875 0.7493519921875 0.791643 0.7963058640625 0.732495228125 0.81903086875 0.7123958671875 0.8281273921875 0.7146638859375
19 0.8906428140625 1 0.94432354375 0.7846983515625 0.9054011328125 0.7599641234375001 0.9028688875 0.750744315625 0.926605975 0.7330444078125 0.955374953125 0.682245303125 0.973555771875 0.6674542859375 0.980611828125 0.6391539921875 0.9320807406249999 0.6012884921875 0.9027914578124999 0.6283396421874999 0.8432252625000001 0.718696596875 0.8336288109375 0.7248923796875 0.8068473218750001 0.7225092281250001 0.7386804578125 0.7956920125 0.71644723125 0.79444286875 0.7103788078125 0.78648850625 0.7255070765625 0.738729725 0.6709238671875 0.7186792671875 0.6588033203125 0.728539946875 0.6744885703125 0.7625102828125 0.6456951421875 0.77465528125 0.6305627984375 0.8159717093750001 0.6199583390625001 0.8262103921874999 0.4749424359375 0.826554765625 0.45828177812500004 0.8481661375 0.443149434375 0.8894825671875 0.4230055765625 0.9961099484375 0.43860772187499997 1 0.8906428140625 1
15 0.9439391171875 0.7862128375 0.9719201078124999 0.6675832453125 0.9716492515624999 0.6675157140625 0.904884903125 0.74265851875 0.89731669375 0.7600955578125 0.942158725 0.7857689359375 0.9439391171875 0.7862128375
15 0.8108204296875 0.713032665625 0.834071 0.7250026296875001 0.835243078125 0.7252948609375001 0.94210596875 0.5739968875 0.8738739000000001 0.5441020515625 0.8491899328124999 0.6624801296875 0.8108204296875 0.713032665625
15 0.6031265234375 0.5772430109375 0.602122590625 0.5877282625 0.664286234375 0.609668734375 0.704204428125 0.611033009375 0.7420251 0.49163605937500005 0.708663034375 0.47043529062499995 0.6409960984375 0.535154275 0.6031265234375 0.5772430109375
19 0.6784876703125 0.4945816265625 0.5369834921875001 0.45500645000000006 0.5233468593749999 0.46448912656249997 0.512254696875 0.5025186625 0.4986751171875 0.6021942546875 0.5710635171875 0.6626481671875 0.5721932953125 0.6629298515625 0.594180453125 0.6131237390625001 0.62145779375 0.6006007390625 0.6047686109375 0.577115653125 0.6784876703125 0.4945816265625
19 0 0.638817734375 0.0079427890625 0.6392639890625 0.12164116875 0.654729509375 0.140846296875 0.661664996875 0.1519751359375 0.681616621875 0.18886523125000002 0.68866724375 0.20149385625 0.6832274671875 0.23831059531249998 0.574315765625 0.22363335312500002 0.5363025296874999 0.254450946875 0.5289564375 0.2716033828125 0.4859965625 0.27360717343749996 0.45858370937500004 0.22760017968750001 0.41705331562500003 0.19323010625 0.3998954453125 0.049197759375 0.35754281250000003 0.020900184375 0.354781659375 0 0.43860772031249995 0 0.638817734375
9 0.5055847953125 0.54218756875 0.503048475 0.5265254109375 0.39236189375 0.47960414062499995 0.3807657265625 0.5196551265625 0.36668214374999997 0.62135216875 0.370226471875 0.6329714281250001 0.4637402421875 0.6906408171875 0.539024290625 0.685793009375 0.5380040578124999 0.6705088546875 0.49705748125 0.6409757218750001 0.49400493125 0.608007959375 0.5055847953125 0.54218756875
21 0.38156094375 0.8781526671875 0.37852061875 0.8645119578125 0.385584825 0.84909636875 0.3587748109375 0.8016167578125 0.3663348703125 0.771295015625 0.3794634234375 0.7573914390625001 0.38704385937499997 0.7592814531250001 0.38099581250000003 0.783538846875 0.3921165 0.7906057703125 0.401208946875 0.7864314359375 0.40422482187500003 0.7614180359375 0.409781090625 0.758509146875 0.547228784375 0.7756018109375 0.544733215625 0.8243631671875 0.616993240625 0.8316440546875 0.6260856875 0.8274697218749999 0.64423798125 0.7675822453125 0.6770797421875 0.76503505625 0.6674669890625 0.7454614359375 0.5016483671875 0.6096452921875 0.49406793125000004 0.607755278125 0.49307214843749997 0.63112523125 0.5405911531250001 0.6665912765625001 0.5411033078124999 0.67745453125 0.48098012968750004 0.68608236875 0.4445899640625 0.6705679453125 0.370285396875 0.6262763953125 0.3722891875 0.5988635437500001 0.3475237140625 0.5883945953125 0.3444711640625 0.5554268328124999 0.3035368140625 0.545220753125 0.2312727140625 0.5314975125 0.2191521671875 0.541358190625 0.35216978125 0.744145034375 0.293026171875 0.9620921093750001 0.310387715625 0.966420828125 0.329054878125 0.9466516781250001 0.3472397734375 0.9383030124999999 0.3745048890625 0.9064529578125 0.38156094375 0.8781526671875
2 0.379274090625 0.55793123125 0.3777580046875 0.557553228125 0.37826200781249997 0.555531778125 0.34339200625 0.546837709375 0.338351965625 0.5670522046875 0.339868053125 0.5674302078125 0.3388600453125 0.57147310625 0.3403761328125 0.571851109375 0.339876203125 0.5803149109375 0.341392290625 0.5806929140625 0.3408882859375 0.5827143625 0.34341645625 0.5854918171875 0.34240844843749996 0.5895347171875 0.3439245359375 0.5899127203125001 0.3434205328125 0.59193416875 0.34645270625 0.592690175 0.3459487015625 0.594711625 0.3535291375 0.596601640625 0.3540331421875 0.5945801890625 0.3722261859375 0.5991162250000001 0.3752502109375 0.586987528125 0.3737341234375 0.586609525 0.37726215 0.5724593796875 0.3757460640625 0.5720813765625 0.379274090625 0.55793123125
16 1 0.301078703125 0.87728561875 0.2462357703125 0.8500001265625 0.2458740671875 0.8273117984375 0.3239545890625 0.85510129375 0.3222948421875 0.9258615328124999 0.35496713281250003 0.9001165796875 0.39363754218749997 0.8697948390624999 0.3860774828125 0.8642426437499999 0.39542872500000004 0.9294384640625 0.41812520312499996 0.9143101953125001 0.4658839828125 0.868319503125 0.45012299218749996 0.8910363578125 0.4171389296875 0.8890121921875 0.4123400234375 0.8531627078125 0.4527853140625 0.864295621875 0.47917929062500003 0.8673196453124999 0.46705059374999996 0.87641209375 0.4628762609375 0.909766009375 0.47119232499999997 0.89666598125 0.5301923609375 0.8759447671875 0.5228788703125 0.893129803125 0.5314578062499999 0.894654040625 0.5447205109375 0.9213907015625 0.4762377984375 0.94008775 0.478752384375 0.9244188 0.470551453125 0.9355068875000001 0.426079565625 0.9612762921875 0.426063265625 0.9244758531249999 0.5607443703125 1 0.328179453125 1 0.301078703125