4 1 0.03125 0.9875 0.03125 0.6671875 0.07083333281250001 0.6609375 0.1041666671875 0.659375 0.19375 0.665625 0.20208333281250002 0.7046875 0.2125 1 0.20208333281250002 1 0.03125
19 1 1 0.9984375 0.66875 0.853125 0.5645833328125 0.7484375 0.5104166671875 0.66875 0.48541666718750004 0.5671875 0.48125 0.3859375 0.5041666671875 0.2484375 0.5645833328125 0.0828125 0.6625 0.046875 0.6645833328124999 0 0.6541666671875 0 1 1 1
4 0.996875 0.63125 0.99375 0.5729166671875 0.8484375 0.5583333328125 0.8546875 0.5708333328124999 0.9484375 0.63125 0.996875 0.63125
4 0.7515625 0.5083333328124999 0.7578125 0.5208333328125 0.8265625 0.5520833328125 0.8375 0.55 0.8328125 0.54375 0.834375 0.50625 0.815625 0.49583333281249997 0.815625 0.4583333328125 0.6890625 0.4458333328125 0.6546875 0.4479166671875 0.6515625 0.48125 0.7515625 0.5083333328124999
11 1 0.2770833328125 0.825 0.2770833328125 0.8125 0.5083333328124999 0.9625 0.5270833328125 0.96875 0.5333333328125 0.965625 0.55 0.8859375 0.55 0.878125 0.5625 1 0.575 1 0.55625 0.9859375 0.5541666671875001 0.984375 0.5395833328124999 0.9875 0.53125 1 0.5333333328125 1 0.2770833328125
15 0.128125 0.6395833328125 0.275 0.55625 0.2578125 0.5479166671875 0.20625 0.5479166671875 0.1625 0.5333333328125 0.1 0.5291666671875 0.0921875 0.5354166671875 0.0984375 0.5708333328124999 0.128125 0.6395833328125
19 0.2125 0.55 0.2390625 0.5458333328125 0.246875 0.5166666671875 0.24375 0.49375 0.2296875 0.48333333281249996 0.2078125 0.48333333281249996 0.184375 0.4916666671875 0.1953125 0.5375 0.2125 0.55
15 0.0015625 0.42291666718750004 0 0.4916666671875 0.0140625 0.5458333328125 0.053125 0.58125 0.0921875 0.5625 0.090625 0.5375 0.0953125 0.53125 0.196875 0.5416666671875 0.171875 0.4166666671875 0.15625 0.4125 0.1171875 0.4291666671875 0.06875 0.43541666718750005 0.0015625 0.42291666718750004
15 0 0.65625 0.08125 0.6645833328124999 0.1 0.6541666671875 0.084375 0.6208333328125 0 0.53125 0 0.65625
15 0.0875 0.63125 0.096875 0.6520833328125 0.125 0.6416666671875 0.1234375 0.625 0.090625 0.5604166671875 0.05 0.58125 0.05 0.5895833328125 0.0875 0.63125
19 0 0.5333333328125 0.0171875 0.5458333328125 0 0.48333333281249996 0 0.5333333328125