3 0.0890625 0 0.0765625 0.0979166671875 0.0578125 0.1020833328125 0 0.08541666718749999 0 0.12291666718750001 0.0125 0.1375 0.0890625 0.14791666718750002 0.0890625 0.3375 0 0.3395833328125 0 0.3541666671875 0.1140625 0.36666666718749996 0.1140625 0.5458333328125 0 0.5520833328125 0 0.5958333328125 0.015625 0.5979166671875 0.01875 0.66875 0.0328125 0.6833333328125 0.0375 0.7 0.0375 0.7979166671875 0.0015625 0.80625 0 0.8291666671875 0.1046875 0.8104166671874999 0.053125 0.8041666671875 0.0515625 0.6083333328125 0.0484375 0.5895833328125 0.0359375 0.5875 0.084375 0.5833333328125 0.103125 0.5916666671875 0.1015625 0.76875 0.128125 0.7729166671875001 0.165625 0.7625 0.165625 0.5833333328125 0.1578125 0.56875 0.1609375 0.36666666718749996 0.25 0.36875 0.26875 0.3625 0.2734375 0.3479166671875 0.2734375 0.1520833328125 0.228125 0.16875 0.2265625 0.3479166671875 0.1328125 0.3458333328125 0.1328125 0.1416666671875 0.134375 0.13333333281249998 0.1859375 0.1416666671875 0.271875 0.1375 0.2734375 0 0.1546875 0 0.1546875 0.1041666671875 0.1515625 0.1145833328125 0.1359375 0.1145833328125 0.1078125 0.10833333281249999 0.10625 0 0.0890625 0
2 0.0078125 0 0 0.0895833328125 0.075 0.1020833328125 0.090625 0 0.0078125 0
3 0 0.3541666671875 0.5 0.3791666671875 0.5 0.43541666718750005 0.55 0.45 0.55 0.5479166671875 0.5640625 0.55625 0.6375 0.5541666671875001 0.6359375 0.5458333328125 0.603125 0.5375 0.6109375 0.3854166671875 0.640625 0.38333333281250004 0.64375 0.3770833328125 0.59375 0.36875 0.6 0.20416666718749998 0.384375 0.17916666718750002 0.378125 0.21458333281250003 0.3734375 0.35625 0.0390625 0.3395833328125 0 0.3395833328125 0 0.3541666671875
2 0.40625 0.3645833328125 0.4640625 0.3708333328125 0.4828125 0.3645833328125 0.4765625 0.22916666718749998 0.40625 0.2208333328125 0.4015625 0.225 0.4015625 0.275 0.40625 0.3645833328125
3 0.2171875 0.56875 0.2046875 0.5729166671875 0.2015625 0.7395833328125 0.171875 0.7333333328125 0.1625 0.7625 0.121875 0.76875 0.103125 0.7666666671875 0.1 0.74375 0.0546875 0.7479166671875 0.0546875 0.80625 0.3109375 0.7708333328125 0.3109375 0.7604166671875 0.2921875 0.7479166671875 0.2921875 0.7208333328125 0.3390625 0.7020833328125 0.3453125 0.5729166671875 0.378125 0.5729166671875 0.38125 0.6479166671875001 0.4109375 0.6479166671875001 0.43125 0.6625 0.4390625 0.74375 0.44375 0.7479166671875 0.625 0.7208333328125 0.6265625 0.7145833328125 0.609375 0.7041666671875 0.5875 0.7083333328125 0.5375 0.6854166671875 0.446875 0.69375 0.44375 0.6291666671875 0.4484375 0.5666666671875 0.5328125 0.5625 0.559375 0.55 0.5015625 0.5479166671875 0.4484375 0.5333333328125 0.3046875 0.5375 0.303125 0.3708333328125 0.253125 0.36666666718749996 0.246875 0.5354166671875 0.203125 0.5479166671875 0.2171875 0.56875
2 0.546875 0.5479166671875 0.5515625 0.4479166671875 0.4765625 0.43958333281249995 0.471875 0.5395833328124999 0.496875 0.55 0.546875 0.5479166671875
2 0.29375 0.7145833328125 0.2921875 0.7479166671875 0.31875 0.7645833328125 0.3328125 0.7645833328125 0.440625 0.74375 0.434375 0.6625 0.3984375 0.6416666671875 0.359375 0.6479166671875001 0.359375 0.7020833328125 0.29375 0.7145833328125
2 0 0.8104166671874999 0.034375 0.8020833328125001 0.040625 0.7770833328125 0.0328125 0.6854166671875 0.025 0.6729166671875 0.009375 0.6666666671875 0 0.6708333328125 0 0.8104166671874999
5 1 0.66875 0.9203125 0.675 0.8578125 0.4125 0.815625 0.275 0.8 0.23958333281250002 0.7765625 0.2104166671875 0.7546875 0.1979166671875 0.7375 0.1979166671875 0.709375 0.2166666671875 0.6890625 0.2479166671875 0.684375 0.27291666718749996 0.6703125 0.29375 0.6640625 0.34375 0.73125 0.6229166671875 0.8328125 0.9645833328125001 0.846875 1 1 1 1 0.8416666671874999 0.965625 0.84375 0.9640625 0.8375 0.96875 0.8270833328125 1 0.8125 1 0.66875
21 1 0.5 0.98125 0.5 0.9203125 0.5020833328125 0.915625 0.5083333328124999 0.9171875 0.51875 0.9296875 0.5229166671875001 0.9203125 0.6729166671875 0.946875 0.66875 0.95625 0.5458333328125 0.9890625 0.55625 0.990625 0.5708333328124999 1 0.5770833328125 1 0.5
3 0.4046875 0 0.421875 0.0166666671875 0.4234375 0.1416666671875 0.428125 0.14791666718750002 0.45625 0.15 0.465625 0.1416666671875 0.471875 0.029166667187500002 0.54375 0.0458333328125 0.540625 0.175 0.25625 0.13333333281249998 0.2375 0.13125 0.225 0.1395833328125 0.140625 0.125 0.1328125 0.13125 0.1328125 0.15 0.225 0.1666666671875 0.2828125 0.1520833328125 0.615625 0.20625 0.6515625 0.20416666718749998 0.61875 0.1916666671875 0.6171875 0.1666666671875 0.625 0.0229166671875 0.6546875 0.029166667187500002 0.659375 0.025 0.65625 0.014583332812499999 0.625 0.010416667187500001 0.6234375 0.0166666671875 0.6109375 0.0166666671875 0.5578125 0 0.4046875 0
3 0.3796875 0.11041666718750001 0.378125 0.0041666671875 0.31875 0 0.3125 0.1416666671875 0.3703125 0.14791666718750002 0.3796875 0.11041666718750001