14 0.056827048437500007 0.185344375 0.038173328125 0.276901890625 0.0539190328125 0.403093090625 0.062245115625 0.53411600625 0.0784329984375 0.557795246875 0.0826092109375 0.6055295765625 0.0932971734375 0.6380551609375 0.10512444375 0.8628798718749999 0.1116098515625 0.8832253874999999 0.1160452546875 0.9518499531250001 0.128108196875 0.9821639531249999 0.14157869375 0.99719294375 0.14523659375 0.9968729203125 0.20648063125 0.981581128125 0.22837634843750002 0.96293516875 0.243941890625 0.9615733609375001 0.24111431562500002 0.9471817031249999 0.2329683953125 0.9437117953125 0.22336987968750002 0.92363864375 0.201033396875 0.9193189593750001 0.18575338749999998 0.9060167453125001 0.178465478125 0.7330771765625 0.185807484375 0.709430628125 0.17320123125 0.547412809375 0.19335881875 0.5268276265625 0.162204215625 0.3141502953125 0.1345244578125 0.230829015625 0.1219944078125 0.21310363125 0.1212681109375 0.20480200937499998 0.1396875703125 0.18227759999999998 0.1347850609375 0.12624164843750002 0.1275733546875 0.0975945140625 0.1092841953125 0.0678252375 0.075422790625 0.0587628015625 0.0733238015625 0.0589464390625 0.046373345312499994 0.0837856796875 0.054207390625 0.1374738640625 0.0721334 0.16309232812500002 0.056827048437500007 0.185344375
19 0.1830031953125 0.35467926875 0.1697205046875 0.36420651875 0.1901095296875 0.5255434343750001 0.1810293953125 0.54725075625 0.2187498453125 0.548133228125 0.259287225 0.566545225 0.26268333906249997 0.566248103125 0.28173831250000003 0.550987615625 0.27452801875 0.396862875 0.28059900312499997 0.3586884890625 0.1830031953125 0.35467926875
11 0.47764364375 0.244465684375 0.4389113625 0.2499456109375 0.4271852265625 0.25933667968749996 0.43356526406249996 0.4218992234375 0.5350750875 0.43105564999999996 0.5398744718749999 0.430635759375 0.5487502765625 0.41182184062499994 0.5656907984374999 0.40824844374999997 0.6078894015625 0.4246852234375 0.6153025046875 0.42403666093750003 0.624917475 0.421888403125 0.62606101875 0.23775472031249997 0.6208466328125 0.23193704531249998 0.47764364375 0.244465684375
5 0.7943747890624999 0.655665065625 0.8213033187500001 0.640761378125 0.8334965625 0.61878169375 0.8409425265625 0.5783957203125001 0.8408399796875001 0.46965754375 0.8143785578125 0.4719726171875 0.7799791328125 0.43733893281249997 0.7471099203125 0.4381233265625 0.7279641625 0.4523461109375 0.73198514375 0.4624507765625 0.7397679140625 0.46176987187499996 0.740571828125 0.4888863265625 0.7013724390625 0.5069548687500001 0.677816209375 0.54247643125 0.6697215625 0.5933756140625001 0.6756359046875 0.6430491671875 0.669305728125 0.6603333171875 0.61482633125 0.665099646875 0.5535496515625 0.699738740625 0.6166157328125 0.7214079609375 0.6291457828125 0.7391333453125 0.6594271984375 0.7401438234375 0.6640320140625 0.7397409546875 0.6704464484375 0.727154840625 0.727235040625 0.69499969375 0.7414519453125 0.6602952156249999 0.7943747890624999 0.655665065625
21 0.6625815937499999 0.5296930718749999 0.639310896875 0.550550615625 0.506095915625 0.551748959375 0.44647974843749993 0.5695124453125 0.43797067968750003 0.561891728125 0.4388009359375 0.553453925 0.45794669375 0.539231140625 0.5167326046875 0.5299054562500001 0.5499649671875 0.533271875 0.575518515625 0.5205797734375001 0.5750777515625 0.49761413125000004 0.5577740796875 0.4970367140625 0.26254716093749997 0.56469155 0.29354794375000004 0.614261615625 0.3065963734375 0.673767475 0.322343490625 0.6744810703125 0.34130767500000003 0.65818288125 0.315988384375 0.6018418750000001 0.34592606406250004 0.60340525 0.4188747828125 0.7559612046875 0.43498504843749997 0.7608256140625 0.4286548734375 0.7781097625 0.3901817828125 0.8044799265625 0.34698634375 0.9023671468750001 0.376456915625 0.9165191374999999 0.388727775 0.913354284375 0.4338429171875 0.81948169375 0.445569053125 0.810090625 0.5152230890625 0.9608435359374999 0.5532027296875001 0.9826162437500001 0.5703248265624999 0.9811182546874999 0.46593455781250004 0.756026590625 0.53406120625 0.62040621875 0.64322791875 0.5773947078125 0.6543053734375001 0.5785168484375001 0.6701301046875 0.5980452765625001 0.677031346875 0.5514330875 0.7017809828125 0.5116245312500001 0.700873109375 0.5012475015625 0.6855931 0.487945290625 0.6788997765625 0.5010786281249999 0.6664473421875 0.5021680749999999 0.6625815937499999 0.5296930718749999
9 0.6538111 0.411518196875 0.63780338125 0.515391965625 0.5751780640625 0.5166883890625 0.5517257921875001 0.5354705265625 0.6106384593749999 0.553059128125 0.642715859375 0.5502527203125 0.65967275625 0.5323002640625 0.6788975421875 0.4114147078125 0.66901349375 0.4060055765625 0.6538111 0.411518196875
2 0.453072759375 0.5373048500000001 0.4385966640625 0.5511190921875 0.441061090625 0.5613599406249999 0.45381505312500003 0.56521093125 0.4666473546875 0.56408825 0.5633025765624999 0.54230003125 0.5009627921875001 0.5289324343749999 0.48923665625 0.538323503125 0.453072759375 0.5373048500000001
5 0.43966214531250003 0.67624194375 0.44402049374999997 0.6758606375 0.455240715625 0.6696507671874999 0.4723891546875 0.632598521875 0.47166285781250006 0.624296896875 0.407844134375 0.6298803125 0.405820471875 0.6426051078125 0.420633375 0.668495934375 0.43966214531250003 0.67624194375
5 0.4551945 0.45399039375 0.441263128125 0.47403085312500004 0.43906958749999997 0.5194469374999999 0.4477190765625 0.5186902046874999 0.508531765625 0.50788014375 0.5030581890625 0.4811722328125 0.48531375312499997 0.45762917343750004 0.4551945 0.45399039375
5 0.2957991734375 0.5508030953125 0.3004299171875 0.5503979578125 0.3868123078125 0.5329068453125 0.382895284375 0.5060627515625 0.364969275 0.4804442875 0.327720534375 0.46958691406249997 0.32495950625000003 0.469828471875 0.3097635796875 0.47690899531250003 0.3001387203125 0.4923901 0.29251118125 0.5307006671875001 0.2957991734375 0.5508030953125
5 0.4297706625 0.7550079390625 0.3270644265625 0.7284416171875 0.297489896875 0.731029053125 0.30558454375 0.680129871875 0.29336636875 0.612186209375 0.244698765625 0.5578879171875 0.21852287656249997 0.5455389703125 0.18876677343749998 0.5460510015625 0.175016975 0.5681668656250001 0.179789184375 0.6764965015625 0.2030848125 0.745562303125 0.2306093390625 0.7912539187500001 0.2923004421875 0.8151347250000001 0.3315774453125 0.815881015625 0.40190791875 0.7950888578125 0.43846130624999996 0.7647040625 0.4297706625 0.7550079390625
21 0.7507791593750001 0.58314705625 0.7606730859375 0.575223340625 0.7996396265625 0.5007103046875 0.798913328125 0.49240868281249994 0.7483772953125001 0.488464846875 0.7428773765625001 0.4973111921875 0.7488566296875 0.5833152546875 0.7507791593750001 0.58314705625
21 0.7233143734375 0.7039692843750001 0.7334576125 0.730268653125 0.76601495 0.7797025390625001 0.793475075 0.7848810203125 0.7961248015625 0.7846491984374999 0.7866396453125 0.746528740625 0.7514363078125 0.684778603125 0.7363378734375 0.673551796875 0.7233143734375 0.7039692843750001