6 1 0.7083333328125 0.9296875 0.65 0.1078125 0.5833333328125 0 0.6145833328125 0 0.7395833328125 1 0.83125 1 0.7083333328125
4 0.9640625 0.68125 0.9703125 0.6729166671875 0.9734375 0.6125 0.965625 0.6104166671875 0.6203125 0.5833333328125 0.61875 0.6270833328125 0.9265625 0.65 0.9640625 0.68125
6 0.61875 0.5833333328125 0.9828125 0.6104166671875 0.98125 0.575 0.8265625 0.4916666671875 0.79375 0.48541666718750004 0.7953125 0.5208333328125 0.659375 0.5145833328125 0.6421875 0.5083333328124999 0.6421875 0.4791666671875 0.60625 0.4770833328125 0.6125 0.4916666671875 0.6140625 0.575 0.61875 0.5833333328125
4 0.065625 0.59375 0.125 0.5833333328125 0.615625 0.6208333328125 0.6140625 0.50625 0.578125 0.4875 0.390625 0.46458333281249997 0.0671875 0.4458333328125 0.059375 0.45416666718750004 0.0609375 0.5895833328125 0.065625 0.59375
6 0.496875 0.4770833328125 0.5765625 0.4895833328125 0.6125 0.5041666671875 0.6265625 0.4895833328125 0.6140625 0.4770833328125 0.5265625 0.4604166671875 0.51875 0.4458333328125 0.5 0.44166666718750003 0.3984375 0.4458333328125 0.2703125 0.4375 0.253125 0.4270833328125 0.1125 0.42291666718750004 0.0765625 0.4291666671875 0.0703125 0.44166666718750003 0.496875 0.4770833328125
13 0 0.6166666671875001 0.059375 0.5979166671875 0.0609375 0.45208333281249996 0 0.45208333281249996 0 0.6166666671875001
6 0 0.43958333281249995 0.0046875 0.44166666718750003 0.06875 0.44375 0.0859375 0.4375 0.0828125 0.43125 0 0.42291666718750004 0 0.43958333281249995
20 0 0.425 0.0640625 0.4291666671875 0.1125 0.42083333281249996 0.1078125 0.4145833328125 0.05 0.41041666718750003 0.0296875 0.3958333328125 0.0265625 0.40833333281249995 0 0.40833333281249995 0 0.425
10 0.6453125 0.4791666671875 0.6640625 0.4625 0.7234375 0.4625 0.7265625 0.3708333328125 0.7171875 0.35625 0.7078125 0.3958333328125 0.6171875 0.3958333328125 0.6203125 0.3729166671875 0.6796875 0.38333333281250004 0.6796875 0.3645833328125 0.6625 0.35208333281250004 0.65625 0.3375 0.521875 0.3333333328125 0.51875 0.4604166671875 0.628125 0.48125 0.6453125 0.4791666671875
4 0.10625 0.08541666718749999 0.2578125 0.0916666671875 0.2546875 0.4270833328125 0.259375 0.4375 0.4015625 0.4479166671875 0.434375 0.43958333281249995 0.446875 0.0979166671875 0.43125 0.060416667187499995 0.0609375 0.0458333328125 0.0546875 0.05 0.059375 0.0625 0.10625 0.08541666718749999
4 1 0.8270833328125 0 0.7375 0 1 1 1 1 0.8270833328125