14 0.2515625 0.8333333328125001 0.2546875 0.7979166671875 0.2359375 0.7729166671875001 0.240625 0.70625 0.2328125 0.7 0.2078125 0.8458333328125001 0.2453125 0.84375 0.2515625 0.8333333328125001
14 0.178125 0.2479166671875 0.175 0.2770833328125 0.178125 0.39791666718749996 0.1734375 0.47083333281249995 0.18125 0.48541666718750004 0.1890625 0.60625 0.184375 0.8333333328125001 0.19375 0.8458333328125001 0.203125 0.8270833328125 0.228125 0.7 0.20625 0.6375 0.196875 0.5354166671875 0.2 0.4875 0.209375 0.48125 0.221875 0.4916666671875 0.2515625 0.5479166671875 0.25625 0.48541666718750004 0.26875 0.46875 0.2640625 0.33125 0.240625 0.225 0.2421875 0.20625 0.259375 0.20208333281250002 0.265625 0.16458333281249998 0.2578125 0.12291666718750001 0.24375 0.1 0.2109375 0.09375 0.1921875 0.1125 0.1984375 0.1916666671875 0.178125 0.2479166671875
19 0 0.5833333328125 0.1859375 0.5875 0.18125 0.4791666671875 0.171875 0.475 0.178125 0.4 0.1484375 0.39791666718749996 0.1484375 0.38333333281250004 0.140625 0.38333333281250004 0.109375 0.39791666718749996 0.0796875 0.3875 0.06875 0.39375 0 0.3916666671875 0.0015625 0.4 0.0203125 0.4125 0.0328125 0.4875 0.015625 0.49375 0 0.48541666718750004 0 0.5833333328125
15 0 0.48541666718750004 0.0140625 0.49375 0.03125 0.4916666671875 0.021875 0.4145833328125 0 0.3958333328125 0 0.48541666718750004
19 0.334375 0.5041666671875 0.325 0.50625 0.2984375 0.4625 0.278125 0.4458333328125 0.26875 0.4458333328125 0.2671875 0.4895833328125 0.325 0.5895833328125 0.3546875 0.6166666671875001 0.4015625 0.61875 0.4046875 0.6291666671875 0.4078125 0.5791666671875 0.33125 0.54375 0.321875 0.5375 0.3203125 0.5270833328125 0.328125 0.5166666671875 0.3984375 0.5125 0.41875 0.4604166671875 0.4390625 0.45 0.4609375 0.45208333281249996 0.4609375 0.43541666718750005 0.4671875 0.43125 0.46875 0.35208333281250004 0.4609375 0.3458333328125 0.3515625 0.3395833328125 0.34375 0.43125 0.3359375 0.4479166671875 0.334375 0.5041666671875
19 0.3171875 0.48541666718750004 0.321875 0.475 0.334375 0.47083333281249995 0.3453125 0.4291666671875 0.3453125 0.40208333281249997 0.3015625 0.40208333281249997 0.26875 0.3875 0.271875 0.44375 0.2875 0.45 0.3171875 0.48541666718750004
15 0.3140625 0.48541666718750004 0.3328125 0.4770833328125 0.3453125 0.425 0.2703125 0.3854166671875 0.2703125 0.44375 0.290625 0.45416666718750004 0.3140625 0.48541666718750004
15 0.078125 0.42083333281249996 0.071875 0.4791666671875 0.15625 0.48125 0.1578125 0.4604166671875 0.1484375 0.4375 0.1484375 0.38333333281250004 0.14375 0.38125 0.1125 0.39791666718749996 0.0703125 0.3875 0.078125 0.42083333281249996
5 0.2140625 0.6604166671875 0.225 0.68125 0.234375 0.6833333328125 0.25 0.7083333328125 0.2703125 0.7145833328125 0.3390625 0.7125 0.3921875 0.6958333328124999 0.3640625 0.66875 0.3390625 0.65625 0.2890625 0.6583333328125 0.24375 0.6791666671875001 0.25 0.5541666671875001 0.2265625 0.5 0.2109375 0.4875 0.2046875 0.49583333281249997 0.2015625 0.5520833328125 0.2140625 0.6604166671875
19 0.30625 0.5645833328125 0.28125 0.5145833328125 0.2703125 0.50625 0.253125 0.5166666671875 0.253125 0.56875 0.30625 0.5645833328125
11 0.6828125 0.42291666718750004 0.7265625 0.42291666718750004 0.7359375 0.4479166671875 0.75625 0.45625 0.8 0.4479166671875 0.8109375 0.425 0.8234375 0.425 0.8296875 0.44166666718750003 0.8375 0.44166666718750003 0.8453125 0.4291666671875 0.8609375 0.25625 0.840625 0.25 0.684375 0.2645833328125 0.6703125 0.4145833328125 0.6828125 0.42291666718750004
5 0.6234375 0.6104166671875 0.634375 0.6479166671875001 0.63125 0.6604166671875 0.5515625 0.6708333328125 0.5484375 0.68125 0.5703125 0.6979166671875 0.61875 0.7125 0.6859375 0.7083333328125 0.70625 0.6979166671875 0.734375 0.6333333328124999 0.74375 0.5625 0.740625 0.5354166671875 0.7296875 0.5145833328125 0.6921875 0.50625 0.659375 0.5229166671875001 0.6296875 0.5583333328125 0.6234375 0.6104166671875
9 0.571875 0.5208333328125 0.56875 0.5395833328124999 0.634375 0.55 0.6671875 0.5145833328125 0.7109375 0.5041666671875 0.7265625 0.42291666718750004 0.6671875 0.42083333281249996 0.659375 0.43333333281249997 0.640625 0.5145833328125 0.571875 0.5208333328125
21 0.321875 0.5333333328125 0.4078125 0.575 0.4203125 0.6104166671875 0.41875 0.6458333328125 0.428125 0.65625 0.4328125 0.6916666671875 0.4 0.7875 0.3921875 0.7958333328125 0.3890625 0.8229166671874999 0.4125 0.8354166671875 0.4234375 0.8 0.4375 0.7791666671875 0.440625 0.75625 0.4484375 0.7583333328124999 0.478125 0.8958333328125001 0.5078125 0.9229166671875 0.5125 0.9104166671874999 0.465625 0.7104166671875001 0.4671875 0.6958333328124999 0.5046875 0.6083333328125 0.5375 0.6083333328125 0.5484375 0.6291666671875 0.5671875 0.6354166671875 0.5765625 0.60625 0.5875 0.5979166671875 0.55625 0.58125 0.6203125 0.5770833328125 0.628125 0.5708333328124999 0.63125 0.5520833328125 0.565625 0.5375 0.5390625 0.5145833328125 0.45 0.5083333328124999 0.3375 0.5145833328125 0.3265625 0.51875 0.321875 0.5333333328125
5 0.525 0.6395833328125 0.5453125 0.6208333328125 0.5390625 0.6083333328125 0.50625 0.60625 0.4921875 0.6333333328124999 0.4953125 0.6416666671875 0.525 0.6395833328125
21 0.746875 0.7708333328125 0.759375 0.7666666671875 0.803125 0.69375 0.790625 0.68125 0.7703125 0.6791666671875001 0.728125 0.7458333328125 0.728125 0.7625 0.746875 0.7708333328125
5 0.80625 0.6875 0.8125 0.6666666671875 0.8109375 0.6416666671875 0.7984375 0.6395833328125 0.7453125 0.6520833328125 0.7421875 0.6625 0.80625 0.6875
5 0.5609375 0.50625 0.640625 0.50625 0.6328125 0.46875 0.6109375 0.45208333281249996 0.590625 0.45 0.5703125 0.4604166671875 0.5609375 0.48541666718750004 0.5609375 0.50625
5 0.5015625 0.50625 0.5 0.4916666671875 0.48125 0.4625 0.440625 0.4479166671875 0.409375 0.47291666718750003 0.4015625 0.5104166671875 0.5015625 0.50625
2 0.553125 0.53125 0.5515625 0.5229166671875001 0.528125 0.5125 0.4921875 0.51875 0.45625 0.5083333328124999 0.446875 0.5270833328125 0.4515625 0.5354166671875 0.553125 0.53125
21 0.78125 0.6416666671875 0.80625 0.6416666671875 0.809375 0.6166666671875001 0.79375 0.5895833328125 0.7890625 0.5666666671875 0.8140625 0.5625 0.815625 0.53125 0.790625 0.51875 0.7703125 0.5229166671875001 0.7578125 0.50625 0.7296875 0.50625 0.7453125 0.5645833328125 0.7609375 0.575 0.78125 0.6416666671875