21 1 0.465036596875 0.9914372484375 0.4041094546875 0.9834108359375 0.403133684375 0.6771470046875 0.40199630312499995 0.4797708515625 0.42342428906249996 0.467294928125 0.4356967046875 0.3113081921875 0.4597230171875 0.2402302484375 0.459193334375 0.2165385265625 0.4477963359375 0.152132071875 0.46105568750000003 0.0851161234375 0.45574751406249997 0.038987251562500005 0.46433431093750005 0 0.46151448124999994 0 0.5349634046875 0.0136367703125 0.63199406875 0.5089161484375 0.5634389953125 1 0.4944216625 1 0.465036596875
5 0 0.43867600468749995 0.007717965625000001 0.4327012203125 0.041261835937500005 0.43982085312499997 0.049771953125000004 0.438624834375 0.0602283828125 0.4358404 0.056556684375 0.3984878890625 0.0359651078125 0.31933335625 0 0.3209411546875 0 0.43867600468749995
3 0.482084721875 0.06939646875 0.359840171875 0.187559578125 0.345139490625 0.206456084375 0.34281716093750003 0.22361292656249998 0.3755027015625 0.2316421171875 0.463890821875 0.231842821875 0.473266603125 0.2873279421875 0.5319661953125 0.289597290625 0.5521674765625 0.410882825 0.5648636515625001 0.415146940625 0.5681838906250001 0.4146803109375 0.60970729375 0.40489993750000003 0.6126095109375 0.3918692125 0.5787891984375 0.0726360015625 0.482084721875 0.06939646875
5 0.4762887046875 0.2863772625 0.47000195468749995 0.29777984375 0.46699938437500005 0.355004628125 0.470088415625 0.42189233281250005 0.5014005609375001 0.422488240625 0.5239652515625 0.4193169796875 0.5554795218749999 0.41199520156249997 0.534698353125 0.28658355156250004 0.5276393453125 0.2812642078125 0.4762887046875 0.2863772625
5 0.196110325 1 0.100201628125 0.7539458953125 0.1028139015625 0.7388521140625001 0.14565581562500002 0.7181044234375 0.152232509375 0.7087648984375 0.1499129578125 0.69226043125 0.10727174843750001 0.6246200015625 0.08628709531249999 0.6212577796875001 0.013854228125000001 0.6335413625 0.0538664953125 0.9182434328125 0.0691470640625 0.90347304375 0.0705995609375 0.880127028125 0.083850521875 0.8509152296875 0.0904244375 0.8752370140625001 0.13036135625 0.9011813578125001 0.17221752343750002 1 0.196110325 1
5 1 0.8423728546874999 0.9302481703125001 0.83320753125 0.8980449437500001 0.83983720625 0.6741640921875 0.9533500984375 0.657143859375 0.9557421359375 0.6133456515625 0.8461881640625 0.5847304390625 0.732396553125 0.567230671875 0.6864684140625 0.5685855953125001 0.673655146875 0.607365515625 0.657685946875 0.614619671875 0.6419397906250001 0.5792326171875 0.558553203125 0.4022612296875 0.5792172953125 0.372475128125 0.5918186890625 0.37885111718750003 0.670867284375 0.3914218375 0.6817234296875 0.41579102187499994 0.6867137953125 0.4206252734375 0.6986572296875 0.40707325625 0.8604512062499999 0.411904728125 0.90605595 0.40792835 1 0.425326071875 1 0.42620955625 0.996613065625 0.4448020875 0.691051784375 0.4918983640625 0.6781214125 0.5308706546875 0.6747480203125 0.5434413765625 0.685604165625 0.576890840625 0.8113392125000001 0.59013624375 0.8494500328125 0.6057039796875 0.8704040125000001 0.6339344515625001 0.9590040046875 0.6322895843749999 0.9697542140625 0.604110546875 0.990282003125 1 0.93464336875 1 0.8423728546874999
11 0.6601908921875 0 0.63358848125 0.0246991484375 0.5829125234375 0.0570668796875 0.5781730671875 0.068252003125 0.6117034359375 0.38542215625 0.61750509375 0.39302201718749996 0.6944822687500001 0.390618809375 0.7057956390625 0.40375547031250003 0.7754238625000001 0.3939698609375 0.8171032234375 0.398631246875 0.8245497484375001 0.3954809 0.8215527343750001 0.3853830640625 0.8497915421875 0.37299912968750004 0.8507617265625 0.3349942453125 0.8174519890624999 0 0.6601908921875 0
9 0.2991863203125 0.429606546875 0.232652684375 0.4389572390625 0.2349722359375 0.455461709375 0.308648875 0.45904485624999997 0.47064698125 0.43627750781249997 0.47162729062500003 0.23075553124999998 0.30046033906249997 0.2253581734375 0.2938836453125 0.2346976984375 0.2991863203125 0.429606546875
2 0 0.48560516875 0.10715182187500001 0.46658832187500004 0.1499989640625 0.47029665937500004 0.1547569015625 0.46962797343749996 0.1705908703125 0.4576725453125 0.15250843593750002 0.4412796 0.1587951859375 0.4298770171875 0.12707705 0.41750425 0.10995924374999999 0.43042903906249996 0.0734040796875 0.43977414843749996 0.0073555359375 0.43012239843750005 0 0.43667365468749997 0 0.48560516875
3 0.677252996875 0.5823828953125 0.68006041875 0.5462236109374999 0.58790025 0.55286445625 0.57513438125 0.5630738125 0.607136903125 0.6448322546874999 0.5876967671875 0.6749138859375 0.604619425 0.6830545984375 0.613030578125 0.709221984375 0.698416128125 0.766647475 0.7028656390625 0.7533992921875 0.692424878125 0.7127904953125 0.677252996875 0.5823828953125
3 0.697008165625 0.543315809375 0.708898646875 0.5942398984375 0.732091384375 0.7929458859375 0.7415675171875 0.8042369468749999 0.8026233062499999 0.83931011875 0.8078896421874999 0.8385699828125001 0.9845874484375001 0.793224603125 0.93219683125 0.5102621984375 0.702617453125 0.5383198609375001 0.697008165625 0.543315809375