19 0 0.9338232375000001 0.014837335937500001 0.9305515484375 0.050577967187499996 0.934308040625 0.081379875 0.9103129359375 0.0864476640625 0.8919923015625001 0.10311627187500001 0.793193415625 0.11173827656249999 0.6663162796875 0.08526215468750001 0.6342062015625001 0 0.576539075 0 0.9338232375000001
21 1 0.491894934375 0.9527044874999999 0.482903934375 0.9314439906249999 0.5058070734375 0.7289961953125 0.4887185703125 0.6601577125 0.471009309375 0.646795984375 0.4486568453125 0.5178189265625 0.43510081093749997 0.117802925 0.3993418609375 0.096730628125 0.4055063109375 0.0994621078125 0.4393103421875 0.1210290734375 0.45833559375000005 0.2820742796875 0.525537540625 0.1867015203125 0.9698251421874999 0.1894902921875 0.9701182546875 0.23214635781249998 0.9706738203124999 0.342519325 0.5633127046874999 0.3464982765625 0.5553516734375 0.3651455625 0.55731158125 0.8560508828125 0.7597340515625 0.8545560765625 0.7889042671875 0.8357797250000001 0.8330165890625001 0.822218996875 0.9321421265625001 0.8260097484375001 0.9409197859375 0.8346505203125 0.9334487328125001 0.861949378125 0.8231982765625 0.8840513781249999 0.7773406859375 0.9071427171875 0.7818624921875 0.9136058140625 0.79511064375 0.8933649296875 1 0.9500617265625 1 1 0.5117787625 1 0.491894934375
5 0.1514113875 0.8867751125 0.2084125140625 0.867628465625 0.22731793281249998 0.7774439125 0.21728185312499998 0.75334618125 0.21945952968750002 0.732626975 0.2280707359375 0.71048915 0.24028449218749998 0.7138676765625 0.24647068593750002 0.699854209375 0.2836282203125 0.5257008671875 0.1448032828125 0.4713084078125 0.1460695234375 0.548949425 0.1568476078125 0.6108317046875 0.181146053125 0.6636609890625 0.2260516921875 0.6998028953125 0.19612085625 0.71551031875 0.0876298953125 0.955484528125 0.107617046875 0.9615130296875 0.10906739375 0.9616654671875 0.137237721875 0.902043871875 0.1514113875 0.8867751125
3 0.11962062343749999 0.5165803578125 0.1382679078125 0.518540265625 0.14224685937499998 0.5105792359375 0.142841028125 0.4750299328125 0.10794190156250001 0.4483189875 0.095886778125 0.4135350015625 0.10207297343749999 0.399521534375 0.13225114531249998 0.3964089625 0.1335577515625 0.38397743906250004 0.110982678125 0.1951667078125 0.1169511046875 0.1832251625 0.223984796875 0.211233328125 0.2599431953125 0.21291789843750003 0.288379225 0.22638069062500002 0.3073034125 0.25560221875 0.309569790625 0.278883321875 0.31892299999999996 0.294530046875 0.318982134375 0.3238635875 0.3258511984375 0.318301128125 0.3264453671875 0.28275182499999996 0.33486837187499996 0.27735269218749997 0.43609227031250003 0.28589694374999997 0.43792311249999993 0.31332188906249997 0.4308954140625 0.35028980781249996 0.3245445921875 0.3307326515625 0.322178715625 0.3681905484375 0.3344811734375 0.415569384375 0.520954028125 0.43516847187499996 0.526269153125 0.4294426859375 0.5437792640625 0.3076893484375 0.5569931578125 0.2567079609375 0.574444134375 0.1056210828125 0.5604291031249999 0.08948438125 0.48978934531249996 0.0590169453125 0.46648023906249997 0.05656705937499999 0.10191716875000001 0.10204229218750001 0.09660204375 0.10776807656250001 0.058522275 0.4850209546875 0.11962062343749999 0.5165803578125
5 0.11136142499999999 0.1766150859375 0.1069469390625 0.1887199578125 0.12263417812499999 0.2636870671875 0.13637050312500001 0.4005078390625 0.20937275937500002 0.4081806859375 0.3309105359375 0.41964556562500005 0.3117498125 0.27308987500000004 0.29724011250000004 0.231763475 0.11136142499999999 0.1766150859375
5 0.48788898124999996 1 0.4497172734375 0.7691350406249999 0.520209196875 0.7262686265625 0.5319282828125 0.7044574531250001 0.5001370374999999 0.6780731609374999 0.3861455796875 0.6116271453125 0.362341803125 0.583987559375 0.355849140625 0.5560726359375 0.3467432640625 0.5530207625 0.266094165625 0.8420070656249999 0.2615210453125 0.8855173984375 0.28488928750000003 0.9173008250000001 0.31565082968749997 0.9833782609374999 0.348283578125 0.9868081015625 0.36033073125000004 0.797446696875 0.4251015609375 0.7791166781250001 0.466600821875 0.9971489359374999 0.48068933124999996 1 0.48788898124999996 1
11 0.70425986875 0.4251073671875 0.891746825 0.46733223593749995 0.8961958203125 0.46779984375000006 0.96433535625 0.0732819875 0.964517675 0.05706638125 0.9477528312500001 0.05530432656249999 0.571742221875 0.08648381875 0.545956940625 0.286970140625 0.6854056140625 0.3204800671875 0.70425986875 0.4251073671875
5 0.5486565078125001 0.2911816453125 0.5567218796875 0.43866597343749997 0.6148584890625 0.44608563281249997 0.6514732671875 0.4499340015625 0.7051877265625001 0.431227465625 0.6945682765625001 0.33793972499999997 0.6872045421874999 0.318312484375 0.5486565078125001 0.2911816453125
5 0.645886109375 1 0.6667043359375 0.8422167140625 0.7069885203124999 0.7877961015625 0.7220628234375 0.77890643125 0.764107915625 0.8273165359375 0.78591141875 0.963675946875 0.792156746875 0.97899601875 0.8003619843750001 0.9756688078125 0.7647720171875 0.7163614625 0.737236625 0.7092777578125 0.7077413234375001 0.720841340625 0.6888171359374999 0.6916198109375 0.651492996875 0.673033225 0.6253529109375 0.69751830625 0.612485853125 0.7003555421875001 0.600460296875 0.680238325 0.6048452171875 0.6534666828125 0.589741346875 0.647689584375 0.48740701406250003 0.8589835562499999 0.4850115703125 0.881774684375 0.4949885171875 0.8765388765625 0.552030009375 0.7673196890625 0.593273965625 0.7486117046875 0.613475190625 0.7507349390625 0.6348835234375 0.8011656515625001 0.6276676250000001 0.8548722609375 0.6367735 0.8579241375000001 0.6416235218749999 0.8416754234375 0.645414271875 0.8504530812500001 0.6296962578125 1 0.645886109375 1
9 1 0.3123907703125 0.9862120687499999 0.3285295015625 0.9268046984374999 0.4752065859375 0.841555740625 0.46415175 0.839348496875 0.4702041859375 0.8651417484374999 0.4938632546875 0.928666440625 0.5042058843749999 0.937937884375 0.505180353125 1 0.3462720875 1 0.3123907703125
2 0.8435203421875 0.475355984375 0.8628209296874999 0.47110013124999994 0.861455190625 0.454198115625 0.85570453125 0.464067740625 0.841719065625 0.4625978078125 0.841036196875 0.4541468015625 0.8197165656250001 0.4477163984375 0.74068336875 0.43731486718749996 0.6634514484375 0.439671509375 0.6545929078125 0.44921448281250004 0.6528507671875 0.4657898484375 0.7199175421875 0.4854077046875 0.8599899499999999 0.49803509999999995 0.8566347343749999 0.4851135984375 0.8435203421875 0.475355984375
3 0.7812120593749999 0.7243738078125 0.7690278703125 0.7356620515625 0.7869814875000001 0.8339102625000001 0.809855059375 0.8405039890625 0.8260477671875 0.8359214843749999 0.8368957828125 0.8223979953124999 0.8428346437500001 0.795789678125 0.8416571046874999 0.7621489718750001 0.82030790625 0.7410517999999999 0.7812120593749999 0.7243738078125
3 0.5732468625 0.64019521875 0.457513265625 0.5903245671875 0.4222081703125 0.582424234375 0.4171108125 0.5860780984375 0.41586334062499997 0.6278431624999999 0.511860815625 0.6861135078125 0.54175031875 0.7196297515625 0.5444438140625001 0.7199128484374999 0.559409234375 0.7120591375 0.583718478125 0.6601491109375 0.58347114375 0.6475542609375 0.5732468625 0.64019521875