14 0.1320158703125 0.8053220874999999 0.1449527984375 0.758947359375 0.1178869203125 0.7414820828125 0.1080174984375 0.71647164375 0.07689050625 0.7850246390625 0.0758969 0.79965774375 0.1320158703125 0.8053220874999999
14 0.12387374843750001 0.5095713546875 0.11563478281249999 0.4933102984375 0.11834553125 0.45994072187499996 0.13282623124999998 0.449801228125 0.14096849375 0.42162032031249996 0.1752747203125 0.43401585000000004 0.20007329375 0.41934925781250004 0.2180649421875 0.27232315156250003 0.21261840156249998 0.15924275625 0.21777483437499998 0.1389972546875 0.24230333437499998 0.134860403125 0.25170927656250003 0.08151664843749999 0.2400260125 0.030800715625000002 0.22644722499999997 0.0178290484375 0.20644331875000002 0.0143018203125 0.17902068124999998 0.034852134374999996 0.174867875 0.11239235 0.14663501875 0.1645318828125 0.13586869375 0.198596515625 0.11615489375000002 0.32839518437500004 0.0981532265625 0.40349347187499995 0.104038203125 0.41510851249999997 0.093103515625 0.540108759375 0.0469757140625 0.7837163640625 0.0561643171875 0.794591753125 0.06635861562499999 0.7963892828125 0.07168760156250001 0.796535625 0.1284183765625 0.6457629093749999 0.11591988281250001 0.5906722859375 0.12387374843750001 0.5095713546875
5 0.21708121249999998 0.6828157171875 0.3010762796875 0.6743561203125 0.2692107265625 0.639120753125 0.239067325 0.621112825 0.1952584515625 0.617619084375 0.15389526250000002 0.6272494140625 0.1575129328125 0.6067325859375 0.1770583703125 0.5678695328125001 0.186102546875 0.5165774609375 0.171973596875 0.45273745625000006 0.1443625640625 0.42036774687499995 0.1143359 0.590657421875 0.1156962828125 0.6099365421875 0.1329894421875 0.646833346875 0.1663020625 0.6738619828125 0.21708121249999998 0.6828157171875
19 0.2017614921875 0.5177519515625 0.21470843906249998 0.543305040625 0.24098451875000002 0.5764970968750001 0.2867319140625 0.584563596875 0.2940872203125 0.5340314687500001 0.2367912546875 0.526044115625 0.203570328125 0.5074935375 0.2017614921875 0.5177519515625
19 0.32232007500000004 0.4818919359375 0.3429508140625 0.4368738328125 0.3608708046875 0.42522530625000005 0.380059484375 0.42437784375 0.3949836265625 0.3487369046875 0.4054798796875 0.3252020125 0.29034279375 0.2943228765625 0.282378909375 0.3034959890625 0.2383199984375 0.45438762343750005 0.22600990156249998 0.45221702031250005 0.22193376250000002 0.43034356718750005 0.20056947187500002 0.4075372171875 0.19731356718749998 0.42600236249999995 0.1774013546875 0.4309531890625 0.175322446875 0.4517413421875 0.1973235859375 0.49793017968750003 0.21859618281249998 0.5122584734375 0.274603053125 0.5253072046875 0.291214678125 0.52823628125 0.248011040625 0.4984058578125 0.2474658859375 0.48350142656250006 0.2662011046875 0.4762275921875 0.32232007500000004 0.4818919359375
15 0.22122617031249997 0.42704559062499997 0.24306819062499999 0.42745928749999995 0.2474093953125 0.40283909375000004 0.25600511875 0.3810845578125 0.26478423125 0.3762861359375 0.2676783671875 0.3598726734375 0.20956717343750003 0.3475106296875 0.202515221875 0.4055003984375 0.21561609843750001 0.426056384375 0.22122617031249997 0.42704559062499997
19 0.22704747812499998 0.42833647812500003 0.22661904531250002 0.4565553734375 0.23634622031250002 0.45827053749999996 0.2440655546875 0.4397991125 0.248223371875 0.39822280625 0.25573379375 0.38262331875 0.259626546875 0.3875406609375 0.263789371875 0.3819282625 0.26849234375000003 0.35525638593750003 0.2115581453125 0.3452173515625 0.20142866874999998 0.4026644703125 0.21473738125000003 0.42616587499999997 0.22704747812499998 0.42833647812500003
19 0 0.49592652656249997 0.0030254953125000003 0.496460003125 0.0461216671875 0.5006213796875 0.05951205625 0.4606730234375 0.060684042187499995 0.4270321234375 0.101053625 0.432034896875 0.10430952812500001 0.4135697515625 0.09580048906250001 0.407838434375 0.1160644515625 0.32890810625 0.0444661671875 0.3120524515625 0.043105784375 0.29277332968750003 0.027809856249999997 0.298538134375 0 0.4562556703125 0 0.49592652656249997
15 0.04579009375 0.3945248734375 0.050131298437500006 0.36990467968749996 0.049942901562499996 0.3169846578125 0.0462285296875 0.29305952031250004 0.03853471875 0.29170289375 0.049296035937499996 0.221674353125 0.0419639921875 0.2182660421875 0.010490259375 0.39676244843749997 0.036287448437499994 0.4034266609375 0.04579009375 0.3945248734375
21 0.042503996875 0.5211382062500001 0.05327533125 0.523037484375 0.06458681250000001 0.5038772828125 0.0830519578125 0.5071331859375 0.0774470734375 0.5569162234375 0.0865554421875 0.5603733125 0.08788635 0.5606079875 0.1025923859375 0.43230622187499995 0.059507046875000004 0.4247091140625 0.060597357812499995 0.454517975 0.042503996875 0.5211382062500001
21 0.6133118296875 0.7481864859375 0.6074318640625 0.7725353546875 0.6114521109375 0.7830282921875 0.61768409375 0.7841271578125 0.627527465625 0.7845406390624999 0.6886144703125 0.717039459375 0.65693230625 0.69876020625 0.6133118296875 0.7481864859375
21 0.6926001687500001 0.739425834375 0.6976699171875 0.746666184375 0.6958660906249999 0.7928885078125 0.7063723609375 0.8412814328125 0.721553396875 0.8500402421875 0.7222778984375 0.850167990625 0.7325263078125 0.809930053125 0.7150447515625 0.720113228125 0.703096421875 0.7158909421875 0.6926001687500001 0.739425834375
5 0.7276136531249999 0.6308352937499999 0.728072121875 0.6732255765625 0.64778641875 0.669646403125 0.67266666875 0.59153005 0.6725699656249999 0.547088084375 0.6581759515625001 0.5297417249999999 0.6277624765625001 0.5222635375 0.6032339765625 0.5264003890625 0.5958102390625 0.5145140234375 0.556265903125 0.5858137578125 0.482497015625 0.5812682015624999 0.48775015 0.6054646640625 0.552561546875 0.6338164390625 0.556005846875 0.668271315625 0.4676645671875 0.665387196875 0.45852368749999994 0.6722373015625001 0.49111277500000006 0.7033693015625 0.5433867203125 0.7218418 0.5565303078125 0.72415936875 0.6053429375 0.721395690625 0.6341209484375 0.6841605875 0.702825096875 0.7174297046875 0.7500732609375 0.7194144140625001 0.756136615625 0.7120216578125 0.792410021875 0.5512953421875 0.7956659265625 0.532830196875 0.7883338828124999 0.5294218875000001 0.7776542421875 0.5360006671875001 0.7372029828125 0.594447653125 0.7276136531249999 0.6308352937499999
21 0.7248490249999999 0.674508296875 0.7339985625 0.657611225 0.730916028125 0.6211046671875 0.7005075625 0.6495903875 0.6926253546875001 0.5953137390625 0.7329949375 0.6003165125 0.7557095921875 0.5704741656250001 0.7414072734375 0.5616058640625 0.71760230625 0.5616393515625 0.70346135 0.5469819546875 0.7005761734375 0.5464732203125 0.67560226875 0.5478871953125 0.6656561796875 0.6222904265625 0.6721870296875 0.6652225656249999 0.7248490249999999 0.674508296875
21 0.27376036406250004 0.8112762171875 0.284893465625 0.8111238125 0.3302310828125 0.7429610609374999 0.3409107234375 0.7363822828125001 0.35333255 0.8908865765625 0.371619315625 0.9131502765624999 0.3839294125 0.915320878125 0.3718593359375 0.6868370828125 0.4319477265625 0.5980050968749999 0.4688780171875 0.6045169031250001 0.47648013437500003 0.5973954734375 0.4457048921875 0.59196896875 0.447151959375 0.5837622375 0.4655254109375 0.5785400843749999 0.562737496875 0.5851038375 0.5716949875 0.5612976203125 0.507337053125 0.53937221875 0.4728474375 0.510020575 0.42596103906250005 0.5059841828125 0.3800682484375 0.487314684375 0.264752784375 0.475443346875 0.247556328125 0.48298850625 0.2453857265625 0.495298603125 0.3254063640625 0.5453714265625 0.3362844203125 0.6636404875 0.2578275875 0.793658534375 0.27376036406250004 0.8112762171875
9 0.5136704796875 0.5214497234375 0.5014520765625 0.5277571765625 0.5000050093749999 0.535963909375 0.5728396421874999 0.5588551125000001 0.5771481734374999 0.5596148234375 0.599479390625 0.538695621875 0.641204346875 0.5270136078125 0.6726014124999999 0.44793087343750004 0.637096509375 0.44008379687500004 0.6247223078124999 0.4379018921875 0.6123196171874999 0.447878928125 0.5790220234375 0.52874201875 0.5489703140625 0.5192121484375 0.5136704796875 0.5214497234375
2 0.4274998015625 0.5062555078125001 0.3939171078125 0.4897566125 0.3815203265625 0.5150718624999999 0.48914197968749995 0.525586575 0.4774637234375 0.51083455 0.4274998015625 0.5062555078125001
5 0.48108139375 0.49031772343749996 0.48235008281249997 0.5011187875 0.5572959656250001 0.507987353125 0.556659115625 0.484604865625 0.5476049234375 0.46396911875 0.5140222296875 0.447470221875 0.49230118125000005 0.46267946406249993 0.48108139375 0.49031772343749996
5 0.337430109375 0.44118906406249997 0.3245729171875 0.478587096875 0.34757339531250003 0.4826427015625 0.41708898124999993 0.4933135703125 0.4207066515625 0.47279674375 0.4100220015625 0.4434116140625 0.389111171875 0.4270316375 0.364490978125 0.42269043437500003 0.337430109375 0.44118906406249997