4 0.0418344125 0 0.0376501234375 0.047826646875 0.4620197703125 0.1811535828125 0.4692578171875 0.188060703125 0.46674211718749997 0.2526706390625 0.5006231624999999 0.25981742812499997 0.5119861484375 0.2733593078125 0.5319262953125 0.27850219374999996 0.6346851078125 0.287492425 0.6569771265625 0.10410203124999999 0.6120962453125001 0.0792625484375 0.6049358140625001 0.053540595312499994 0.504373390625 0 0.0418344125 0
4 0 0.680032540625 0.0481791890625 0.7129942296875 0.0556993125 0.7136521546875 0.246031175 0.695797728125 0.258561225 0.67807234375 0.270650509375 0.6833126 0.273686003125 0.70239979375 0.287876565625 0.701550015625 0.41219298593750003 0.6789656328125 0.41849681875 0.6606955250000001 0.42838086718749996 0.6552863921875 0.5907808859375 0.6276687265625001 0.6026095687499999 0.5283216187499999 0.5983030546875 0.5237622640625 0.49180868593750005 0.5039887578125 0.3926563234375 0.5078617984375 0.3665580515625 0.5013959125 0.3530161703125 0.5127589 0.3436768453125 0.5119418140625001 0.3428465890625 0.5035040109375 0.275551609375 0.5017990453125 0.2794422890625 0.43940069531250003 0.27513577499999997 0.43484134374999994 0.1907963140625 0.41282355624999995 0.10985549531250001 0.40574215156250004 0.0067597671875 0.40090502812500006 0 0.47816952500000004 0 0.680032540625
11 0.24080079531249998 0.4328830671875 0.2734884328125 0.435742865625 0.27898835312500003 0.44458921093750003 0.27937784374999997 0.47599265625 0.34811915312499997 0.4835752109375 0.37516432499999997 0.48594135625 0.43713454374999994 0.48352070625000004 0.4610275796875 0.4793372015625 0.47630758906250004 0.466034990625 0.4990321515625 0.3676411484375 0.5073845765625 0.272172490625 0.5032596375 0.26553773125 0.37505112500000004 0.2250428609375 0.2626936890625 0.20057382031249998 0.257479303125 0.20639149375 0.2362087484375 0.41365969375 0.24080079531249998 0.4328830671875
3 0.55925301875 0.5219142984375 0.5995418531250001 0.52753040625 0.5896328750000001 0.6228628828125 0.5939393875000001 0.6274222375 0.7355594796875 0.6042604359375 0.7692824671875 0.3980816828125 0.788687415625 0.39141423125 0.8011911234375001 0.3381345890625 0.817405346875 0.3500096078125 0.810479175 0.3933207640625 0.7970149109375 0.38586891875 0.8091305375 0.426663434375 0.7833177984375 0.43486156875 0.770658859375 0.5257708734375 0.8114924171875 0.5251607640625 0.8560322578124999 0.2132725046875 0.8636071125000001 0.1804745578125 0.8784200140625 0.15458373125 0.87777133125 0.144070521875 0.83187861875 0.11286864375000001 0.6974175484375 0.0362747921875 0.6758073640625 0.0322928546875 0.6097057890625 0.03487488125 0.6090058328125 0.0787307609375 0.6006007234374999 0.1030909046875 0.6344041515625001 0.1290525265625 0.6190215953125 0.251092915625 0.5557475953125001 0.239283284375 0.5513634656249999 0.2535387609375 0.5543989578125 0.2726259546875 0.5828840421875 0.28766582500000004 0.55741093125 0.507114096875 0.55925301875 0.5219142984375
19 0.9948744015625 0.580416321875 0.9962230390625001 0.5470736515625 0.865005378125 0.5230458453125 0.770341103125 0.5294028328125 0.7571191171875 0.64483555 0.75889068125 0.6449905421875 0.8815578203125 0.6206933968749999 0.93567406875 0.6296105390625 0.9422634343749999 0.62600445 0.9471659453125 0.5699684984375 0.9738089406249999 0.5702081671875 0.9948744015625 0.580416321875
19 0.6798900921875 1 0.7190062140625 0.7217544078125 0.6685477984375 0.7068834125000001 0.604469884375 0.722190234375 0.5975173703125 0.7299471328125 0.581951828125 0.7285853234374999 0.5214541296874999 0.7567531234375 0.5034006421874999 0.9810331124999999 0.5292981515624999 1 0.6798900921875 1
19 0.9581655874999999 1 0.9811882265625 0.7368500203125 0.7830123921875 0.6714121796875 0.74923530625 0.6810048156249999 0.7065679375 1 0.9581655874999999 1
21 0.7983963593750001 0.6748493953125 0.9437756500000001 0.7207676843749999 0.944912115625 0.7208671125 0.9420137703125 0.6288581328125 0.91848388125 0.6288908265625001 0.86527550625 0.60959665625 0.75844433125 0.62952821875 0.750973434375 0.6790655921875 0.7983963593750001 0.6748493953125
9 0.936199740625 0.659457428125 0.85149713125 0.6415904546875 0.8524826203125 0.6123985953125 0.8395914703124999 0.5281419359374999 0.8395244515625 0.528136071875 0.843559128125 0.6785392140625001 0.8844966453125 0.6946685296874999 0.9359343234375 0.702828503125 0.9433711890625001 0.7034791453125 0.94647328125 0.6854517437500001 0.936199740625 0.659457428125
2 0.9419910734375 0.6291175578125 0.8952944468749999 0.62503213125 0.8868893359375001 0.6493922750000001 0.9386838125000001 0.6654258093750001 0.9433534703124999 0.66583435 0.9419910734375 0.6291175578125
15 0.942556259375 0.7122958359375 0.9506245625 0.7276407609375 0.9813924984375 0.7345151890625 0.9950105828125 0.5788597671875 0.955266471875 0.5670174421875 0.9429179968750001 0.582667421875 0.940375953125 0.6117231000000001 0.942556259375 0.7122958359375
21 0.7251072296875 0.67026730625 0.7307118874999999 0.6417409828125 0.72503039375 0.6349700421875 0.6914348828125 0.6424872734375 0.682562665625 0.6542588031250001 0.7241714406249999 0.6701854359375 0.7251072296875 0.67026730625