5 0.20066761875 0.3811111203125 0.17373928125 0.376362928125 0.16516412187500001 0.4103732 0.163234696875 0.421315509375 0.13028558125 0.729653296875 0.07577876875 0.9263008062500001 0.10655401093750001 0.9317273109374999 0.1425140015625 0.7952736609375 0.1542235125 0.7907275140625 0.1954662578125 0.809899253125 0.1635219671875 0.9404501296875001 0.1784573796875 0.9457279875 0.184396534375 0.94016436875 0.19875885937499999 0.892454371875 0.2119396140625 0.8908119843750001 0.2435650953125 0.908287940625 0.2034260046875 0.9522461 0.20887085156250002 0.9532061734375 0.2323140546875 0.9552243718750001 0.2707768453125 0.9170526156250001 0.2787540703125 0.9224257265625001 0.271518728125 0.9634593828125 0.28690635000000003 0.9661726359375 0.3353422953125 0.72297201875 0.338429934375 0.70546114375 0.25880679375 0.675629190625 0.293162140625 0.39080955156249997 0.276246590625 0.384389240625 0.2733614140625 0.38388050625000003 0.26516059062499997 0.397771653125 0.2157176484375 0.39698654843750003 0.20225347968750002 0.39461245312500004 0.20066761875 0.3811111203125
4 0.18472706562500002 0.5513724343749999 0.1785107609375 0.5978744546875 0.1803721109375 0.5991281796875 0.1873052875 0.6003506859375001 0.2426598796875 0.5827422734375001 0.245764903125 0.537013821875 0.1992644484375 0.5420362359374999 0.18472706562500002 0.5513724343749999
4 0 0.6554865703125 0.1413288421875 0.6124729999999999 0.1685634640625 0.3792845859375 0.1879667859375 0.376095065625 0.2029021984375 0.381372921875 0.20494026875000002 0.3923096484375 0.229945153125 0.396718684375 0.26265877187500003 0.3973382921875 0.2653839953125 0.38188278593749997 0.017629740625 0.35795957968750003 0 0.46173123125000004 0 0.6554865703125
4 0.2053016703125 0 0.191746315625 0.055474171875 0.24515704062500002 0.112490046875 0.18818908437499998 0.10376722812500001 0.1822499296875 0.10933084687500001 0.15014310625 0.291417696875 0.2060878609375 0.30538099218750003 0.222668025 0.30830452343750003 0.2392366703125 0.252918321875 0.3000515328125 0.262319453125 0.348087040625 0 0.2053016703125 0
6 0.2564684765625 0.3773319671875 0.263028634375 0.362622659375 0.32401229374999996 0.365442703125 0.3307244109375 0.35324586875 0.3309370859375 0.352039728125 0.3007016265625 0.3401776828125 0.029494804687499997 0.292356603125 0.022541623437499998 0.328415765625 0.018449134375000002 0.3516254265625 0.056230178124999995 0.35828724375 0.2564684765625 0.3773319671875
20 0.1300216671875 0.29699271562499996 0.09981325156250001 0.2995991765625 0.08815791875 0.28696666875 0.059306128125 0.28187931875 0.04522095625 0.28865091249999997 0.05229376249999999 0.2991532296875 0.07130219531250001 0.3038271 0.20979077343750002 0.32824637343749996 0.209804075 0.32817094375 0.162382771875 0.315920553125 0.1584212484375 0.30464466875 0.1300216671875 0.29699271562499996
5 0.8335369984375 1 0.8500311578125 0.9443559531249999 0.9281674453125 0.6249466328125 0.8879437359375 0.6112432578125 0.8800269515625001 0.6336463765625 0.8362397484375 0.6232811703125 0.5902607843750001 0.55610938125 0.589012515625 0.5294458750000001 0.5582372734375001 0.5240193703125 0.4623023078125 0.9949842015625 0.49074831406249997 1 0.78580199375 1 0.79295484375 0.9699904515625001 0.63341663125 0.9074831390625 0.5323780593749999 0.88437863125 0.5264389046875 0.88994225 0.5102135671875 0.9650893187499999 0.543508221875 0.7818897453125 0.567777484375 0.7848469015624999 0.82020825 0.871666696875 0.7910029093750001 1 0.8335369984375 1
21 0.8691229625 0.5728871421874999 0.8582636906250001 0.5894827406250001 0.835182259375 0.5854128609375 0.8291284875 0.5803789078125 0.8291826656250001 0.5632002484374999 0.670325896875 0.5193234734375001 0.6456044265625 0.518930921875 0.6272805781249999 0.5553650343750001 0.6290352343750001 0.5622852796875 0.8577031249999999 0.626404659375 0.8769376515625 0.629796225 0.8867778890625001 0.6077322625 0.9281894296875001 0.6203229140625 0.9245175812499999 0.6580184015625 0.8743098828125 0.85277961875 0.9375306234374999 0.8738434171874999 0.94166605 0.8745726046875 0.9872612578125001 0.61598933125 0.980345625 0.6057203984374999 0.8691229625 0.5728871421874999
21 0.5619165640625 0.70223556875 0.55829889375 0.7227523984374999 0.5643526640625 0.7277863515624999 0.827306925 0.8115696953124999 0.8340254640625 0.8127543546875 0.8382210656250001 0.795380421875 0.8404423156249999 0.7827830890625 0.8187006218749999 0.76999041875 0.5928606015625 0.7010809890624999 0.5678557171875 0.696671953125 0.5619165640625 0.70223556875
21 0.5764012109375 0.63920996875 0.588225340625 0.6452613921875 0.8551934875 0.7227449890625001 0.8575341390625001 0.7128447828125 0.861754753125 0.688908484375 0.8497002828125 0.6807891171875 0.59840316875 0.6100352546875001 0.5809233 0.6135639328125 0.5764012109375 0.63920996875
21 0.3422234515625 0.5759700890625 0.34022289843750003 0.590690075 0.363135534375 0.6013410421875001 0.2931515265625 0.9644972718749999 0.31300861874999997 0.96998186875 0.31976339062500003 0.9711729171875 0.3771790515625 0.7016578765625 0.3888885625 0.6971117312499999 0.4972833546875 0.7347350375 0.5143110140625 0.7337709625 0.5375557984375 0.61094131875 0.5430242171875 0.57992838125 0.5082321999999999 0.5489174640625001 0.4954432140625 0.5202190203125 0.3439761515625 0.5660300390625 0.3422234515625 0.5759700890625
5 0.367464075 0.8107427156250001 0.36520303125 0.823565734375 0.3497133140625 0.9001646843750001 0.3342173375 0.9318087453125001 0.3401023125 0.9434237859374999 0.3347436375 0.9738143390625 0.35591217343750003 0.977546921875 0.398685265625 0.76864973125 0.41283309218750003 0.7513999703125 0.4162759078125 0.7318747875 0.384931421875 0.7173042656249999 0.366438778125 0.7603194671875 0.3582990203125 0.80648233125 0.367464075 0.8107427156250001
3 1 0.3062653609375 0.9318160578124999 0.582883890625 0.9873069859375001 0.6081378265625 0.9886053218749999 0.6083667578124999 1 0.5437443265625 1 0.3062653609375
5 0.723918734375 0.4622681828125 0.710737978125 0.4639105703125 0.6986971359374999 0.5265737781250001 0.7173648375 0.5219323765625 0.8141042953125 0.5469231734375 0.8178677421874999 0.5576352625000001 0.8231572421875001 0.5585679453125 0.830696453125 0.5591141796875 0.8318965453124999 0.552308115625 0.8418161718749999 0.490989703125 0.824619715625 0.4985348625 0.7259568046875 0.473204909375 0.723918734375 0.4622681828125