11 0.590625 0.26875 0.6328125 0.28958333281250004 0.6484375 0.3104166671875 0.6640625 0.36875 0.68125 0.40208333281249997 0.7828125 0.40416666718750005 0.7875 0.3875 0.7671875 0.31875 0.7765625 0.3083333328125 0.8546875 0.325 0.8859375 0.41041666718750003 0.946875 0.40833333281249995 0.9609375 0.3375 0.9671875 0.0916666671875 0.959375 0.0791666671875 0.88125 0.0791666671875 0.596875 0.11041666718750001 0.5890625 0.1270833328125 0.590625 0.26875
19 0.43125 1 0.53125 0.9333333328125001 0.5484375 0.9145833328125 0.5609375 0.8333333328125001 0.5609375 0.6979166671875 0.5546875 0.68125 0.4828125 0.65625 0.4046875 0.6416666671875 0.390625 0.6041666671875 0.3421875 0.56875 0.265625 0.5604166671875 0.0703125 0.5916666671875 0 0.5791666671875 0 1 0.43125 1
5 0.65625 0.6375 0.6828125 0.6708333328125 0.7046875 0.6854166671875 0.896875 0.7291666671875 0.909375 0.65625 0.778125 0.6104166671875 0.746875 0.5916666671875 0.7171875 0.53125 0.6453125 0.2979166671875 0.63125 0.2833333328125 0.5734375 0.2645833328125 0.5890625 0.2854166671875 0.5984375 0.3166666671875 0.634375 0.575 0.65625 0.6375
21 1 0.43541666718750005 0.9921875 0.43541666718750005 0.7921875 0.45416666718750004 0.78125 0.46458333281249997 0.784375 0.4895833328125 0.796875 0.50625 0.9265625 0.525 0.8640625 0.975 0.8984375 0.975 0.9015625 0.9625 0.940625 0.7583333328124999 0.9484375 0.74375 0.965625 0.6208333328125 0.9765625 0.58125 0.9921875 0.5770833328125 0.9953125 0.5333333328125 1 0.5291666671875 1 0.43541666718750005
5 0.8609375 0.6041666671875 0.915625 0.6166666671875001 0.9234375 0.5395833328124999 0.9140625 0.5229166671875001 0.8859375 0.5104166671875 0.803125 0.5041666671875 0.815625 0.5625 0.834375 0.5875 0.8609375 0.6041666671875
3 0.7765625 0.60625 0.7890625 0.60625 0.7953125 0.5979166671875 0.8421875 0.6041666671875 0.81875 0.5625 0.7921875 0.5583333328125 0.79375 0.5145833328125 0.80625 0.5041666671875 0.8859375 0.5145833328125 0.8859375 0.4479166671875 0.8015625 0.45625 0.7921875 0.44166666718750003 0.7859375 0.40625 0.6828125 0.39791666718749996 0.7125 0.5145833328125 0.7265625 0.5541666671875001 0.75 0.5895833328125 0.7765625 0.60625
5 0.8546875 0.3229166671875 0.7625 0.3083333328125 0.78125 0.3645833328125 0.7953125 0.45625 0.890625 0.4458333328125 0.8546875 0.3229166671875
3 0.396875 0.1541666671875 0.365625 0.1625 0.2453125 0.16875 0.1453125 0.14375 0.1328125 0.2708333328125 0.1265625 0.42083333281249996 0.1296875 0.49791666718750005 0.115625 0.54375 0.2109375 0.5645833328125 0.3296875 0.5666666671875 0.3796875 0.5916666671875 0.3984375 0.6125 0.465625 0.63125 0.471875 0.6270833328125 0.4765625 0.4875 0.48125 0.4770833328125 0.4984375 0.47291666718750003 0.503125 0.48333333281249996 0.4984375 0.59375 0.496875 0.6166666671875001 0.4859375 0.6354166671875 0.4890625 0.65 0.6578125 0.69375 0.7078125 0.6979166671875 0.709375 0.6875 0.6546875 0.6375 0.64375 0.6083333328125 0.634375 0.5729166671875 0.61875 0.44375 0.6140625 0.43541666718750005 0.5953125 0.43125 0.596875 0.40416666718750005 0.5796875 0.3958333328125 0.578125 0.28125 0.509375 0.2625 0.5140625 0.1520833328125 0.5828125 0.1395833328125 0.584375 0.11875 0.553125 0.1020833328125 0.5046875 0.09375 0.4046875 0.10833333281249999 0.3984375 0.1166666671875 0.396875 0.1541666671875
2 0.2890625 0.35625 0.225 0.35208333281250004 0.2234375 0.40625 0.2890625 0.41041666718750003 0.2890625 0.35625
2 0.484375 0.43333333281249997 0.4828125 0.3625 0.3875 0.35625 0.3828125 0.36666666718749996 0.3953125 0.425 0.484375 0.43333333281249997
16 0.046875 0.49583333281249997 0.0515625 0.5083333328124999 0.08125 0.49791666718750005 0.1015625 0.5 0.109375 0.4916666671875 0.128125 0.39375 0.128125 0.2958333328125 0.1375 0.2625 0.1515625 0.24583333281250003 0.1546875 0.1833333328125 0.1640625 0.1625 0.159375 0.1458333328125 0.14375 0.1354166671875 0.0828125 0.13333333281249998 0.05 0.1354166671875 0.0390625 0.15 0.046875 0.49583333281249997