14 0.057915090625 0.2142990953125 0.0494064 0.380777759375 0.039102496875 0.43853301718750004 0.0543446484375 0.5565504078125 0.0315683609375 0.859867146875 0.03464585625 0.8830549718749999 0.0468247546875 0.8880834453125 0.12933009374999999 0.872968575 0.12795661875 0.847811484375 0.103057409375 0.823097734375 0.09715317812499999 0.7955354031249999 0.11323022812500001 0.6776196437500001 0.11805163593750001 0.67586836875 0.1239558671875 0.7034307015625 0.1603472375 0.720594378125 0.1612191921875 0.7081248265625 0.1433868234375 0.6943473421874999 0.139582696875 0.6815508078125 0.11975565625 0.6738991046875 0.105200240625 0.568460259375 0.117684034375 0.479531125 0.1559646421875 0.4696774421875 0.1608145328125 0.2883239859375 0.14245499374999998 0.17008860625 0.14318162343750002 0.159697315625 0.1634845359375 0.13814440625 0.169072465625 0.1030320015625 0.165744209375 0.061030854687500004 0.1523371609375 0.028767034375 0.135918159375 0.0171768015625 0.11097905781249999 0.0154328890625 0.098073528125 0.020795709375 0.0857094125 0.040815331249999996 0.0881258203125 0.1182558671875 0.057915090625 0.2142990953125
19 0.2588932953125 0.5880833125 0.26984404375 0.5658764359374999 0.2243911625 0.5439022765625 0.2166375859375 0.520387465625 0.22983376562500002 0.5108681296875 0.2742038234375 0.5035286828125 0.298681296875 0.4446761171875 0.3076117234375 0.36176376875 0.317730409375 0.32905660625 0.201845653125 0.306334209375 0.1852414328125 0.319792075 0.1597324359375 0.482993540625 0.19346804687500002 0.56053570625 0.1942203265625 0.6169756671875 0.20661722343750002 0.6188867546875 0.2197102421875 0.6198023078125 0.23293691249999998 0.600887209375 0.2366754953125 0.569822328125 0.2507037390625 0.570803278125 0.2588932953125 0.5880833125
21 0 0.5823984671875 0.0109737078125 0.5496018281249999 0.0471143171875 0.5479521859375 0.0451338890625 0.46427687500000003 0.0006185046875 0.4736945796875 0 0.482539609375 0 0.5823984671875
21 0.5817463015625 0.5853372953125 0.5979544359375 0.55514436875 0.5680486 0.5572299890625 0.48192435468749995 0.53450023125 0.3797373 0.539885140625 0.3757878484375 0.5291668640625 0.39550945625 0.5159269890625 0.4246886609375 0.5242326609375 0.44397429062500005 0.517227559375 0.49765661874999995 0.5335119171875 0.54587069375 0.51599916875 0.5434799359375 0.5053898859375 0.5311557109375 0.502439671875 0.23637735937499998 0.506887809375 0.21709172968749998 0.513892909375 0.21437042812499998 0.5304099828125 0.22016922499999997 0.5370807359375 0.3010360859375 0.5677965453125 0.33381995625 0.7037479359375001 0.3228692078125 0.7259548125 0.30996367812500003 0.73131763125 0.3154718234375 0.7421449015625 0.2589086265625 0.834256965625 0.2594500375 0.8489137687499999 0.277427734375 0.8606129953125 0.293305325 0.8575464234375 0.325285615625 0.8033953468749999 0.336777775 0.795845275 0.34319776874999997 0.77123315625 0.34943254375 0.771669134375 0.38714325625 0.9267608296875001 0.41716351874999996 0.953137940625 0.42286249531250003 0.9535364515625 0.43074679062500004 0.9527825125 0.376300775 0.72342585 0.45218949531249997 0.6013388484375 0.5817463015625 0.5853372953125
2 0.3911240265625 0.5114434890624999 0.3774918671875 0.5271976015625001 0.376819734375 0.5368095453125 0.38453526875 0.53734906875 0.48036566093750005 0.5343912375000001 0.47782957656249997 0.5258602140625 0.459561228125 0.5183175046875 0.3911240265625 0.5114434890624999
5 0.761181671875 0.684815146875 0.776372525 0.6691700296875001 0.7916032687500001 0.630555075 0.808327165625 0.5481876984375 0.794960009375 0.49295404062500003 0.7771276390625 0.47917655625 0.7553059249999999 0.47765063281250003 0.7309082359375 0.49056352499999994 0.7285830203125 0.5238156593750001 0.74996875625 0.5315763578125 0.7336152953124999 0.56384754375 0.7274460625 0.6072729812500001 0.7181993328125 0.6275105921875 0.7176180296875 0.6358236265625 0.732914315625 0.6410700874999999 0.730338340625 0.6555089015625 0.7044218484375 0.6453429625 0.6709626484375 0.6534453703125 0.6817823140625 0.5435156625 0.6724700421875001 0.5198918578125 0.6523523484375 0.516396671875 0.6117864171875 0.536532653125 0.585499490625 0.576462903125 0.5770449328125 0.6301706390625 0.5820772078124999 0.6702025218750001 0.5526073515625 0.66605336875 0.46810734062500003 0.6872940187500001 0.5145376109375001 0.7176902093749999 0.577005271875 0.7278015296875 0.5844461937500001 0.72832185 0.632020953125 0.7175517609375001 0.65845320625 0.6755432515625001 0.7136942281249999 0.691936603125 0.761181671875 0.684815146875
5 0.45329404531249995 0.6079424 0.5281904296875 0.6288428203125 0.536958075 0.6294559125 0.563380003125 0.6239940421875 0.5646879375 0.605289715625 0.5588891406250001 0.5986189625 0.5030668140625 0.59053864375 0.4762783671875 0.5928422546875 0.45329404531249995 0.6079424
5 0.4569813296875 0.44321500937499997 0.43653309218749997 0.46684617656249994 0.43095909375 0.5030037671875001 0.44308225625000003 0.5038515015625 0.5044944234375001 0.50292480625 0.5042436640625 0.48411148437499996 0.4921046578125 0.45611317500000004 0.4569813296875 0.44321500937499997
5 0.335130725 0.438610175 0.3117503171875 0.4369752578125 0.2867713234375 0.458201184375 0.275816921875 0.50468569375 0.2847497625 0.5053103375 0.372855678125 0.5039007796874999 0.3688007921875 0.472290925 0.35608048281250004 0.4526056484375 0.335130725 0.438610175
5 0.19236349531250002 0.5539321562499999 0.160582665625 0.49323404687499994 0.1443089890625 0.47956555625 0.119660540625 0.47366512656250004 0.10671511874999999 0.501997784375 0.101298165625 0.601863184375 0.1117986953125 0.6756921734375 0.1225243328125 0.7015032296875 0.1430381125 0.7217334796875 0.1836096265625 0.74258314375 0.21114655781249997 0.7445087140625 0.25410146093749997 0.74620715 0.327835940625 0.7221252781249999 0.3284172453125 0.7138122453125 0.2482770140625 0.67270514375 0.17287840625 0.6757864421875001 0.1936571875 0.6250289203125 0.19236349531250002 0.5539321562499999
11 0.479333409375 0.41475697499999997 0.5069539203125 0.4229536515625 0.5545866921875 0.41375393593750004 0.5837658968749999 0.42205960625000005 0.5955088171875 0.43332285312499996 0.639588221875 0.4301399234375 0.658837340625 0.43905647812500004 0.6609510968750001 0.43920428593749994 0.6889136046875 0.2623386 0.6706452578125 0.25479589062499997 0.5048424078125 0.25155550781249997 0.479333409375 0.41475697499999997
9 0.65037191875 0.4327213625 0.649249203125 0.42637759218750004 0.6289861828125 0.4249606640625 0.6067284921875 0.429669515625 0.5765177625 0.52571274375 0.536282375 0.518722371875 0.49502970625 0.52627980625 0.4910403625 0.5385313671875 0.563707690625 0.5577096015625 0.5682279109375 0.5580256859375 0.602975665625 0.5505354890625 0.6400281234375 0.5134464578125 0.6362239984375 0.5006499234375 0.65037191875 0.4327213625