16 0.324174496875 0.3027771265625 0.3295914140625 0.320368884375 0.3249523109375 0.3533778203125 0.3112218140625 0.37248619843749997 0.3302744328125 0.3940981375 0.3237980921875 0.42895267343750004 0.33443400156249997 0.409409378125 0.3431378765625 0.4148402421875 0.349809365625 0.40105120781250003 0.3612203109375 0.398447296875 0.37205414531250003 0.43363081093750006 0.37814296875000003 0.39030658281249997 0.3948732578125 0.3947616796875 0.393038796875 0.4302685890625 0.4016423203125 0.3915053953125 0.4328781421875 0.393791496875 0.454724290625 0.2832561703125 0.47367655624999994 0.26067404843749997 0.476478421875 0.2295107125 0.4706739875 0.2034492640625 0.4782125296875 0.1498097421875 0.4355629859375 0.11646624375 0.38807919062499996 0.095066178125 0.35036425000000004 0.09397330468750001 0.329778228125 0.24045045781250002 0.3323905015625 0.2555442390625 0.348540903125 0.264125453125 0.3469963875 0.2975693046875 0.324174496875 0.3027771265625
14 0.8469925390625 0.39992224374999996 0.8501819234375001 0.37722860156250004 0.8617852375 0.36202888125 0.869613725 0.3063263015625 0.8591674078124999 0.279612478125 0.8349905937500001 0.2720070328125 0.8183578796875001 0.2780846890625 0.8043374390625001 0.299256125 0.7940946046875 0.39459173125 0.7254365640625 0.4228110078125 0.7156704875 0.43616512656250006 0.6701381734375 0.62542006875 0.672362928125 0.6320441609375 0.71259256875 0.63769806875 0.7304826328125 0.6339009296875 0.7530231374999999 0.650743540625 0.8833560374999999 0.669060634375 0.9113097546875 0.5036327734375 0.9097596812500001 0.46975400624999997 0.865175325 0.42772335625 0.8469925390625 0.39992224374999996
21 0.93464336875 1 0.95776750625 0.8354632109375 0.8520664328124999 0.8016736265625 0.8246082171875001 0.87355169375 0.6222026656249999 0.8430016421875001 0.609726740625 0.8307292281249999 0.5925085828125 0.7736103796875 0.5957955390625 0.7614494859375001 0.6291585421875 0.7598269281250001 0.62006715 0.745926371875 0.52771183125 0.7182200265625001 0.53641570625 0.7236508921875 0.5310015671875 0.7397204421875 0.5406728484375 0.7494948828125 0.540480478125 0.7620906921875 0.48690785937500003 0.7840148546875 0.442131134375 0.754580015625 0.41244260625000007 0.7525113718750001 0.36805339843749996 0.731546225 0.36079924375 0.715800065625 0.381008859375 0.6954984609375 0.42568523281250004 0.680739240625 0.4600156421875 0.6834602578125 0.4413505421875 0.6703180125 0.4017007890625 0.6605379890624999 0.250169121875 0.7170824765625 0.17541948125 0.754964671875 0.2260954375 0.7873324015625001 0.20009549999999998 0.9611871015625001 0.21866489687500001 0.9637968609374999 0.2411836375 0.8146986 0.255399225 0.8145926625 0.3739637421875 0.869124353125 0.4002677390625 0.8728211390625 0.7118527343750001 1 0.93464336875 1
9 0.5938272625 0.7866815296875 0.613462546875 0.837828659375 0.76323641875 0.8667672828124999 0.7802566359374999 0.8691593187500001 0.8295038 0.87239889375 0.8863494859375001 0.6700072875 0.67899676875 0.6308726796874999 0.6673662859375 0.6292381218750001 0.6594771765624999 0.63391485 0.6267051734375 0.766056528125 0.593922059375 0.7635529703125 0.5938272625 0.7866815296875
19 0.6098076453125 0.639294121875 0.6060355953125 0.632452571875 0.6397722265625 0.47099315781250006 0.650505709375 0.4619826140625 0.6960546921875 0.474695528125 0.70466099375 0.46959364218750005 0.63831695 0.41398582968750003 0.582226853125 0.39768765156249997 0.5340683734375 0.4035422640625 0.4986757625 0.41960623124999996 0.5235300390625001 0.433618309375 0.6074714250000001 0.45383073124999995 0.5730517765625 0.5415608921875 0.5588417437500001 0.6089894484375 0.5444337859374999 0.62169119375 0.400920196875 0.5762759843749999 0.4427863703125 0.491696171875 0.45844889999999994 0.447613634375 0.4568040328125 0.436863425 0.28370226875000004 0.4335736328125 0.274033765625 0.457460503125 0.2422347265625 0.6612683765625 0.23966710937500002 0.7127137796875 0.262691946875 0.715949709375 0.39212708281249997 0.6612962984374999 0.6347650515625001 0.7311615687499999 0.6556465734375 0.6499439765624999 0.6098076453125 0.639294121875
15 0.604162115625 0.6345560546875 0.6515483375 0.6454233687500001 0.6683734218749999 0.6267499046875 0.68074899375 0.5948282593750001 0.70317503125 0.4801668171875 0.650759409375 0.46017743749999995 0.6384786328125001 0.4689705234375 0.604162115625 0.6345560546875
15 0.87807215 0.7064495421875 0.9643713296875 0.73409368125 0.97186603125 0.73514699375 0.996909940625 0.5569503171875 0.9098739671875 0.5363029796875 0.87807215 0.7064495421875
15 0.4760462421875 0.4122182453125 0.461348340625 0.4269830484375 0.4412390765625 0.4914787140625 0.399082959375 0.5781215859375 0.5414235359374999 0.6178494453125001 0.5518677671875001 0.6193172859375 0.5585518 0.61105250625 0.5871670124999999 0.497260896875 0.60901871875 0.4540481890625 0.4760462421875 0.4122182453125
19 0.867751271875 0.7349782953124999 0.855088534375 0.8026243078125 0.9535682062499999 0.8367138703125001 0.95751380625 0.8372683875 0.9721922187500001 0.7328260531249999 0.8844787828125 0.70577208125 0.867751271875 0.7349782953124999
19 0 0.8841727390624999 0.058644845312500006 0.564200025 0 0.5452968984375001 0 0.8841727390624999
4 1 0.192203865625 0.6636926453124999 0.1548391984375 0.6537369765625 0.2144504359375 0.73825825 0.23053674218750003 0.725500715625 0.321311315625 0.7948389953125 0.33315998125 0.8144659453124999 0.28332318437500004 0.8319684921875 0.271056353125 0.84927866875 0.2713853328125 0.8695886359375 0.2952777875 0.871621021875 0.31449768749999996 0.8650471078124999 0.33881947343749996 0.87036645 0.34587847968749996 1 0.3676716015625 1 0.192203865625
7 0.6911928875 0.45902261875 0.698137659375 0.45999864218750003 0.7384585921875 0.2289870421875 0.660208428125 0.2179896984375 0.6494826125000001 0.22226775468749999 0.6171984796875 0.40707318593749997 0.66255509375 0.432381909375 0.6911928875 0.45902261875
10 0.7116782015625 0.3972095625 0.7133230687500001 0.407959771875 0.7290859515625 0.40807129062499997 0.7293758953125 0.4060082328125 0.741754246875 0.407747896875 0.7420441906249999 0.4056848390625 0.7606117171875 0.408294334375 0.7603217734375 0.4103573921875 0.7634163609375 0.410792309375 0.7637063046875 0.40872925000000004 0.77482730625 0.40818839687499997 0.77511725 0.4061253390625 0.7834336078125 0.40308651093750003 0.7904898359375 0.364105859375 0.7920371296875001 0.3643233171875 0.7931969062500001 0.3560710828125 0.7947442 0.356288540625 0.795903975 0.34803630625 0.7974512687499999 0.34825376406249997 0.7994808765625 0.33381235625 0.7982235265625001 0.3315318390625 0.722696071875 0.3188133390625 0.7101309078125 0.3969921046875 0.7116782015625 0.3972095625
2 0.530965325 0.7399783249999999 0.5391841078125 0.7264067484375001 0.43116070312500004 0.6754603218749999 0.37913537812500003 0.69760194375 0.36501736406249996 0.70824063125 0.35960322499999997 0.7243101843749999 0.4108590703125 0.752551796875 0.439290246875 0.7523399234375 0.48039249687499996 0.785465965625 0.5419915296875 0.7625660328125 0.5421839 0.749970225 0.530965325 0.7399783249999999
18 0.926910953125 0.44875960312499996 0.9312601125000001 0.4178137265625 0.92845546875 0.41531575 0.928165525 0.417378809375 0.92661823125 0.4171613515625 0.9257483984375 0.423350528125 0.9242011046874999 0.42313307031249997 0.9213016656249999 0.443763653125 0.919754371875 0.44354619531250006 0.9191744843749999 0.4476723140625 0.9176271890625 0.4474548546875 0.9173372453124999 0.4495179125 0.9126953640625001 0.44886553906250004 0.9115355890625001 0.45711777500000006 0.9130828828125 0.4573352328125 0.9127929390625 0.4593982890625 0.9158875265624999 0.4598332046875 0.91685493125 0.46417678125000006 0.9199495203125 0.46461169687500004 0.9197683046874999 0.46590110781250005 0.9324367734375001 0.4676815453125 0.9341651078125001 0.464505759375 0.931360465625 0.462007784375 0.9325202406249999 0.45375555156249997 0.926910953125 0.44875960312499996