16 0.8302672640625 0.28591273125 0.83094816875 0.2781299609375 0.8114912406249999 0.2764277 0.7994775140625 0.35772123125 0.8008722515625 0.386598509375 0.8149460359375 0.382601578125 0.8138111953125 0.3955728625 0.8079741171875 0.395062184375 0.8141681125 0.4139028890625 0.8098897640624999 0.46280463281250006 0.8099171249999999 0.46280702656250006 0.8325624843749999 0.3201841578125 0.8348019015625001 0.2945874890625 0.8337047140625 0.291441696875 0.818544596875 0.2966506453125 0.8194524703124999 0.286273615625 0.8302672640625 0.28591273125
16 0.42770364375 0.9924478703125 0.4486766078125 0.9936292375000001 0.46599203749999996 0.8853513468750001 0.44612968437499995 0.8770783296875001 0.44296771250000005 0.8571958375 0.4937497640625 0.8145846359375 0.47591277656250003 0.6823183953124999 0.5025685921874999 0.668965790625 0.5225106187499999 0.5530753546875 0.5715583640624999 0.5639017625 0.5761306546875 0.55645944375 0.5791141671875 0.5671769234374999 0.746346725 0.6053349031249999 0.7560751890625 0.6061860343750001 0.760015084375 0.594767215625 0.757890934375 0.585431978125 0.574865865625 0.548506446875 0.5167705609375 0.5290461375 0.5364526921875 0.3713071375 0.5403925875 0.35988831875 0.5533800421875 0.357103403125 0.5706954734374999 0.24882551249999998 0.5741814328125 0.24259520937499998 0.8137286109374999 0.26093875781250003 0.8169390921874999 0.26906198125 0.8323261765625001 0.26125877656249996 0.826083671875 0.25417734375 0.8130962171875 0.256962259375 0.8195812703125 0.20524734531250002 0.823699625 0.2029935390625 0.8224192546875001 0.25124263281250003 0.8417947437500001 0.22026134218750001 0.84383745625 0.1969130296875 0.8326172359375 0.190703159375 0.848685225 0.1751171828125 0.8367529359375 0.2890942671875 0.8394280437500001 0.269722453125 0.84789171875 0.26262058593750004 0.8688464296875 0.0847335359375 0.8724779187499999 0.043225425 0.8703944859374999 0.0502319609375 0.8593527249999999 0.053187103125 0.8528832515625 0.0486999265625 0.855963784375 0.03589886875 0.8481810140625001 0.0352179640625 0.8308655828125 0.14349585468749998 0.8348869171875 0.1647605890625 0.8308985109375 0.18793867656250002 0.8235211671875 0.193828528125 0.820764621875 0.1805167890625 0.8049721109375 0.1817492390625 0.81030674375 0.19920770000000002 0.8063183374999999 0.22238578750000002 0.792876946875 0.23035921875 0.56179344375 0.2049138015625 0.5820617859375 0.006838025 0.5812854093750001 0.0067701015625 0.5662825296875 0.007940928125 0.40700620625 0.9769129796874999 0.40674325 0.9906140734375001 0.42770364375 0.9924478703125
2 0.501802221875 0.8626046015625001 0.5133223953125 0.8681871859375001 0.5161367015625 0.86843340625 0.5476879968749999 0.8535485171875001 0.5514331453125 0.8264279765625 0.5571926875 0.7605961109375 0.541540746875 0.6661015390625 0.5058373734375 0.670820240625 0.4761495359375 0.6852146343750001 0.501802221875 0.8626046015625001
2 0.5446885484374999 0.8676637265625 0.5436999765625 0.8789631578125 0.5513073734375 0.888371478125 0.5574022624999999 0.8892968281250001 0.5726110906249999 0.8906274281250001 0.5800873390625 0.8843541125 0.600904309375 0.7136438265625 0.6048442046875 0.702225009375 0.6263320328125 0.6874368609375 0.6263719015625 0.68698115 0.6012768078125 0.6757717624999999 0.5724483328125001 0.6915483953125 0.5634822109375001 0.7155980468750001 0.5446885484374999 0.8676637265625
2 0.5877114078125001 0.9025356984374999 0.59439000625 0.9035121171875 0.610733821875 0.9049420156249999 0.618664034375 0.896094303125 0.6397079734375 0.722789759375 0.6631727109375001 0.6966102234375 0.6632265109375 0.6959952890625 0.6394497765625 0.687868746875 0.637307225 0.687681296875 0.6038746515625 0.706584178125 0.5887318828125 0.8124380390624999 0.5797501796875 0.89268978125 0.5877114078125001 0.9025356984374999
2 0.6995053640625 0.7071084390625 0.67208720625 0.6955602625 0.6393188359375 0.7227557140624999 0.616102234375 0.8984842875 0.6216638359375 0.9133484921875 0.6432464718750001 0.9187657828125 0.6462622953125 0.9190296328124999 0.65388125 0.9148600953124999 0.6578696546875 0.8916820078125 0.6780057234375 0.7287544921875 0.6995053640625 0.7071084390625
2 0.704517125 0.7058477375 0.6775858312499999 0.73355386875 0.6534613593749999 0.9196594703125 0.6697599015625 0.9320646874999999 0.6809152125 0.93304065 0.68757595625 0.9331005671874999 0.7102104375 0.898483228125 0.737999328125 0.7153123359375 0.704517125 0.7058477375
2 0.7528142375 0.5801517140625 0.757484521875 0.5805603109375 0.788781040625 0.39034409999999997 0.7899099984375 0.37744004375 0.7513282921875 0.37023905 0.7461236078125 0.3737048703125 0.7208642953125 0.5727817578125001 0.7528142375 0.5801517140625
2 0.7006647593750001 0.5708838203125 0.722138609375 0.5626981984375 0.7441109124999999 0.3989510421875 0.7444822578125 0.39470654843749997 0.7014636375000001 0.3844366671875 0.6769337390625 0.5639715125 0.6981110375 0.5706603984374999 0.7006647593750001 0.5708838203125
2 0.593244490625 0.5442326109375 0.605970871875 0.5392028578125 0.6234221296875 0.3979990125 0.6253353046875 0.376131325 0.5865606890625 0.3688943234375 0.565565259375 0.5304395953125 0.5692800390625 0.54213599375 0.593244490625 0.5442326109375
2 0.652599465625 0.40512639687499996 0.6548851921875001 0.3790004390625 0.62794885 0.37539084218749996 0.606272515625 0.5447188875 0.633058278125 0.552290565625 0.652599465625 0.40512639687499996
2 0.6631193203125 0.5627629078124999 0.6774200734375 0.55617171875 0.6990446046875001 0.3941586625 0.6997967671875001 0.385561415625 0.6586907953125001 0.3780804140625 0.6352511140625 0.549635934375 0.6345470093750001 0.5576838953125 0.6631193203125 0.5627629078124999
2 0.545448478125 0.534038540625 0.5653593421875 0.5305522859375 0.5846048046875 0.37556347031250004 0.5850753203125 0.370185446875 0.5398851140625001 0.36232733125 0.518889684375 0.5238726046875 0.5210138343749999 0.5332078421875 0.545448478125 0.534038540625
2 0.655922784375 0.21027352656249998 0.728343184375 0.21726302031250003 0.8009660796875 0.2236167 0.8085999453125 0.199668334375 0.8086918140625 0.1986182765625 0.7901426578125 0.177576303125 0.661499965625 0.168935640625 0.6560683140625 0.17499571875 0.655922784375 0.21027352656249998
2 0.64801518125 0.2110194640625 0.6553110875 0.17244606093749998 0.6642286984375 0.16015568125 0.6757070515625 0.0513671125 0.650369659375 0.0222250015625 0.6245127078125 0.0199628109375 0.600280734375 0.19638678437499998 0.6206857734375 0.2094126859375 0.6321869718750001 0.2104189109375 0.64801518125 0.2110194640625
2 0.5957441375 0.20566210625 0.6021527625 0.2062227890625 0.6056324171874999 0.144180596875 0.6264823171875 0.0179131328125 0.6207245890624999 0.0086521140625 0.58345104375 0.0053911015625 0.559552603125 0.2002737609375 0.5957441375 0.20566210625
5 0 0.9565971187500001 0.264527278125 0.97974025625 0.248748090625 0.9336584046875 0.23805871562499997 0.8407063859375 0.24939394843749998 0.69321640625 0.24487951875 0.6551782 0.23084418750000002 0.6183983171875 0.19823416562500001 0.5967236875 0 0.57335703125 0 0.9565971187500001