10 0.107332784375 0.9273653453125 0.127481465625 0.9347206203124999 0.1710187359375 0.9299342953125 0.2602212328125 0.9537734499999999 0.371641571875 0.9569555624999999 0.3732372859375 0.9567028265624999 0.46793875781249994 0.8069719015624999 0.4685714234375 0.77101355625 0.4494101375 0.6200693359375 0.44052443593749996 0.5539790171875 0.43459102656250004 0.5464815671875 0.3959231875 0.5420594390625 0.12072393749999999 0.5624443921875 0.010107429687499999 0.6031666515625 0.058341389062500006 0.9077038906249999 0.140872403125 0.909397378125 0.107332784375 0.9273653453125
6 1 0.61862063125 0.7844898859375 0.6281676843749999 0.7820551703125 0.6327719093749999 0.7904232953125 0.635665134375 0.8599563937499999 0.6351986843749999 0.8737115281250001 0.6920805515625 0.8645382109374999 0.7040799734375 0.8885114921874999 0.7255946062499999 1 0.7202888749999999 1 0.61862063125
6 0.6126185093750001 0.7178775171875 0.6432261671874999 0.70511985625 0.61227464375 0.699475584375 0.6164922640625 0.6861517640625 0.655073840625 0.68004104375 0.6726823984375 0.6413939828124999 0.75699631875 0.6343678765625 0.7510629078125 0.6268704265625 0.7318919421875 0.62568820625 0.459997446875 0.6376398531249999 0.4554329078125 0.6383628046875 0.4625781296875 0.7231851828125 0.5009200625 0.725549628125 0.6050951078125 0.7190691078125 0.6126185093750001 0.7178775171875
6 0.421830090625 0.9553343906249999 0.43352438437499996 0.949263590625 0.44141322499999996 0.9691071453125 0.45165051875 0.973813625 0.5440929203125 0.9781559078125 0.7719303015625 0.9483979187499999 0.7640702875 0.8188660765625 0.5820323671875001 0.8181678171875 0.57292616875 0.8006263765625 0.580144053125 0.7762808515625 0.5649510656250001 0.7702499734375 0.5371914765625 0.8147234062500001 0.45872470468750004 0.8187141109375 0.41279100937499996 0.9082520859375001 0.3816189890625 0.951156690625 0.3656208109375 0.9600184593750001 0.3384076234375 0.9580006984375 0.33166902343750004 0.9653958953125 0.42069899531250005 0.9681693515625 0.421830090625 0.9553343906249999
4 0.314235778125 0.3933721609375 0.3665880203125 0.38508037968750003 0.37146594374999997 0.3576778515625 0.3655133875 0.3101066890625 0.4646081265625 0.2965209265625 0.472889990625 0.28888130156249997 0.4372070109375 0.0037128703125000003 0.16714657187499998 0.046486240625 0.22722355312500003 0.4058352296875 0.314235778125 0.3933721609375
4 0.5833448765625 0 0.6224666296875 0.3543087140625 0.6373337125 0.35828190625 0.918465184375 0.3277291828125 0.934256071875 0.3252281515625 0.88274499375 0 0.5833448765625 0
16 0.5305666 0 0.5145462953125 0.0025373671875 0.43949673437500003 0.0181153296875 0.471387465625 0.28938294062500003 0.45847581406250004 0.297755853125 0.35751190624999996 0.309528359375 0.367701228125 0.3838494140625 0.5855034109374999 0.36148142656250004 0.5991355546875 0.35932230625 0.6282730375 0.3510161046875 0.585233090625 0 0.5305666 0
16 0 0.4360375921875 0.2269383875 0.40403475625 0.1856155515625 0.11316801875 0.17479356562499998 0.07480530937499999 0.14034334843750002 0.057059360937500005 0.153255 0.04868645 0 0.0729596578125 0 0.4360375921875
20 0.4697671875 0.8085279453125 0.4840687234375 0.81891861875 0.5449077921875001 0.8135012609375 0.5810163609375001 0.7318473421875 0.5793868343749999 0.7215589203125 0.5694754468750001 0.7189101250000001 0.46875118125000004 0.7222074671875001 0.46355584531250005 0.7293582359374999 0.4697671875 0.8085279453125
13 0.61840335 0.8182078015625001 0.610769671875 0.7798674390625 0.5996409328125 0.7673922671875 0.598901721875 0.7675093453125 0.576990409375 0.8063105703125 0.5770766734375 0.8168434203125001 0.5855328625 0.823413975 0.61840335 0.8182078015625001
18 0.653530578125 0.680285471875 0.6558981765625 0.705222109375 0.6649181125 0.712230703125 0.7801835546875 0.7108488671875001 0.8765176734375 0.699809646875 0.8829303671875 0.6903567671874999 0.8773899796875 0.6553761390624999 0.8573946781249999 0.62901285 0.6760948296875 0.6429628093749999 0.664726440625 0.6510912921875 0.653530578125 0.680285471875