7 0.2441889796875 0.52738535625 0.2458555875 0.1752192984375 0.2332120546875 0.16710539062500002 0.1267600828125 0.15646161249999999 0.0895203078125 0.1716971890625 0.10205949375000001 0.5319498859375 0.2441889796875 0.52738535625
21 0 0.504363409375 0.0003670265625 0.52539033125 0.0487607890625 0.5224619640625 0.0521166640625 0.5406353312500001 0.06940180625 0.5403336171875 0.0699052734375 0.48041987343750003 0.0839292734375 0.47809143125000003 0.0836384 0.4614273046875 0.0006065734375 0.43839373437500007 0 0.43840432187499995 0 0.504363409375
5 0.0448306359375 0.38683281406250003 0.041234625000000004 0.44940510468749995 0.0836702140625 0.4632499421875 0.08388836875 0.4757480390625 0.07298889374999999 0.47802193906249996 0.0708824265625 0.5364009281250001 0.0761686984375 0.537090025 0.085083778125 0.5369344125 0.09653071875 0.39426498906249996 0.0700449828125 0.3988946015625 0.058890993749999995 0.386587390625 0.0448306359375 0.38683281406250003
4 0.41483424375 1 0.691560859375 0.99516971875 0.703637271875 0.7066337609375 0.370767565625 0.79579005 0.0012351015624999999 0.5751223390625 0.0112994984375 0.6145360265625001 0.0183883546875 0.9311271953125001 0.057659596874999997 1 0.41483424375 1
6 0.37237219375 0.794459759375 0.40815277656250004 0.7888865359375 0.7113395031249999 0.700248365625 0.7108304750000001 0.671086140625 0.701347825 0.665000709375 0.2786269171875 0.5306910828125 0.203565621875 0.5278339828124999 0.006938760937500001 0.543768021875 0.0007260734375 0.5459601140625 0.0012714609375 0.5772053546875 0.36086317343749996 0.79466065 0.37237219375 0.794459759375
5 0.0334563125 0.5409610484375 0.049176573437499996 0.5406866499999999 0.050368500000000004 0.525038465625 0.039396307812499996 0.523146334375 0.033219976562499996 0.52742144375 0.0334563125 0.5409610484375
4 0.492476015625 0.2480096 0.4486236015625 0.24252409375 0.44815093125 0.215444884375 0.473038046875 0.20875952656250002 0.493600784375 0.133389178125 0.4942904265625 0.08336952343750001 0.4364978703125 0.0682300046875 0.432527125 0.0682993140625 0.333522875 0.0945103359375 0.33674975156250003 0.2793780078125 0.4914415890625 0.2766778515625 0.492476015625 0.2480096
4 0.8200068343750001 0.300634746875 0.8041672421875001 0.37800630156250004 0.7978103 0.4614632921875 0.825931015625 0.4609724421875 0.8446734296875 0.10225737343750001 0.8366076046875 0.08781260937499999 0.7800752984375 0.072130178125 0.5340378015625 0.1222650953125 0.521757859375 0.1349813453125 0.5735670203125001 0.14866256875 0.6468479 0.13904884374999998 0.6521539734374999 0.26397526718750003 0.7599136953125 0.2600106625 0.810124234375 0.2716361375 0.8197523203125 0.28605363437500003 0.8200068343750001 0.300634746875
6 0.64115233125 0.43945441562500004 0.6176456828125 0.43569742343750006 0.4769693828125 0.4339856359375 0.42683156093749997 0.4265261921875 0.46893991718750005 0.4216238859375 0.46101952968750004 0.415511184375 0.29214979531249996 0.41012421562499995 0.2891707078125 0.4185108171875 0.30021561874999997 0.4245689796875 0.46941258750000003 0.4487030953125 0.62371721875 0.46814848593749997 0.654926959375 0.46760371718749993 0.6978664343750001 0.46555192500000003 0.6960860171875 0.4530810984375 0.6507077 0.44970587812499996 0.64115233125 0.43945441562500004
6 1 0.5079250453124999 0.8656783906250001 0.4998680125 0.8419535874999999 0.4836129234375 0.8353409468749999 0.4628918421875 0.8060212578125 0.46184088125 0.796110665625 0.46201387031249996 0.791852125 0.478236496875 0.8078383375 0.4987939640625 0.8051137640625001 0.5217616781250001 0.72863564375 0.5272639109374999 0.6565170765625 0.513937190625 0.5799662359375 0.515273390625 0.492661359375 0.5272155546875 0.4834332234375 0.5357112359375 0.48376045625 0.55445838125 0.490154940625 0.5626813671875001 0.737955259375 0.62867920625 0.7426345484375 0.6285975296874999 1 0.5769612656249999 1 0.5079250453124999
4 0.6562568343749999 0.40949874062499997 0.6437587375 0.409716896875 0.6475740859375 0.44923966093749995 0.681993853125 0.45150388281250003 0.6977313359374999 0.451229184375 0.7001456078125 0.4170672625 0.6920070640625 0.3984564640625 0.65912684375 0.394863090625 0.6562568343749999 0.40949874062499997
10 1 0.49563660625 0.9973423453124999 0.3433796578125 0.862878734375 0.3394757765625 0.83955388125 0.34613386562500004 0.8371940828125 0.4795287015625 0.8672406531249999 0.4998407421875 1 0.50792485 1 0.49563660625
13 0.48499548593749997 0.5356839671875 0.49887404843749994 0.5250234625 0.5002181546875 0.512498096875 0.49912737968750004 0.45000761562499997 0.414583434375 0.44106508125 0.41378589843749997 0.574432646875 0.4860862609375 0.5981744484375 0.48499548593749997 0.5356839671875
20 0.52049001875 0.42046361875000005 0.43612787031250005 0.421936165625 0.4268270171875 0.42626581406249997 0.48949929374999995 0.4355901203125 0.5879217999999999 0.4338721484375 0.52049001875 0.42046361875000005
4 0.41185654843749997 0.5718617609375001 0.415327121875 0.57180118125 0.4161184265625 0.43947554999999994 0.2986579015625 0.424856625 0.2975331328125 0.539477046875 0.41185654843749997 0.5718617609375001
4 0.4962937296875 0.46672628281249995 0.49571316562499995 0.522994984375 0.50210765 0.5312179703125001 0.6237822921875 0.518675878125 0.6232732624999999 0.4895136546875 0.629267796875 0.47482346406250003 0.622909671875 0.46868349374999996 0.5054855046875 0.45614758593750004 0.4962937296875 0.46672628281249995
4 1 0.5705001234375 0.8348297390624999 0.6126631578125 0.7397499109375001 0.6268246859375 0.49334763906249995 0.5665324828125 0.49225804531249995 0.5936389609375 0.49865253125000003 0.6018619468749999 0.710794115625 0.6690031249999999 0.7113395031249999 0.700248365625 0.700585465625 0.71085433125 0.6992777171875 0.7254627140625 0.6930984296875 0.9951428796874999 1 0.98978589375 1 0.5705001234375