14 0.8548095171875 0.666908284375 0.8763872812500001 0.5811942250000001 0.875467875 0.45540905625 0.8514167640625001 0.415174621875 0.8429050578125 0.3765734453125 0.8551887468749999 0.3045462 0.846271071875 0.284755634375 0.8207251546875 0.273691415625 0.7980989171874999 0.2796925375 0.778421928125 0.317425771875 0.7722948671875 0.36077277812499997 0.7763625203125 0.3968120578125 0.748450725 0.4232057359375 0.7343066281249999 0.4531412640625 0.714807040625 0.57887511875 0.62449029375 0.58614091875 0.602111390625 0.6047368890625 0.5937475203125 0.6394695625 0.601111253125 0.659096803125 0.67044440625 0.7019957609375 0.6946245828125 0.696157965625 0.756346665625 0.7068348359375001 0.7585834765625 0.71544916875 0.7508433421875 0.7292993109375 0.75775506875 0.764328259375 0.7606523828125 0.7646327796875 0.7875141765625 0.7541016609375 0.8257793171875001 0.6889947953125 0.8454858749999999 0.6659283296875 0.8548095171875 0.666908284375
19 0.9502020218749999 1 0.9796217687500001 0.7200898015625 0.9376358093749999 0.7010132375 0.9338450593750001 0.6922355765625 0.9548877890625 0.671404359375 0.97630691875 0.6170957609375 0.9922522921875 0.59991840625 0.9953010390625 0.5709115171875 0.9419723937500001 0.54016874375 0.9167329453124999 0.5710329125 0.8703217000000001 0.6688005328125 0.861680928125 0.6762715859374999 0.8348284046875 0.677638890625 0.777510009375 0.759596459375 0.7553193078125 0.7614537390625 0.748202909375 0.7544213484375 0.7565372125 0.7050219046875 0.69969471875 0.692763090625 0.6890644703125 0.7042146609375 0.7093248296875 0.7356714359375001 0.682501875 0.751705509375 0.6732669328124999 0.794725865625 0.664190625 0.8063407609375 0.5206339328125 0.8268640968750001 0.5071431390625001 0.8505838640625001 0.497908196875 0.89360421875 0.492894171875 1 0.9502020218749999 1
15 0.979451859375 0.7216430500000001 0.9906504937499999 0.6002737515625001 0.990372875 0.6002445734374999 0.9347161296875001 0.6839478953125 0.9296483406249999 0.7022685281250001 0.977627015625 0.7214512515625 0.979451859375 0.7216430500000001
15 0.8374439625000001 0.667701603125 0.8621341578124999 0.676319221875 0.8633355 0.6764454890625 0.9481018000000001 0.511747496875 0.8763732046875001 0.4916396640625 0.868404503125 0.6123010375 0.8374439625000001 0.667701603125
15 0.6128730515624999 0.56213885 0.6133381546875001 0.5726617796875 0.6779503499999999 0.585737221875 0.7176699328125 0.58153268125 0.73850569375 0.45803407187499995 0.702517728125 0.44168273124999996 0.6445164625 0.5151892921875 0.6128730515624999 0.56213885
19 0.6759965484375 0.469793675 0.5303616796874999 0.45029721718750004 0.5181774906250001 0.46158546093749997 0.512485965625 0.5007886265625 0.512910703125 0.6013840953125 0.59300818125 0.65117515625 0.5941661671875 0.6512968640625 0.6090076765625 0.598915440625 0.6342766921874999 0.5827180421875 0.614481434375 0.5617841953125 0.6759965484375 0.469793675
19 0 0.709077571875 0.032113257812500004 0.706389809375 0.1468575171875 0.7058810640625001 0.166840975 0.71007621875 0.1806382390625 0.728284840625 0.218150578125 0.7301327375 0.22989923124999997 0.7229883359375 0.25120009374999996 0.61001265625 0.23137526875 0.5744120390624999 0.260870571875 0.5628484593749999 0.2718772203125 0.5179195078125 0.270046378125 0.4904945625 0.218707209375 0.45577127500000003 0.182283709375 0.4435637734375 0.033758728125 0.4216687421875 0.0053522640625 0.42287272031249995 0 0.473796109375 0 0.709077571875
9 0.5114018203125 0.5409997484375 0.5067104312499999 0.5258430015625 0.39057086406249997 0.49478296093749996 0.384661571875 0.5360580484375 0.384868540625 0.6387254375 0.38999546406249996 0.64973834375 0.49062519375 0.693831896875 0.5645018984375 0.678553753125 0.56136445 0.6635603328124999 0.5167061453125 0.640013275 0.5090950765625 0.6077911859375 0.5114018203125 0.5409997484375
21 0.43534226406250004 0.8909560421875 0.4304331078125 0.877871215625 0.43528312968750005 0.8616225015625 0.40212614375 0.8183361921874999 0.4053926578125 0.78725738125 0.41645844218750006 0.771661971875 0.42422814375 0.7724786 0.42161493281249995 0.7973416484375 0.433610921875 0.8027920953125 0.44203392656249996 0.7973929625 0.44153925781250003 0.7722032624999999 0.44663661406250005 0.7685493984375 0.5851255156249999 0.766346696875 0.589440503125 0.8149808265624999 0.6620106015625 0.81213420625 0.6704336078125 0.8067350734375 0.6800745171875 0.74490410625 0.7122421640625001 0.7378110171875 0.6999988421875 0.719765721875 0.516892 0.6083488234375001 0.5091222984375 0.6075321953125 0.511388675 0.6308133 0.5633811468750001 0.659320825 0.565400190625 0.67000708125 0.5070628890625 0.68691848125 0.46886768125 0.6766195765624999 0.3891220484375 0.643100265625 0.38729120625 0.6156753203124999 0.361309753125 0.6087549421875 0.35369868437499996 0.576532853125 0.3117422921875 0.572123059375 0.2382715546875 0.5685905906250001 0.22764130625 0.580042159375 0.3875868765625 0.762343021875 0.35935121875 0.98640025 0.3771462421875 0.9882705828124999 0.392880403125 0.9660958578125 0.4097264140625 0.9552975921875 0.4322935171875 0.9199629296875 0.43534226406250004 0.8909560421875
2 0.38851145625 0.5741692484375001 0.38695751562499997 0.574005921875 0.387175284375 0.5719339999999999 0.351434653125 0.568177509375 0.3492569765625 0.588896715625 0.3508109171875 0.5890600421875 0.35037538281249997 0.5932038828125 0.35192932187500003 0.5933672078125001 0.3526121921875 0.6018182171875 0.3541661328125 0.6019815421875 0.353948365625 0.6040534625 0.35683847812499997 0.606452034375 0.35640294375 0.6105958765625 0.357956884375 0.6107592015625001 0.357739115625 0.612831121875 0.360846996875 0.6131577734375 0.3606292296875 0.6152296953125 0.36839893125 0.6160463234375 0.3686167 0.6139744015625 0.387263984375 0.6159343109375001 0.388570590625 0.6035027875 0.38701664999999996 0.6033394609375 0.3885410234375 0.5888360171875 0.3869870828125 0.5886726921875 0.38851145625 0.5741692484375001
16 0.905530125 0.4085551640625 0.85779350625 0.399348225 0.8756987875 0.363523584375 0.8730264421875 0.35905309218750003 0.8431547390624999 0.40409405468750004 0.8578526390625001 0.42868176562500004 0.8591592453124999 0.416250240625 0.8675822500000001 0.4108511078125 0.901768940625 0.41444427343749995 0.8970076203125 0.47469329687500006 0.8754702218749999 0.47033481562499996 0.893681971875 0.4764385671875 0.8970371874999999 0.4893600671875 0.913982696875 0.4178228 0.93284775 0.4177107890625 0.916189940625 0.4117703640625 0.920980828125 0.3661881109375 0.946497178125 0.3625855609375 0.928798865625 0.5010775890625 0.9755381765625 0.2357597390625 0.838296746875 0.1961973765625 0.81122645625 0.19963660156250002 0.7996256374999999 0.280114853125 0.8269136953125 0.274603709375 0.9015324046875 0.2971101125 0.8814198796875001 0.33898718906249997 0.8503410703125001 0.335720675 0.8461443515625 0.34575362656249997 0.913864428125 0.3591557203125 0.905530125 0.4085551640625