14 0.403125 0.8184895828125001 0.4546875 0.8205729171874999 0.4640625 0.795572915625 0.4625 0.783072915625 0.4359375 0.7705729156250001 0.4234375 0.7559895828125 0.428125 0.6997395828124999 0.4046875 0.683072915625 0.4078125 0.670572915625 0.440625 0.64765625 0.44375 0.49557291562500005 0.4578125 0.47057291562500003 0.45625 0.34140625 0.434375 0.24348958281250002 0.434375 0.22890625 0.446875 0.22057291562499998 0.4515625 0.201822915625 0.4484375 0.1559895828125 0.43125 0.126822915625 0.409375 0.1247395828125 0.3890625 0.14765625 0.3953125 0.19765625 0.36875 0.289322915625 0.365625 0.47265625 0.3765625 0.6768229156250001 0.3734375 0.7747395828125 0.36260793593749996 0.853125 0.3627467109375 0.853125 0.375 0.8143229171874999 0.390625 0.81640625 0.3953125 0.8268229171874999 0.403125 0.8184895828125001
9 0.790625 0.5354166671875 0.7609375 0.53125 0.7296875 0.5333333328125 0.728125 0.54375 0.7734375 0.55625 0.790625 0.5354166671875
5 0.796875 0.5229166671875001 0.8015625 0.5166666671875 0.809375 0.46875 0.784375 0.46458333281249997 0.7625 0.4875 0.75625 0.5208333328125 0.796875 0.5229166671875001
21 0.625 0.798177084375 0.6203125 0.7002604171875 0.6265625 0.67109375 0.6390625 0.654427084375 0.6421875 0.629427084375 0.6578125 0.6002604171875 0.6703125 0.61484375 0.715625 0.6127604171875001 0.7296875 0.623177084375 0.734375 0.64609375 0.7515625 0.64609375 0.753125 0.591927084375 0.7625 0.566927084375 0.7484375 0.55859375 0.7203125 0.560677084375 0.7 0.529427084375 0.6859375 0.523177084375 0.6390625 0.523177084375 0.5953125 0.5065104171875 0.5828125 0.51484375 0.503125 0.516927084375 0.4953125 0.53359375 0.534375 0.57109375 0.56875 0.58359375 0.58125 0.59609375 0.596875 0.65234375 0.590625 0.716927084375 0.5703125 0.779427084375 0.5703125 0.8002604171875 0.5796875 0.8044270828125001 0.590625 0.766927084375 0.6046875 0.75234375 0.6125 0.7565104171875 0.63125 0.9002604171874999 0.646037946875 0.9140625 0.646875 0.9140625 0.646875 0.8877604171875 0.6359375 0.86484375 0.634375 0.8190104171874999 0.625 0.798177084375
5 0.65625 0.5940104171875 0.640625 0.629427084375 0.640625 0.63984375 0.6515625 0.64609375 0.6912109375 0.6515625 0.6978515625 0.6515625 0.728125 0.62734375 0.7203125 0.6190104171875 0.6703125 0.6127604171875001 0.65625 0.5940104171875
2 0.609375 0.51484375 0.603125 0.535677084375 0.6828125 0.5377604171875 0.6875 0.55234375 0.7036132796875 0.55625 0.704638671875 0.55625 0.7 0.5315104171875 0.690625 0.523177084375 0.6484375 0.52734375 0.609375 0.51484375
5 0.5890625 0.5166666671875 0.6890625 0.5166666671875 0.6875 0.49583333281249997 0.671875 0.47083333281249995 0.6453125 0.4583333328125 0.625 0.4583333328125 0.5984375 0.4791666671875 0.5890625 0.5166666671875
5 0.3796875 0.6645833328124999 0.403125 0.6895833328125 0.41744791875000004 0.6953125 0.4339843640625 0.6953125 0.540625 0.6916666671875 0.5171875 0.6583333328125 0.4953125 0.6458333328125 0.4140625 0.65 0.4171875 0.6333333328124999 0.403125 0.6041666671875 0.409375 0.5416666671875 0.4046875 0.5395833328124999 0.403125 0.5083333328124999 0.4046875 0.48125 0.4140625 0.4770833328125 0.4078125 0.46666666718750005 0.4203125 0.4583333328125 0.394580078125 0.4421875 0.39305555625 0.4421875 0.36875 0.4604166671875 0.3640625 0.47291666718750003 0.365625 0.58125 0.3796875 0.6645833328124999
5 0.7765625 0.675 0.6984375 0.6791666671875001 0.6984375 0.6958333328124999 0.7660416671875 0.7265625 0.7777343671875 0.7265625 0.8515625 0.7229166671875 0.884375 0.65625 0.890625 0.54375 0.878125 0.5229166671875001 0.848046871875 0.5171875 0.8432942734375001 0.5171875 0.796875 0.5291666671875 0.7625 0.56875 0.7546875 0.6145833328125 0.7765625 0.675
21 0.5 0.5328125 0.496875 0.5119791671875 0.48125 0.503645834375 0.4515625 0.5057291671875 0.440625 0.516145834375 0.4390625 0.6119791671875 0.445 0.621875 0.4596628296875 0.621875 0.48125 0.5828125 0.528125 0.5744791671875 0.525 0.559895834375 0.5 0.5328125
11 1 0.2645833328125 0.99375 0.2645833328125 0.9421875 0.2770833328125 0.9234375 0.425 0.928125 0.4479166671875 1 0.45416666718750004 1 0.2645833328125
9 0.81875 0.4309895828125 0.80625 0.46848958281249997 0.7985385234375 0.528125 0.8021874999999999 0.528125 0.8484375 0.5184895828125 0.884375 0.5247395828125 0.9015625 0.43515625 0.81875 0.4309895828125
19 0.5279651984375 0.575 0.5140625 0.55234375 0.4734375 0.55234375 0.47034801093749995 0.575 0.5279651984375 0.575
15 0.53125 0.4791666671875 0.5515625 0.4875 0.5625 0.4375 0.5609375 0.4166666671875 0.525 0.4 0.528125 0.4291666671875 0.540625 0.4270833328125 0.53125 0.4791666671875
19 0.540625 0.4291666671875 0.5390625 0.45 0.528125 0.47291666718750003 0.5359375 0.48541666718750004 0.5484375 0.4875 0.5609375 0.41875 0.525 0.4 0.5265625 0.43125 0.540625 0.4291666671875
19 0.4921875 0.41223958281249995 0.4546875 0.41015625 0.45625 0.476822915625 0.44375 0.4809895828125 0.4421875 0.50390625 0.4597656296875 0.5046875 0.48896484375 0.5046875 0.4859375 0.46432291562500005 0.496875 0.4497395828125 0.4859375 0.42473958281249996 0.4921875 0.41223958281249995
19 0.35 0.4479166671875 0.3453125 0.40625 0.2796875 0.40208333281249997 0.3 0.42291666718750004 0.30625 0.4895833328125 0.2921875 0.49375 0.2796875 0.48541666718750004 0.275 0.4479166671875 0.2671875 0.43958333281249995 0.2609375 0.4125 0.2609375 0.5729166671875 0.36875 0.5729166671875 0.3671875 0.48541666718750004 0.34375 0.48333333281249996 0.35 0.4479166671875
15 0.34375 0.4828125 0.35898436718750004 0.484375 0.3641047296875 0.484375 0.3703125 0.4078125 0.3453125 0.39739583437500003 0.3515625 0.441145834375 0.34375 0.4828125
15 0.2640625 0.4309895828125 0.2765625 0.45182291562500004 0.28125 0.48723958281249996 0.30029296875 0.490625 0.3048177078125 0.490625 0.3078125 0.47265625 0.3 0.42057291562500004 0.2640625 0.3934895828125 0.2640625 0.4309895828125