6 0.8977179578125 1 0.9411989437500001 0.811663159375 0.6794561109374999 0.7298537265625 0.6685633078125 0.7423058609375001 0.6536856906249999 0.78591003125 0.6471220078125001 0.842124290625 0.6614040203125 0.9052892937499999 0.702971071875 0.9961348781250001 0.70538626875 1 0.8977179578125 1
6 0.7522585875 0.5603766171875 0.8946649125 0.6103587765625 0.9787493671874999 0.6490144046874999 0.9833193390625 0.6222737296874999 0.86070490625 0.5768608890625 0.8446621984375 0.55605206875 0.6044667265625 0.492046040625 0.5551630671875001 0.47638712656250004 0.55141649375 0.4648314953125 0.4086580296875 0.423320571875 0.381253871875 0.4169938234375 0.3530289265625 0.42116825 0.17829894375 0.3722761203125 0.1701015203125 0.366107328125 0.20640737968749998 0.3616603953125 0.031092240625 0.3083569046875 0.0254684640625 0.33271615625 0.0450247265625 0.352198009375 0.7522585875 0.5603766171875
13 0.2609565625 0.639382628125 0.247717909375 0.6897795828125 0.273540709375 0.6994829796875 0.27736194375 0.70036518125 0.3438915953125 0.446854465625 0.16243368281249998 0.394805471875 0.1527661140625 0.3925735375 0.12335845000000001 0.519952125 0.3058172078125 0.5770429828125 0.300309940625 0.6078435328125 0.2609565625 0.639382628125
20 0.1665879671875 0.36743429375000003 0.3560738328125 0.42187122187500004 0.383244971875 0.41531537187499995 0.2094522859375 0.3623633671875 0.1665879671875 0.36743429375000003
4 0 0.48332483281250005 0.1079585015625 0.5137241 0.123944259375 0.517414703125 0.1542306390625 0.386229984375 0.033255167187500004 0.34760992812499997 0 0.4723870296875 0 0.48332483281250005
4 0.346409925 0.44289233437500003 0.2805687953125 0.686405871875 0.27424335312500003 0.6999124625 0.247893 0.6959671390625 0.2302034953125 0.751750934375 0.23160682656249998 0.77345625625 0.2813791359375 0.7870852312500001 0.2873524390625 0.7820498765624999 0.332922584375 0.6471774921875 0.349788690625 0.6296900046875 0.37672420156249997 0.6380466890625 0.389255965625 0.6323873421874999 0.41443861562500006 0.5997148109375 0.43318192499999997 0.5463124390625 0.44559718125 0.534211790625 0.48424366875 0.547410303125 0.3906436296875 0.8208634609375001 0.633229259375 0.8947756359374999 0.6517207171875 0.8990447250000001 0.6575415921875 0.880343578125 0.64888074375 0.8206144578125001 0.6620028890625 0.763776203125 0.6791046234375 0.73137618125 0.9408474578125 0.8131856109375001 0.979276596875 0.6467307250000001 0.7716404125 0.5667221312499999 0.346409925 0.44289233437500003
4 0.42781287656250006 0 0.4255613484375 0.009752434375 0.44488198125 0.044146823437499996 0.64303391875 0.10272260468750001 0.5630168375 0.400692971875 0.5502442203125 0.4768551234375 0.7136340999999999 0.5204565156250001 0.7286323671875 0.5239191375 0.8488033453125 0.1074655484375 0.4540641671875 0 0.42781287656250006 0
4 0.1022820421875 0 0.077078328125 0.109169275 0.2161112484375 0.14901828749999999 0.23068037968750002 0.15238183593750002 0.26811785781249997 0 0.1022820421875 0
4 0.708846775 1 0.6924330203125 0.972320640625 0.65496468125 0.8845594515625 0.6211098234375 1 0.708846775 1
10 1 0.46510714374999995 0.8899967125 0.43609221875 0.8520388343749999 0.572722034375 0.9843731437500001 0.624655153125 1 0.5569678015624999 1 0.46510714374999995
21 0 0.8977179578125 0.03736023125 0.9063432468749999 0.1834149 0.76687380625 0.1875136125 0.7699582015625 0.1469768625 0.931650240625 0.186560646875 0.940788878125 0.2548641390625 0.6657718171875 0.2649361546875 0.6638208578125 0.2744256234375 0.629663403125 0.302301040625 0.6061650828125 0.308393465625 0.5797758921875 0 0.48150818749999996 0 0.8977179578125
5 0.485648959375 0.5482692734375 0.4424351125 0.534016303125 0.431542309375 0.5464684375 0.41724985 0.59448396875 0.3851566015625 0.6362517296875 0.3516626296875 0.6285190375 0.3317516171875 0.6453035546875 0.22617161718749998 0.949933790625 0.33426809375 0.974889828125 0.484243015625 0.5543590875 0.485648959375 0.5482692734375