4 0 0.1856119421875 0.3807903890625 0.20184801718749998 0.3895695015625 0.20664643906250002 0.40386180312500003 0.26970595625 0.4384381046875 0.2678401640625 0.45291880312500005 0.277979659375 0.47351058281249997 0.277786415625 0.575094815625 0.259874375 0.5491623265625 0.07696325781249999 0.4993817921875 0.0645861859375 0.485808015625 0.04159394375 0.3716745546875 0.0151783671875 0 0.08071461875 0 0.1856119421875
4 0 0.543744334375 0.044586803125000005 0.79660865625 0.118701571875 0.8226764578125 0.1261357390625 0.8213656140625 0.305361134375 0.75485805 0.312876565625 0.734493628125 0.325910196875 0.7364263906249999 0.3337823859375 0.7540775609375 0.347269478125 0.74958395 0.4615046515625 0.6955936546875 0.46286503437500004 0.6763145328125 0.4710123046875 0.6685315328125 0.6207307 0.5998226984375 0.60644340625 0.500799271875 0.6011035859375 0.49750988124999995 0.493120165625 0.5059729125 0.39834875468750003 0.5353765015625 0.3714662640625 0.5358856656250001 0.36132676875 0.5503663640625 0.352094196875 0.5519943171875 0.3491083671875 0.5440589109375 0.2836651296875 0.5598292625 0.27127335625 0.49855010312500003 0.2659335359375 0.4952607140625 0.17876925 0.4958218234375 0.0987536203125 0.5099307390625001 0 0.5314872875 0 0.543744334375
11 0.189751521875 0.2791649359375 0.2228507015625 0.48487586875 0.232261653125 0.5022557125 0.2645756578125 0.49655788125000005 0.2721777734375 0.5036793109375 0.28068180468750004 0.533911903125 0.34904331875 0.523444528125 0.3757793515625 0.51873024375 0.43501147656250005 0.5003530015625001 0.45700760625000003 0.4901280734375 0.468324096875 0.4733243671875 0.46480813750000005 0.37240166406249997 0.44816685468750006 0.27802425468749997 0.4424652671875 0.2726831828125 0.3081445109375 0.2667509453125 0.1932825078125 0.2721959125 0.189751521875 0.2791649359375
3 0.5251037078125 0.2734489671875 0.5572959656250001 0.492012646875 0.562905859375 0.5058317765625 0.6032754406249999 0.5008290015625 0.6183779625 0.5954777375 0.6237177828125 0.5987671265625 0.754517571875 0.53974056875 0.7337284890625 0.331859034375 0.750746565625 0.3203964 0.7490344328125 0.2656960203125 0.7677696515625 0.2729698578125 0.7722892359375 0.31659784687500003 0.757355075 0.3128847265625 0.7796162703125 0.349153446875 0.7568049109375 0.363753065625 0.768106375 0.45484108437500004 0.80739065625 0.4436832625 0.7696902156250001 0.130894578125 0.7685182296875 0.0972536765625 0.77612535625 0.0684111984375 0.7727777578125 0.058424109375 0.7203731609374999 0.0401633171875 0.5706697921874999 0.0009804234375 0.54876535625 0.0027272953125 0.485584415625 0.0223296875 0.496259046875 0.0648723765625 0.494445203125 0.0905778703125 0.5338161703125001 0.10690590156249999 0.5505441390625 0.22876916406249997 0.486369590625 0.2337384515625 0.4858244359375 0.24864288124999998 0.493696625 0.26629405156249997 0.5251037078125 0.2734489671875
19 0.9500383156250001 0.4518493171875 0.975835503125 0.44518510468750006 0.9988252421875 0.44959328125000003 0.99149820625 0.4170376828125 0.8585328249999999 0.427790234375 0.7687394671875001 0.4584315296875 0.7858441953125 0.573353075 0.787595509375 0.5730442703125 0.899794303125 0.5178264390625 0.9543745109374999 0.5124334203124999 0.959806025 0.507244753125 0.9500383156250001 0.4518493171875
19 0.6537092437500001 0.696872521875 0.6383216218750001 0.699585775 0.5871756968749999 0.7424517359375 0.6277852984375001 0.9637621546874999 0.6629138343750001 0.977400596875 0.8051242375 0.9523250671874999 0.7689380234375001 0.6575153296875 0.7163500375 0.6562106515624999 0.6584172234375 0.6875804890625 0.6537092437500001 0.696872521875
19 1 0.6027465484375 0.817733715625 0.5923224546875 0.7875903125 0.6103303828125 0.83149899375 0.9492610890625001 1 0.919549815625 1 0.6027465484375
21 0.7831624234375 0.5582243375 0.7887673078125 0.608007375 0.833483103125 0.5916608859375 0.9857932437500001 0.5983876171875 0.9869167187500001 0.59818951875 0.9603034546875 0.510065815625 0.937583790625 0.5161873796875 0.8811947468750001 0.5113219828125 0.7831624234375 0.5582243375
9 0.980927959375 0.581792853125 0.979258515625 0.563576840625 0.9626072140625 0.5411272484375 0.8761664640625 0.5457917250000001 0.8695629625000001 0.5173394906250001 0.8353038406250001 0.4392902828125 0.8352375875 0.4393019640625 0.8780619843749999 0.5835359921875 0.9217791625 0.58852030625 0.9735761015625 0.583089184375 0.980927959375 0.581792853125
2 0.9665513734375001 0.5462493359375 0.9711676546874999 0.5454353609375 0.960348675 0.5103222749999999 0.9141858109375001 0.5184620343749999 0.9123719671874999 0.5441675296875 0.9665513734375001 0.5462493359375
15 1 0.456255671875 0.9985539156250001 0.4480545203125 0.9570990328125 0.44690224375 0.9492218343750001 0.46521498437500003 0.9542865734375001 0.49393854375 0.9824227249999999 0.5905200421875 0.9941876671875001 0.6032538703125 1 0.6030097171875 1 0.456255671875
21 0.716267109375 0.6017518671875 0.760580215625 0.60636666875 0.7615053078125 0.60620355 0.7595358359375 0.5771986453125 0.7522954875 0.5721288984374999 0.72179031875 0.58808514375 0.716267109375 0.6017518671875