14 0.5908321703125 0.2346123296875 0.575831425 0.2285725125 0.5492405109375 0.24000041093750002 0.5410059421875 0.2557811625 0.5328263453125001 0.2967564109375 0.5344871453125 0.3473358234375 0.48880568750000003 0.3732115265625 0.47411380937500003 0.3902984 0.4534933859375 0.53259606875 0.40941775468749997 0.5838566890625 0.4018009203125 0.6458908234375 0.466737840625 0.6811507984375 0.5627142968750001 0.710776546875 0.5690038625 0.7115488078125 0.5838135249999999 0.6892289484375 0.623888334375 0.5808046609375 0.6411531578125 0.4401939578125 0.6328086421875 0.40558571718750003 0.5890209078125 0.3519327484375 0.6045909296875001 0.2635884171875 0.5908321703125 0.2346123296875
19 0.9423626328125 1 0.9632985328125001 0.829490778125 0.9374693000000001 0.8347152624999999 0.9165190375 0.8258459578125 0.9143504484375 0.7794021546875001 0.9338938062500001 0.73562424375 0.874625025 0.6926643125 0.8859338140625 0.6646671546875 0.9483108187499999 0.5925648921875 0.949580290625 0.5822258703125 0.8632128046875 0.554829446875 0.8482670328124999 0.5739841234374999 0.838509096875 0.602171703125 0.8229390750000001 0.6905160328125 0.8066688578125 0.6948152390625 0.6525441265625 0.642307440625 0.652516640625 0.6297101921875 0.6828609984375 0.5620707312500001 0.688981953125 0.525040671875 0.6460383609375 0.50297603125 0.634166809375 0.509914303125 0.6214171125 0.5881100328125 0.5718107765625 0.7100568468749999 0.582213934375 0.7407198984375001 0.54197420625 0.7735606984375 0.5326075984374999 0.8626667125 0.5388384984375 0.87602564375 0.564722703125 0.8959956546875001 0.5410345734375 0.9350666953125 0.531645634375 1 0.9423626328125 1
15 0.87434364375 0.6821348703125001 0.8756680890625 0.6969903421875 0.9325968484375 0.73336601875 0.9179324578125 0.763050140625 0.9108234124999999 0.820948665625 0.9211254656250001 0.831921375 0.9258361828125 0.832499778125 0.9632985328125001 0.829490778125 0.997039009375 0.541875534375 0.9271616328125001 0.6109578859375 0.87434364375 0.6821348703125001
15 0.266661034375 0.5156905046875 0.3837993796875 0.5376820828125 0.396256234375 0.5392115921875 0.451980784375 0.41670413906250003 0.34079964375 0.38626098125 0.32661555625 0.3992122453125 0.266661034375 0.5156905046875
15 0.7123844515625 0.48829591250000004 0.70076679375 0.49316638125 0.6922783296875 0.5110149374999999 0.6825753671875 0.5643970125 0.6494106828125 0.642185075 0.8221456546875 0.6969779234375 0.8402821078124999 0.6005527953125 0.8690756140625 0.5327229140624999 0.8545826578125 0.5225474890624999 0.7123844515625 0.48829591250000004
19 0.3184444609375 0.41447604531250004 0.3083501703125 0.40693968593749996 0.139334640625 0.3987810609375 0.112962653125 0.57526805 0.20289186250000002 0.5863099671875001 0.21244464062500001 0.5085088234375 0.2672322984375 0.51103794375 0.3133115984375 0.430637640625 0.3184444609375 0.41447604531250004
21 0.5033244890625 1 0.5411215625 0.7676838171875 0.5837013140625 0.7414272703125 0.583673828125 0.7288300234375 0.39540283593750003 0.6595357171875 0.3983056203125 0.687178859375 0.38984464375 0.7176246640625 0.380567009375 0.7290793875 0.20374224062500002 0.6947741625 0.19674965625000002 0.6876186453125 0.201827546875 0.6462625546874999 0.11475335 0.6502640390625001 0.101022078125 0.6338852 0.057824590625000005 0.6138883640625 0.0577971046875 0.6012911171875001 0.07198119375 0.5883398515625 0.0580235125 0.5866260624999999 0 0.59598693125 0 0.7070481046875 0.1284506203125 0.769488665625 0.1133609015625 0.8411001390624999 0.1185487359375 0.8501330406250001 0.1397254078125 0.8443372921875 0.14319747031250002 0.7775962875 0.246144040625 0.823820196875 0.277415003125 0.8255608109375 0.3609621625 0.8631058359375 0.5093702984374999 0.7826760609375001 0.520226271875 0.78400900625 0.48434947343749996 1 0.5033244890625 1
9 0.21703372812500002 0.5095970375000001 0.20829136875 0.5295133984375 0.1990896796875 0.6942029 0.36122917499999996 0.7301158390625 0.3706942265625 0.7312780015625 0.3890829609375 0.723828078125 0.408097559375 0.55614549375 0.4034175125 0.542976984375 0.21703372812500002 0.5095970375000001
9 0.18680781562499998 0.6019140421875 0.1663928265625 0.6015063765625001 0.1443720125 0.5757137921875 0.1350668921875 0.5745712671875001 0.06739210625 0.5872516359375 0.05656362031249999 0.5985159375 0.05504025312500001 0.610922765625 0.08402616406249999 0.63127361875 0.0982377390625 0.6309196015625 0.1168551828125 0.6513092281249999 0.12112002968749999 0.6518328859375 0.2005940609375 0.643487378125 0.19512484375 0.6239250328125 0.1997499171875 0.6118990484375 0.18680781562499998 0.6019140421875
16 0.3706637015625 0.3353543765625 0.40997031093749997 0.34857653593750004 0.42234965156250004 0.3375026546875 0.43630733125 0.3392164421875 0.469279609375 0.173247646875 0.4617517515625 0.1576304890625 0.42475767812500004 0.1383953375 0.36785640625 0.1146169078125 0.33994104531249997 0.11118933281250001 0.33142509531250003 0.11644064218750001 0.29447296562499997 0.35328605468749996 0.3030438875 0.373229240625 0.3200757890625 0.362726621875 0.3237389 0.396497684375 0.3286050859375 0.39709517656250004 0.3565071 0.3609028890625 0.3707461609375 0.3731461203125 0.37664070625 0.3507811125 0.3706637015625 0.3353543765625
7 0.6797471015625 0.21561926250000002 0.651577846875 0.21425949375000003 0.6373937578125 0.2272107578125 0.6152499671875 0.3819152515625 0.6528342874999999 0.4348065390625 0.6508031328125 0.45134897343749997 0.6784645984375001 0.45684435468749995 0.692140896875 0.4480286984375 0.7270618718749999 0.2277257234375 0.6797471015625 0.21561926250000002
4 1 0.1931728390625 0.897772203125 0.1836179734375 0.8892287671875 0.176272034375 0.8008301250000001 0.165418046875 0.6537804359375 0.157857509375 0.643569684375 0.21537519375 0.72551101875 0.2275353015625 0.7107026796875 0.3096762203125 0.716144409375 0.3166413171875 0.79808574375 0.328801425 0.809367046875 0.28820701875 0.8097308875 0.33652820625 1 0.3598903140625 1 0.1931728390625
10 0.7736579359375 0.4391469234375 0.775088271875 0.439322546875 0.796503153125 0.32886948125000004 0.7117140078124999 0.314260725 0.697722325 0.41539272499999996 0.7736579359375 0.4391469234375
18 0.9038546249999999 0.454608321875 0.929193240625 0.46139272499999995 0.93273113125 0.46182712343750004 0.9249488375 0.4110208328125 0.9187454234375 0.41025915 0.918265121875 0.4269920046875 0.9038546249999999 0.454608321875