7 0.1242762671875 0.519669559375 0.13201274062499999 0.51858226875 0.15331852031249998 0.5123007390625001 0.15320002500000002 0.4833900390625 0.17640943281250002 0.48012816875000003 0.1963534984375 0.49573352968749995 0.2272993765625 0.4913843703125 0.230794828125 0.48187304218750004 0.1809316484375 0.1270780828125 0.07719433906249999 0.1390544359375 0.06589108125000001 0.14984716250000002 0.1138503296875 0.5191625109375 0.1242762671875 0.519669559375
4 0.4725212703125 0 0.05340554374999999 0.0589028734375 0.0608946046875 0.1262240984375 0.06736083281250001 0.1371492453125 0.18528100625 0.12715104375 0.20340250312500002 0.2560922 0.209143871875 0.2618597 0.32978400625000004 0.2501643546875 0.3499888640625 0.386964965625 0.384852025 0.38206526875 0.3754135046875 0.287142575 0.3660478375 0.2555868421875 0.650241115625 0.228794878125 0.6561044515625001 0.22139644218750001 0.6348395796874999 0.098156578125 0.6415497421875 0.08274985 0.939403809375 0.040889190625 0.9340427890624999 0 0.4725212703125 0
10 0.3387302953125 0.3832877359375 0.34555895312499996 0.39679170625000004 0.332106834375 0.2709022734375 0.32923706406250003 0.25048279375 0.204914125 0.2640411828125 0.21040367343750002 0.30310135625 0.22389251406250002 0.3941676140625 0.3387302953125 0.3832877359375
13 0.25872040625000003 0.4419995484375 0.3422498796875 0.4328900046875 0.349477678125 0.416956296875 0.3448187015625 0.383805959375 0.22246004687499998 0.394500421875 0.23242513437499998 0.4864563765625 0.271832340625 0.486177571875 0.25872040625000003 0.4419995484375
5 0.35383770000000003 0.48937912343749995 0.181823225 0.5004053859375001 0.1815827625 0.48466062499999996 0.154142690625 0.485887315625 0.202528825 0.80912188125 0.219874896875 0.813258446875 0.239639484375 0.8065360765625 0.2230862015625 0.7168209125 0.22417696406249998 0.6824807453124999 0.2144488671875 0.6483461890625 0.3759459265625 0.6466873328125 0.387906115625 0.7317884953125 0.2920470765625 0.7373713265624999 0.244899928125 0.78081405625 0.24387014843750002 0.8085712546874999 0.31875534375000003 0.8151402624999999 0.339122821875 0.8267414765625001 0.34921335 0.86345485625 0.4063900421875 0.8633084734375001 0.413520146875 0.8859742359375 0.437091984375 0.8852911890625 0.4400558796875 0.8572621671875 0.45885514531249993 0.8296373906250001 0.4649554703125 0.8800603515625 0.468762721875 0.8860996765625 0.4706182484375 0.8859703874999999 0.4872171265625 0.8836375671875001 0.4764853890625 0.75931183125 0.47365038125 0.7391397046875 0.42036269531250003 0.731171659375 0.3841197 0.47328935000000005 0.3593995890625 0.4728188953125 0.35383770000000003 0.48937912343749995
15 1 0.6433781203125 0.9239195375 0.6197715781250001 0.90494079375 0.6250686265625001 0.8721183109374999 0.6651832765625 0.8359660281249999 0.7728247609375 0.759674734375 0.9597406765625 0.7612481671875 0.9650420390625 1 0.9314876578125 1 0.6433781203125
5 0.8161370968749999 0.810587334375 0.816841975 0.8104882703125 0.8222923484375 0.7976253765625 0.819152446875 0.76125003125 0.8373453468750001 0.75737830625 0.8428462515625 0.7474010468750001 0.8733074515625001 0.6638208078125001 0.8724936328125 0.658030178125 0.8699918234374999 0.6528592890625 0.7984904671875 0.6563337515625001 0.8059760546874999 0.7657316109375001 0.8161370968749999 0.810587334375
5 0.9498972828125 0.3948263984375 0.9344243453125 0.397000978125 0.9285436453125 0.6147825984375 0.940812225 0.6248922796875 0.9909163234375 0.6375738015625 0.9980217484375 0.4509606 0.9913478109374999 0.40347306562499996 0.96174245 0.408940225 0.9498972828125 0.3948263984375
21 0.21674244062499998 0.6134425140624999 0.3682379296875 0.6065775609374999 0.36778399687499996 0.6033476546875 0.3622856375 0.5824687140625 0.20532068906249998 0.5953245421875 0.20749526875000002 0.61079748125 0.21674244062499998 0.6134425140624999
21 0.198621659375 0.54906185 0.20823126093750002 0.5542857046874999 0.35956077343750004 0.5448363781250001 0.3566479046875 0.5241102453125001 0.34954379375 0.5212767281249999 0.23978350312500002 0.52618349375 0.1948753921875 0.5364395562500001 0.198621659375 0.54906185
21 0.055785074999999996 0.8133093734375001 0.062053007812500005 0.810193178125 0.063021803125 0.7890189484375 0.0392199203125 0.6477273218749999 0.1726526171875 0.64074803125 0.166572128125 0.597483096875 0.1540071375 0.5172005015625001 0.003971515625 0.563222209375 0.0391405125 0.8134626265625 0.0523036625 0.8137986546875 0.055785074999999996 0.8133093734375001
21 0.8009674921875 0.52239385625 0.7679114921875 0.462610471875 0.6268428953125 0.4692875734375 0.620979559375 0.476686009375 0.621460484375 0.50817553125 0.60556413125 0.5143542578125 0.588218059375 0.510217690625 0.5842313296875 0.4818506359375 0.5700286328125 0.47201277812500003 0.387557728125 0.485823475 0.409364509375 0.6339698921875 0.753271490625 0.6250833078125 0.7590128578125 0.6308508078124999 0.7629995875 0.6592178640624999 0.777008915625 0.8150345375000001 0.7962455140625 0.8559850156250001 0.797116678125 0.85586258125 0.8109762 0.8181500249999999 0.787547165625 0.5532073140625 0.8061634796874999 0.5453314421875 0.8009674921875 0.52239385625
5 0.2574828390625 0.766028334375 0.2580227796875 0.7659524515625 0.26965853906250004 0.754192578125 0.262409940625 0.7026161171874999 0.26487270625 0.6682146140625 0.2644810609375 0.6654279078124999 0.21678044062500001 0.6656378953125001 0.22396805625 0.7237973265625001 0.24717746406250002 0.7205354578125001 0.2574828390625 0.766028334375
5 0.045880428125 0.648106128125 0.0659935546875 0.8122691296875001 0.074092453125 0.8137606625 0.071135503125 0.757636409375 0.126378078125 0.75776185 0.1312691453125 0.8136142796874999 0.144384553125 0.81571566875 0.15218200625 0.8080454109374999 0.149164071875 0.7585041265625 0.159620503125 0.7557196921875 0.1789006921875 0.759584434375 0.18614929062500002 0.8111608984374999 0.20139083281249998 0.81154998125 0.1811010984375 0.66718101875 0.137627296875 0.66939881875 0.0684799984375 0.7106739484375 0.0562148921875 0.65848763125 0.045880428125 0.648106128125
5 0 0.5064535734375 0.008499662500000001 0.554743678125 0.027840835937500003 0.552025453125 0.1107820984375 0.526100159375 0.10111458437500001 0.4573122265625 0.095602871875 0.451775425 0.0801299328125 0.4539500046875 0.07771141718749999 0.4648089421875 0.048699657812500005 0.4688862796875 0.04604068125 0.46400045624999997 0.0603653453125 0.46067237499999997 0.0337111171875 0.46047374375 0 0.46965618437499995 0 0.5064535734375
6 0.5443724546875 0.3890994375 0.5181416390625 0.384896659375 0.4033038578125 0.3957765390625 0.38638119843749996 0.3876358265625 0.34920955625 0.3968045984375 0.3513841359375 0.41227753749999996 0.362081028125 0.4252378640625 0.43859889374999994 0.42237325625000005 0.45878689531249994 0.411646740625 0.464768725 0.433159003125 0.4740158984375 0.43580403749999996 0.9135414546874999 0.40558986093750005 0.9434000421875 0.39350423125 0.9603711421875 0.40058623281249994 0.98454759375 0.3971884546875 0.9887751703125 0.3963948078125 0.9816997421875 0.3460505171875 0.7832342078125001 0.3765676828125 0.7485420625 0.36829454687499996 0.5649228843749999 0.38095174374999996 0.5443724546875 0.3890994375
18 0.5463626734375 0.3681761203125 0.54056379375 0.3269149515625 0.534822425 0.32114745 0.533552184375 0.33315988750000003 0.5377828484375 0.335195065625 0.5421320078125 0.36614094218750004 0.533972125 0.371232378125 0.5299819234375 0.3849419609375 0.45926640937499996 0.38699110000000003 0.44953483906249997 0.3949331828125 0.45297965937500007 0.3983936828125 0.51366215625 0.3951248328125 0.612501303125 0.384784071875 0.6240093015625 0.383166728125 0.6254116234375 0.381917740625 0.6251626906250001 0.3801464953125 0.6077090453125 0.3766478859375 0.5609278 0.3805928015625 0.5556098453125 0.37082115312499997 0.5463626734375 0.3681761203125
20 0.7599171124999999 0.3664329140625 0.7556254640625 0.3709807046875 0.7613668328125 0.37674820625 0.7868727875 0.3757933375 0.8313574859375 0.369541421875 0.86328209375 0.37005125156249996 0.872855996875 0.368705728125 0.90366041875 0.3633502015625 0.9034152640625001 0.361605828125 0.9006232796875 0.3571769890625 0.89216195 0.3531066328125 0.8218088671875 0.3577345953125 0.7599171124999999 0.3664329140625
15 0.31964496875 1 0.3244474453125 0.9784372703124999 0.3277162609375 0.9174934046875001 0.34266470781249997 0.86246863125 0.340716646875 0.8486074578125 0.33552065937500003 0.825669871875 0.2962354203125 0.8127827359375001 0.040780696875 0.8185738125 0.039876698437500004 0.8187008609375 0.046708503125 0.8673116765625 0.065893871875 1 0.31964496875 1
19 0.5304225453125 1 0.7547904812499999 0.9677904406250001 0.7804218765625001 0.9115929953125 0.7806945671875 0.9030079546875 0.7794830421875 0.8943875078125 0.397050178125 0.8852647156250001 0.3761373171875 0.8908335859375001 0.3632013890625 0.9110599265625 0.3398734859375 0.8854110984375 0.328810690625 0.911948584375 0.3267511328125 0.9674629828124999 0.3206328734375 1 0.5304225453125 1