6 1 0.69698225625 0.9322444624999999 0.6427384515625 0.10933114375 0.5904256343750001 0.0020804515625 0.6235524625 0.004262003125 0.7485334234375001 1 0.8223106890625 1 0.69698225625
4 0.6217530874999999 0.581481275 0.62095436875 0.62525188125 0.9291199390625 0.6427929890625 0.9668426171875 0.673128840625 0.9673503531250001 0.673119978125 0.9732632265625 0.6649426234375 0.975333334375 0.6044806203124999 0.9674856640625 0.6025339515625 0.6217530874999999 0.581481275
6 0.659605240625 0.511799634375 0.64231128125 0.50585055 0.641802253125 0.47668832656250004 0.6058338671875 0.4752325046875 0.6123374296875 0.489704540625 0.6153540578125 0.5729979125 0.62018628125 0.5812481671875 0.9846660015625 0.6019736109375 0.9824856343749999 0.56658960625 0.8263673265625 0.485968634375 0.793450746875 0.48029224375 0.7956311140625 0.5156762453125 0.659605240625 0.511799634375
4 0.06631717031249999 0.45391595625000003 0.058651296875 0.4623843671875 0.06257690625 0.5977531390624999 0.06733641093750001 0.6018373640625 0.12652057187500002 0.590386046875 0.6040807484374999 0.618514090625 0.6176929296875 0.6182764890625 0.6141632953125 0.5047791359375 0.5779040359375001 0.48665918750000003 0.3900326421875 0.4670183375 0.06631717031249999 0.45391595625000003
6 0.517792715625 0.444993596875 0.498972853125 0.4411547984375 0.397498540625 0.44709333906250004 0.2692476171875 0.440997365625 0.2518809390625 0.4308822484375 0.1112046390625 0.42917046093750005 0.0753816890625 0.43604670468749995 0.069350796875 0.44865387968750003 0.4964664359375 0.47662060781250004 0.576359953125 0.487727965625 0.611254115625 0.501183528125 0.6130395609375 0.5011523625 0.6263523375 0.4868553453125 0.6136360875 0.4745754046875 0.525858540625 0.4594383625 0.517792715625 0.444993596875
13 0 0.5043634515625001 0.0021122671875 0.6253751015625 0.061150990625 0.6055917203125001 0.0601681109375 0.45975332812499997 0 0.46080356718750004 0 0.5043634515625001
6 0 0.44847477968750005 0.0037403359375 0.45005956874999997 0.027773756249999997 0.4504214328125 0.07138689687500001 0.4496601625 0.08490524375 0.444475528125 0.0816716421875 0.43828101875 0 0.431499984375 0 0.44847477968750005
20 0 0.43379622187500005 0.0628926828125 0.43678561406250005 0.11117736874999999 0.4276081984375 0.10638150625000001 0.4214409578125 0.0485050921875 0.41828389374999997 0.027941171874999997 0.4040572828125 0.025034803124999998 0.41660991718749996 0 0.41704690156249996 0 0.43379622187500005
10 0.72427826875 0.367159321875 0.7146501828125 0.3527418265625 0.705967434375 0.392482746875 0.6153562375 0.394064371875 0.6180808109375 0.3710966578125 0.6776285640624999 0.3804755 0.67730133125 0.36172835625 0.65989829375 0.3495302234375 0.6533947312499999 0.3350581890625 0.518967478125 0.3332373234375 0.5180608640625 0.460355840625 0.6264112703125 0.4790406265625 0.62992636875 0.47897927031250004 0.644931321875 0.476894165625 0.6633875921875 0.459902803125 0.7227535484375001 0.45886656718749996 0.72427826875 0.367159321875
4 0.43986576875 0.098905065625 0.423588684375 0.0616834703125 0.0530780703125 0.0535652015625 0.046901740625 0.057840312500000005 0.05180668125 0.0702566 0.09907449375 0.09235169531250001 0.2507229875 0.0959556125 0.25345229062499997 0.43137573125 0.2583208734375 0.44170900468749996 0.40066851249999996 0.44964257031250005 0.433330578125 0.4407378484375 0.43986576875 0.098905065625
4 1 0.817901703125 0.0042210984375 0.74619003125 0.008651368750000001 1 0.5043634390625 1 1 0.99134863125 1 0.817901703125