19 0.6806640625 0.4244791671875 0.6533203125 0.46875 0.4619140625 0.46875 0.451171875 0.4856770828125 0.4482421875 0.5442708328125 0.3427734375 0.5442708328125 0.296875 0.5533854171875 0.29296875 0.6940104171875 0.4462890625 0.8723958328125001 0.4697265625 0.8619791671874999 0.5458984375 0.8515625 0.5634765625 0.8385416671874999 0.5869140625 0.8671875 0.7392578125 0.9947916671874999 0.998046875 0.99609375 1 0.4518229171875 0.9951171875 0.4479166671875 0.6962890625 0.4140625 0.6806640625 0.4244791671875
5 0.2724609375 0.6328125 0.279296875 0.5638020828125 0.3017578125 0.5390625 0.318359375 0.5403645828125 0.302734375 0.5013020828125 0.3212890625 0.4895833328125 0.3359375 0.4622395828125 0.3681640625 0.3020833328125 0.2626953125 0.2916666671875 0.2353515625 0.390625 0.1484375 0.3893229171875 0.142578125 0.4544270828125 0.1640625 0.4674479171875 0.138671875 0.5846354171875 0.16796875 0.51171875 0.1640625 0.5013020828125 0.1689453125 0.4869791671875 0.1796875 0.49609375 0.1689453125 0.5104166671875 0.1884765625 0.5052083328125 0.1923828125 0.4947916671875 0.2138671875 0.4973958328125 0.197265625 0.50390625 0.208984375 0.5143229171875 0.169921875 0.6497395828125 0.193359375 0.5872395828125 0.212890625 0.5638020828125 0.205078125 0.5559895828125 0.2158203125 0.53125 0.21875 0.5559895828125 0.228515625 0.5638020828125 0.2421875 0.60546875 0.2421875 0.6888020828125 0.248046875 0.60546875 0.25390625 0.5924479171875 0.267578125 0.58203125 0.2724609375 0.6328125
5 0.150390625 0.3450520828125 0.1552734375 0.3515625 0.1923828125 0.3515625 0.2119140625 0.3645833328125 0.232421875 0.36328125 0.240234375 0.3346354171875 0.2353515625 0.3098958328125 0.15234375 0.3059895828125 0.150390625 0.3450520828125
5 0.0234375 0.55078125 0.0322265625 0.5520833328125 0.04296875 0.5716145828125 0.048828125 0.61328125 0.0634765625 0.65625 0.052734375 0.5872395828125 0.029296875 0.50390625 0.05859375 0.4830729171875 0.048828125 0.4752604171875 0.044921875 0.45703125 0.033203125 0.27734375 0.0283203125 0.2708333328125 0.0009765625 0.2708333328125 0 0.5169270828125 0.0390625 0.70703125 0.025390625 0.58203125 0.03125 0.5611979171875 0.0244140625 0.5598958328125 0.0234375 0.55078125
9 0.0966796875 0.3567708328125 0.091796875 0.3528645828125 0.08984375 0.3190104171875 0.087890625 0.31640625 0.087890625 0.30078125 0.0849609375 0.2890625 0.0751953125 0.2890625 0.0732421875 0.2864583328125 0.03515625 0.2877604171875 0.03515625 0.2955729171875 0.037109375 0.2981770828125 0.0390625 0.35546875 0.0419921875 0.359375 0.0751953125 0.359375 0.0771484375 0.3619791671875 0.115234375 0.3606770828125 0.1162109375 0.3567708328125 0.1044921875 0.3567708328125 0.1025390625 0.3541666671875 0.0966796875 0.3567708328125
21 0.27734375 0.5325520828125 0.27734375 0.5455729171875 0.2802734375 0.5520833328125 0.28515625 0.55078125 0.28515625 0.5377604171875 0.2802734375 0.53125 0.2783203125 0.53125 0.27734375 0.5325520828125
21 0.279296875 0.58203125 0.28125 0.5846354171875 0.28125 0.5872395828125 0.2841796875 0.5911458328125 0.28515625 0.58984375 0.28515625 0.5638020828125 0.2822265625 0.5625 0.279296875 0.56640625 0.279296875 0.58203125
21 0.275390625 0.5013020828125 0.275390625 0.5169270828125 0.2822265625 0.5286458328125 0.28515625 0.52734375 0.28515625 0.50390625 0.2822265625 0.5 0.2763671875 0.5 0.275390625 0.5013020828125
21 0.3544921875 0.3776041671875 0.349609375 0.38671875 0.3505859375 0.3932291671875 0.3720703125 0.3932291671875 0.373046875 0.3919270828125 0.376953125 0.3841145828125 0.376953125 0.3815104171875 0.3740234375 0.3776041671875 0.3544921875 0.3776041671875
21 0.333984375 0.4830729171875 0.33203125 0.48046875 0.3310546875 0.4739583328125 0.330078125 0.4778645828125 0.318359375 0.4934895828125 0.318359375 0.49609375 0.3203125 0.4986979171875 0.3203125 0.51171875 0.322265625 0.5143229171875 0.322265625 0.5377604171875 0.3271484375 0.5442708328125 0.3330078125 0.5442708328125 0.333984375 0.54296875 0.3359375 0.5403645828125 0.3359375 0.5221354171875 0.333984375 0.51953125 0.333984375 0.4830729171875
21 0.23828125 0.3893229171875 0.2412109375 0.3671875 0.041015625 0.3606770828125 0.0419921875 0.3828125 0.23828125 0.3893229171875