4 0.77188865 0.5932664578125 0.3671992234375 0.6286610984375 0.35688135 0.6241340015625 0.35444067343749996 0.6012941656249999 0.36304140625 0.587084790625 0.394361803125 0.56675385625 0.471299909375 0.5531875921875 0.6980380859374999 0.5343622546875 0.697773021875 0.48786860625 0.6814834875 0.467470696875 0.6162236390625 0.4662849359375 0.30639230781250004 0.4997618390625 0.325199184375 0.6424132546875 0.3342483703125 0.657741415625 0.35923033125 0.65545189375 0.376605165625 0.68200485 0.41630784531250004 0.9161680171875 0.9416050765625 0.9012875421875 0.9466268578125 0.9004020671875 0.956765096875 0.8949123468750001 0.9281138421874999 0.5974518234375 0.921688721875 0.5880073859375 0.77188865 0.5932664578125
6 0.8041335000000001 0.43420909375 0.7937239328125 0.43816005156250004 0.8034966515624999 0.45759157968749997 0.79344885 0.46359422187500005 0.71542544375 0.4710054375 0.70664633125 0.46620701562500005 0.6995893703125 0.44418115625 0.6101627890625 0.4409102265625 0.46479561562500005 0.4623114359375 0.4137463921875 0.46073542968750003 0.29336118125 0.4798471203125 0.2238468125 0.4815270171875 0.21651476875000003 0.484935328125 0.22357173125 0.5069611875 0.6079871781249999 0.4645640375 0.6847418953125 0.46795388750000005 0.6937910796875 0.48328204843749994 0.6969552890624999 0.51022525 0.706911396875 0.5127006640625 0.8755224500000001 0.49883602812500005 0.8919679546875001 0.495936240625 0.9075823109375 0.49000980156249996 0.9012488843750001 0.47208730625 0.8623313781249999 0.4493329015625 0.8041335000000001 0.43420909375
6 0.35525465 0.6059104515625 0.3588723203125 0.626427278125 0.9345427203125001 0.5799233312500001 0.9312868171875 0.5614581859375 0.88105783125 0.5195435796875 0.397168003125 0.5646724421875 0.3607778578125 0.5922437281249999 0.35525465 0.6059104515625
5 0.24974668281249998 1 0.22700239843749997 0.8953387015625 0.2696342765625 0.89416796875 0.280670675 0.9387623406250001 0.29913582031249997 0.9355064375 0.250287253125 0.7304570734375 0.23093522187499999 0.602710090625 0.219440353125 0.600506 0.2199855078125 0.5856015703125 0.2292180796875 0.58397361875 0.2259621765625 0.5655084734375 0.2132903125 0.5656273921875 0.1940099390625 0.5732579875 0.18694796875 0.5871960359374999 0.1773536296875 0.5867723046875 0.1798859984375 0.601134084375 0.17400102343749999 0.612749125 0.155719265625 0.599048915625 0.1534519609375 0.6311807828125 0.137794265625 0.623364296875 0.14214047968750002 0.6120205828125 0.11127354375000001 0.62592514375 0.10041051406249998 0.6363024765625 0.1049351078125 0.643966559375 0.09624268124999999 0.6666539890625 0.0639286765625 0.6723518187499999 0.0637452875 0.6893079328125 0.0352323421875 0.698566478125 0.030075909374999998 0.678320975 0.0409389390625 0.6679436421875 0.024374321875 0.672979903125 0.08351682499999999 1 0.106333265625 1 0.1021742703125 0.9702360734375001 0.1759431578125 0.965690515625 0.215859278125 0.9671141140625 0.22475890937499998 1 0.24974668281249998 1
21 0.1503392328125 0.55953915625 0.0047019875 0.570410625 0.031110981250000003 0.720183471875 0.16055539531250002 0.6444721265625 0.1503392328125 0.55953915625
4 0 0.3749763078125 0.131051246875 0.361970296875 0.1500645609375 0.35861773750000003 0.15611609375 0.3493532328125 0.12391882812499999 0.1667534625 0 0.18537316718750002 0 0.3749763078125
18 0 0.523345828125 0.004798690625 0.5259686609374999 0.0732277578125 0.5181337140625 0.091784596875 0.5063997546875 0.09667095625 0.5161155171875 0.168177546875 0.5077379203125 0.2113545796875 0.49166275625000005 0.19533511875 0.48179458750000004 0.1661903328125 0.47847170937500005 0 0.505664621875 0 0.523345828125
4 0.5046601140625 0.18450181875 0.393869240625 0.2040372390625 0.386445503125 0.2159236046875 0.42760026093750003 0.4223295953125 0.45357582812499997 0.4346731765625 0.469870371875 0.41910717656249996 0.49023604687500005 0.4176316328125 0.468056528125 0.444812671875 0.475296878125 0.44988241875 0.52665521875 0.45246165625 0.5353748625 0.450924146875 0.547527003125 0.4456081890625 0.544551190625 0.3657449640625 0.5187790453125001 0.19258963125 0.5046601140625 0.18450181875
13 0.2148353359375 0.5204011796875 0.22433798125 0.5293029671875 0.24685923125000003 0.6480292453125001 0.268671975 0.6547604312499999 0.3085131484375 0.6527596046874999 0.3189464171875 0.6509199375 0.3162919234375 0.5828995859375 0.2994672515625 0.5054782890625 0.2222590734375 0.508514815625 0.2148353359375 0.5204011796875
20 0.32911572968749997 0.46666734375 0.2403209875 0.4759778359375 0.211716346875 0.4937144390625 0.2251117453125 0.4976988859375 0.3382566078125 0.47351744843750004 0.32911572968749997 0.46666734375
10 0.6215659640625 0.451592371875 0.6763499921875 0.4451056765625 0.694545840625 0.44189725781250005 0.6919922625 0.4010958171875 0.7465724703125 0.395702796875 0.7429547999999999 0.37518596875 0.7045774421875 0.3734910453125 0.69290419375 0.352279159375 0.6060099812499999 0.36337000937499997 0.6215659640625 0.451592371875