21 0 0.8870708828125 0.0068371296875000005 0.8883216671874999 0.1208833046875 0.45512755 0.13983184531249998 0.45582611718750005 0.14588600625 0.4412322515625 0.146900096875 0.4371649546875 0.02761023125 0.33713065625 0.026570346875 0.336871384375 0 0.4408598890625 0 0.5019544890625001 0.077341646875 0.516736415625 0 0.8201487343749999 0 0.8870708828125
5 0 0.6573607515625 0.0082242546875 0.6349057484375 0.0259102390625 0.6366314703125 0.0402804078125 0.6516562 0.048006257812499994 0.620669509375 0.010736632812499999 0.6127190921875 0.0239667359375 0.5596560453125 0.0639926328125 0.556551659375 0.07365645937500001 0.517792171875 0.0687811390625 0.513125903125 0 0.5057186296875 0 0.6573607515625
5 0.1988375765625 0.328157553125 0.1798763 0.3073266375 0.17166840781249998 0.3119899046875 0.1363677546875 0.42127960781249996 0.148376053125 0.4336672265625 0.1603614296875 0.40981662031250005 0.1729971859375 0.4156509578125 0.1786850609375 0.42109493750000004 0.1723850109375 0.44636305624999995 0.1433818609375 0.5263581734375 0.1218929234375 0.5035550953125 0.13954834375 0.456963184375 0.1256500296875 0.452156 0.1212323546875 0.4577642734375 0.09350704374999999 0.560891053125 0.09730235468750001 0.569889 0.089122478125 0.61884343125 0.0771269140625 0.6265881609374999 0.0746068953125 0.63669540625 0.0847175375 0.644584053125 0.08220261250000001 0.6627442390625 0.06641683125 0.669543959375 0.0626368015625 0.68470483125 0.1125370890625 0.6904366453125 0.10813978906249999 0.7282566765625 0.11891295625000001 0.73510275625 0.12266527187500001 0.7360383140625 0.1289808921875 0.725401278125 0.16611552499999999 0.519948809375 0.2310518796875 0.332163646875 0.1988375765625 0.328157553125
7 0.23608010781250002 0.5428949109375 0.250623709375 0.5693341015625 0.27590031718749997 0.589055715625 0.29193731093749997 0.5917438171875 0.29212112343749996 0.5910065828125 0.287258234375 0.5717583890625 0.4197349234375 0.0791755875 0.424904840625 0.05844018125 0.41388158593749996 0.0517898125 0.3684091625 0.0565556015625 0.36336148125 0.0646906859375 0.23608010781250002 0.5428949109375
4 0.8906428140625 1 0.9205723578124999 0.87995915625 0.9136219265625 0.8755423296875 0.9218323671875 0.8749055328124999 0.974750234375 0.6586268734375 0.4168894609375 0.41352291875 0.38286919531249997 0.54997075625 0.3891947140625 0.5649673328125 0.37029711249999997 0.64479815625 0.78807619375 1 0.8906428140625 1
4 0.3828928875 0 0.3712941375 0.0409479109375 0.3682701140625 0.053076607812499996 0.375516075 0.0587301375 0.40582762812500006 0.05018431875 0.42541126875 0.0564090125 0.3920159125 0.1822770984375 0.395178671875 0.1897753875 0.44886663125000004 0.192425740625 0.4659251578125 0.20070474374999997 0.42433464374999996 0.35136844375 0.507074565625 0.37615785156250003 0.5330849375 0.382642965625 0.5399362828125 0.38019116875000003 0.5764842109375 0.24571549374999999 0.8424141703125001 0.2851803828125 0.8625819703125 0.2164018140625 0.835410253125 0.196207696875 0.8751922562500001 0.1819714578125 0.8984486078125 0.103227390625 0.9007338078125 0.09406195625 0.8928145656250001 0.083035440625 0.544782253125 0 0.3828928875 0
13 0.313444109375 0.48126464999999996 0.3702392984375 0.5159570375 0.3730967234375 0.5166694734374999 0.42388854687500005 0.345084271875 0.360082303125 0.322465865625 0.3499894890625 0.34276250468749997 0.313444109375 0.48126464999999996
10 0.41548324531249997 0.3372182328125 0.42545251562499997 0.33970385 0.458988990625 0.2188361453125 0.46418653125000003 0.1979899484375 0.4588260796875 0.1966534375 0.393567575 0.18897111093750002 0.3601747671875 0.3188656671875 0.41548324531249997 0.3372182328125
6 0.774274978125 0.5019581640624999 0.76605435 0.4864890828125 0.5512668578125 0.4195170984375 0.469766990625 0.3830935609375 0.46281146562500003 0.3706237953125 0.44259527343749994 0.3628994421875 0.42680439843749995 0.361646225 0.41860159843750006 0.37436243125 0.4160968609375 0.40862849375000004 0.42684005625 0.4180167984375 0.9684238296875 0.652218521875 0.9768147109375 0.654310603125 0.9947528906249999 0.5784005999999999 0.9006274546874999 0.5522486015625 0.7869107359374999 0.5077925015625 0.774274978125 0.5019581640624999
20 0.9636557874999999 0.54327154375 0.79182579375 0.48969395625 0.783620446875 0.49838369218749995 0.7634068015625 0.49468580937500006 0.89923736875 0.5513652359375001 0.9961426734375 0.576863175 0.9977794624999999 0.5702983703125 0.9996679484375001 0.560302053125 0.9636557874999999 0.54327154375
18 0.6567761109375 0.419387196875 0.6674861937500001 0.376431396875 0.6485223703125 0.35157401093749996 0.6333691406249999 0.359873390625 0.6327416828125 0.3664266703125 0.6472623609375 0.356627634375 0.6630659718749999 0.3780132 0.6536158984375 0.4159153765625 0.637830115625 0.4227150984375 0.642893078125 0.438738828125 0.5872947296875 0.41145715625 0.5146531359375001 0.400055296875 0.6092636 0.44028444999999994 0.6760006703125 0.45692387031250004 0.7161093468749999 0.46640454531250003 0.7161331390625 0.46630911875000003 0.6548988312499999 0.4470999796875 0.6542611843749999 0.43754738125000003 0.6662567484374999 0.429802653125 0.6567761109375 0.419387196875