14 0.8836946546875 0.794820346875 0.9152164468749999 0.7875827 0.9218988828124999 0.7753084359375 0.9345780124999999 0.636082784375 0.9502695187500001 0.544908203125 0.967411853125 0.501730159375 0.9827051265625 0.37718801874999996 0.9828158468750001 0.3292460109375 0.9565983687499999 0.27413079218749997 0.939566753125 0.2693668296875 0.961864671875 0.257637871875 0.967785340625 0.22240637031250002 0.9574361609375 0.2053681421875 0.9403318390625 0.20268624375000002 0.9195227609375 0.216551796875 0.918394140625 0.2936427046875 0.9007808671875001 0.3055352546875 0.88741599375 0.33008378125000004 0.8728117796875001 0.4796652234375 0.8665556375 0.74836056875 0.8361591484374999 0.7681451312500001 0.8405529640625 0.7766369796875 0.8836946546875 0.794820346875
9 0.7572572156249999 0.47562996875 0.7554283859375001 0.4854679703125 0.7647412859375 0.48579318281250006 0.7704419796875001 0.411467690625 0.713182315625 0.405820084375 0.704842234375 0.40552884218749996 0.6979563984375 0.42769786718749997 0.6997707625 0.465284084375 0.7465444999999999 0.4690020625 0.7572572156249999 0.47562996875
21 0.8177089453124999 0.5801471234375 0.833507853125 0.53066835625 0.870912303125 0.53405915 0.867609096875 0.49433633906249996 0.8158598843749999 0.4987830265625 0.7178458875 0.4849372859375 0.72626998125 0.5123313046875 0.7807060453125 0.5204860640625 0.7984685796875 0.591722278125 0.7988034703125 0.591733971875 0.8049984374999999 0.585957071875 0.8023495984375 0.5274956828125 0.8257001125000001 0.5303957031250001 0.8177089453124999 0.5801471234375
5 0.7655193765625 0.4628897203125 0.76784269375 0.48590148749999995 0.7806709296875 0.48791291093750006 0.7860248171875 0.4880998734375 0.8151253828125 0.475045015625 0.798675425 0.4536245390625 0.770640265625 0.4505609265625 0.7655193765625 0.4628897203125
5 0.7263864718749999 0.553766859375 0.7182879015625 0.5618224656249999 0.745959525 0.5752964 0.7852163515624999 0.57041346875 0.782203975 0.5223624 0.7511184265625 0.5171076609374999 0.7530054984375 0.5526118140625 0.7263864718749999 0.553766859375
19 0.5474850890625 0.662433240625 0.5513352578124999 0.6417216578125 0.5577268640625 0.6377756515625 0.5594718390625 0.5878061109375 0.55431625625 0.556357025 0.5404077375 0.551702121875 0.53913701875 0.5433193359375 0.5560645484375 0.4167496609375 0.5753500890625001 0.356969634375 0.566198921875 0.35039625937499996 0.4554744171875 0.3423604671875 0.435136278125 0.3875115140625 0.42841582968749997 0.44564572187499996 0.407243215625 0.469921596875 0.38069358124999997 0.5586324 0.37139699843749996 0.5562231546875 0.3634818546875 0.5142546859375 0.3483026171875 0.501216996875 0.25326630156249996 0.4916444453125 0.23169545625 0.4825527625 0.19548901875 0.48962681874999997 0.1856107796875 0.503874084375 0.1847382921875 0.5288588546875 0.189277521875 0.533186575 0.18433674375 0.5851291203125 0.18996326562500002 0.6478636984375 0.22471555625 0.682430928125 0.2677118328125 0.7047784218750001 0.42147726093750004 0.7364661453125 0.464954365625 0.7379843984375001 0.482623821875 0.728960140625 0.5053579828125 0.704738796875 0.525478 0.665833940625 0.5474850890625 0.662433240625
5 0.5534033015625 0.44818635 0.5373482593750001 0.5497712546875 0.5501219749999999 0.5533442281250001 0.5549237312499999 0.5535119093749999 0.5761341468750001 0.5136028296874999 0.58012973125 0.4887271203125 0.5746106109375 0.4676883546875 0.5534033015625 0.44818635
5 0.9976538375 0.4863699828125 0.9742653109375 0.5293299046875 0.970231715625 0.6000655578125 0.9606443046875001 0.6059845671875 0.94063500625 0.5969474156250001 0.938432209375 0.6169347968750001 0.9423263203125 0.6170707828124999 0.9807990156249999 0.6108575921875 0.9876268671874999 0.5944192 0.9964872046875 0.6093208328124999 0.9976538375 0.4863699828125
5 0.6336296890625001 0.52368845625 0.654798984375 0.589050403125 0.6927253906249999 0.5942834546875 0.6952929421875 0.5943731156250001 0.6993221140625 0.5676745515625 0.72249251875 0.530960821875 0.72336500625 0.5059760515625 0.7043009046875001 0.4698720625 0.667187284375 0.458153009375 0.6382796374999999 0.48007416875000003 0.6336296890625001 0.52368845625
21 0.5971795234374999 0.49297056718750004 0.6361455203124999 0.49641589374999995 0.6463872953124999 0.47175830625000004 0.5842161984375001 0.46124882968750003 0.5747014953125 0.46508577500000003 0.578586359375 0.4881520734375 0.5971795234374999 0.49297056718750004
21 0 0.94538398125 0.00312414375 0.9829534843750001 0.11252274375 0.98677376875 0.1250573515625 0.9395261874999999 0.2919282015625 0.8619693187499999 0.3232010765625 0.9941308171875001 0.3529232625 0.9951687390625 0.3457859234375 0.7971427671875 0.3664495859375 0.7874413437500001 0.3653969890625 0.7728123625000001 0.1169687328125 0.6786683265625 0.104403640625 0.6803141453125 0.1006608734375 0.7427215421875 0.0893665 0.75275015 0.0707006296875 0.7500137203125 0.0721200796875 0.6645945578125 0.0257825859375 0.6483841921875 0 0.654304075 0 0.94538398125
11 0.0763578640625 0.41172382656249995 0.195346921875 0.404153121875 0.20061985781249997 0.2083845546875 0.194809909375 0.1956740484375 0.011637834375 0.158008490625 0.003058375 0.40369206718750006 0.0602544296875 0.4111614828125 0.0763578640625 0.41172382656249995