4 1 0.0674093328125 0.69671739375 0.083541171875 0.6881574015624999 0.11635732968750001 0.6803496906250001 0.205613446875 0.6860031625 0.21436245937499998 0.724243878125 0.22747861406249997 1 0.237011 1 0.0674093328125
19 0.96609804375 1 0.9854519265624999 0.7031081765625 0.8477596999999999 0.589058765625 0.7471056890625001 0.5277214171875 0.6693562156249999 0.49722359687499995 0.56833176875 0.4859824375 0.3859246984375 0.4961999203125 0.24454518749999998 0.5468778984375 0.0724933203125 0.6330026296875 0.036498037500000004 0.6325740140625 0 0.6217428390624999 0 0.9662575421874999 0.48253961562500003 1 0.96609804375 1
4 0.9377864812500001 0.6621835125 0.9864951828124999 0.6655895562499999 0.9874426749999999 0.6074410875 0.8435014296875 0.582756790625 0.8488642499999999 0.59566231875 0.9377864812500001 0.6621835125
4 0.8151104734375 0.518379934375 0.8177263421875001 0.48097128125 0.692344096875 0.45967317812499997 0.6579075078125001 0.4593535578125 0.652464903125 0.492387703125 0.7503320703125 0.5263807109374999 0.755694890625 0.5392862390625 0.8198841109374999 0.5740568859375 0.8276256156249999 0.574598225 0.8331537125 0.5739405765625001 0.8289136078125001 0.5673788171874999 0.8330881703124999 0.5300791609375 0.8151104734375 0.518379934375
11 1 0.31176345156249996 0.8397400312500001 0.3005569828125 0.8111392953125 0.5303717140625 0.9594659703125 0.5595395109375 0.9652647671875 0.5662102640625 0.960984771875 0.58261834375 0.8814913859375 0.577059625 0.8728259609375 0.588984203125 0.9910174078124999 0.609518425 0.9935502890624999 0.609695540625 0.9948400578125 0.591250996875 0.9809571390625 0.5881917890625 0.9804157281249999 0.573534984375 0.9841144187499999 0.5654399406249999 0.99643864375 0.5683901546875 1 0.5174603890625 1 0.31176345156249996
15 0.120246090625 0.612847096875 0.2716242875 0.540417771875 0.255059959375 0.5309057984375001 0.2036230625 0.5273089796875 0.1609969171875 0.509709325 0.106696946875 0.502257565625 0.0982540296875 0.5016671796875001 0.09071036875 0.50688283125 0.094474603125 0.542649203125 0.119106003125 0.6127673734375 0.120246090625 0.612847096875
19 0.231490409375 0.46477766875000004 0.20966869687499998 0.46325174531249996 0.185706984375 0.4699298625 0.19342067031250001 0.516414509375 0.2093553109375 0.5297982390625 0.21136862656250002 0.5299390234375 0.23648279374999998 0.5277793875000001 0.24631082656249997 0.49922874375 0.24479202500000002 0.47614991093750003 0.231490409375 0.46477766875000004
15 0.094118409375 0.5029443031249999 0.194706878125 0.5204202375 0.1784873359375 0.39398082031250004 0.1631910484375 0.3887343578125 0.12306109531250001 0.4026355640625 0.074305609375 0.405491509375 0.0081537296875 0.3883351953125 0.001799278125 0.4568087296875 0.012049046875 0.5118243984374999 0.0485458515625 0.5498796546875 0.08882113124999999 0.533900190625 0.08900634843750001 0.5088520953125 0.094118409375 0.5029443031249999
15 0 0.6229361140624999 0.063227 0.63392098125 0.07222845624999999 0.6345504234375 0.090202090625 0.62614831875 0.07694036875 0.5918062374999999 0 0.497753484375 0 0.6229361140624999
15 0.087050721875 0.6230563734375 0.08868735 0.6231708171875 0.1160313140625 0.615162896875 0.115635228125 0.598427834375 0.0876354046875 0.5322509609375 0.08635828281249999 0.53216165625 0.0454284640625 0.549661665625 0.044847159375 0.5579746984375 0.0793492921875 0.6021557359374999 0.087050721875 0.6230563734375
19 0 0.4998539625 0.013773965625 0.5114229124999999 0.01491700625 0.5115028406250001 0.0023442515625 0.44901525937500003 0 0.4825396203125 0 0.4998539625