5 1 0.6583333328125 0.909375 0.6604166671875 0.796875 0.675 0.7375 0.4625 0.7078125 0.3270833328125 0.684375 0.2625 0.659375 0.2208333328125 0.640625 0.20416666718749998 0.621875 0.19375 0.5921875 0.19375 0.575 0.20416666718749998 0.5609375 0.225 0.5578125 0.25625 0.5265625 0.2791666671875 0.5234375 0.3145833328125 0.546875 0.43541666718750005 0.5890625 0.6020833328124999 0.6484375 0.8229166671874999 0.7015625 0.9916666671875 0.70625 1 0.9921875 1 1 0.81875 0.9 0.8375 0.8859375 0.83125 0.94375 0.7875 0.978125 0.7729166671875001 0.96875 0.7604166671875 0.9671875 0.7270833328124999 0.975 0.7166666671875 1 0.7145833328125 1 0.6583333328125
21 1 1 0.9984375 0.8395833328125001 0.9875 1 1 1
21 1 0.7104166671875001 0.9921875 0.7104166671875001 0.9640625 0.7166666671875 0.9625 0.75625 1 0.7708333328125 1 0.7104166671875001
21 1 0.49583333281249997 0.9375 0.49583333281249997 0.8515625 0.5 0.8515625 0.5125 0.8671875 0.5229166671875001 0.871875 0.6645833328124999 0.8828125 0.6583333328125 0.8890625 0.54375 1 0.5645833328125 1 0.49583333281249997
3 0.065625 0 0.0546875 0.1020833328125 0 0.1020833328125 0 0.1395833328125 0.075 0.15 0.0953125 0.13125 0.109375 0.13125 0.109375 0.1541666671875 0.1203125 0.1583333328125 0.21875 0.16875 0.2546875 0.1541666671875 0.2625 0.1770833328125 0.3578125 0.1895833328125 0.3625 0.19375 0.3625 0.3229166671875 0.371875 0.33125 0.378125 0.3604166671875 0.384375 0.3604166671875 0.3890625 0.225 0.453125 0.22916666718749998 0.459375 0.25 0.4609375 0.35625 0.4546875 0.3645833328125 0.4078125 0.36666666718749996 0.4234375 0.3729166671875 0.4859375 0.36875 0.478125 0.3645833328125 0.484375 0.20833333281250002 0.509375 0.2125 0.50625 0.3541666671875 0.490625 0.36875 0.534375 0.36666666718749996 0.5265625 0.3166666671875 0.528125 0.2833333328125 0.5375 0.26875 0.5640625 0.2520833328125 0.5671875 0.21875 0.5984375 0.1895833328125 0.6078125 0.03125 0.6125 0.025 0.64375 0.0270833328125 0.6375 0.0166666671875 0.596875 0.0083333328125 0.5890625 0 0.4234375 0 0.45625 0.029166667187500002 0.53125 0.0479166671875 0.528125 0.17916666718750002 0.5046875 0.17916666718750002 0.3546875 0.1541666671875 0.35625 0.010416667187500001 0.403125 0.0166666671875 0.409375 0 0.3 0 0.2984375 0.14375 0.290625 0.1458333328125 0.25 0.13333333281249998 0.253125 0 0.134375 0 0.1328125 0.1166666671875 0.11875 0.11875 0.084375 0.11041666718750001 0.084375 0 0.065625 0
2 0 0 0 0.1020833328125 0.0546875 0.10625 0.0671875 0 0 0
2 0.4578125 0.3625 0.4546875 0.22916666718749998 0.3890625 0.2208333328125 0.38125 0.22916666718749998 0.384375 0.3583333328125 0.4578125 0.3625
2 0.53125 0.5458333328125 0.53125 0.44375 0.45625 0.4375 0.453125 0.5354166671875 0.4796875 0.5479166671875 0.53125 0.5458333328125
3 0 0.5791666671875 0.0796875 0.58125 0.08125 0.75625 0.140625 0.7541666671875 0.146875 0.5708333328124999 0.1359375 0.5645833328125 0.1328125 0.5395833328124999 0.134375 0.36875 0.2296875 0.36875 0.2296875 0.5375 0.2765625 0.5625 0.2828125 0.3708333328125 0.3515625 0.3770833328125 0.3875 0.3708333328125 0.3515625 0.35625 0.2578125 0.3541666671875 0.259375 0.1666666671875 0.2640625 0.1583333328125 0.325 0.16458333281249998 0.3359375 0.1666666671875 0.34375 0.17916666718750002 0.38125 0.1770833328125 0.3890625 0.16875 0.36875 0.1583333328125 0.2859375 0.14375 0.184375 0.1395833328125 0.13125 0.11875 0 0.1 0 0.1416666671875 0.071875 0.1541666671875 0.0703125 0.3395833328125 0.0046875 0.3375 0 0.3395833328125 0 0.35625 0.0953125 0.3604166671875 0.096875 0.525 0.0921875 0.5395833328124999 0.0046875 0.5416666671875 0 0.5458333328125 0 0.5791666671875
2 0.271875 0.7083333328125 0.2703125 0.7416666671875001 0.3 0.7583333328124999 0.4125 0.7395833328125 0.4125 0.6583333328125 0.3890625 0.6395833328125 0.3640625 0.6354166671875 0.340625 0.6416666671875 0.3375 0.7 0.271875 0.7083333328125
3 0.35625 0 0.375 0.010416667187500001 0.3875 0.010416667187500001 0.3859375 0.0020833328125000002 0.3984375 0.0041666671875 0.39375 0.010416667187500001 0.4 0.0166666671875 0.3953125 0.1604166671875 0.4453125 0.16875 0.4484375 0.03125 0.4703125 0.025 0.45625 0.0229166671875 0.4484375 0 0.35625 0
3 0.065625 0.56875 0.0640625 0.5770833328125 0.08125 0.5770833328125 0.0828125 0.5875 0.0828125 0.7583333328124999 0.1421875 0.75 0.146875 0.5770833328125 0.1859375 0.5791666671875 0.184375 0.74375 0.265625 0.7354166671875 0.271875 0.7291666671875 0.26875 0.7104166671875001 0.3171875 0.6979166671875 0.31875 0.5666666671875 0.26875 0.5604166671875 0.2265625 0.5354166671875 0.1734375 0.5354166671875 0.134375 0.5395833328124999 0.1328125 0.5645833328125 0.065625 0.56875
2 0.0140625 0.6770833328125 0.00625 0.6604166671875 0 0.6604166671875 0.0015625 0.7916666671875 0.015625 0.7895833328124999 0.015625 0.7416666671875001 0.0140625 0.6770833328125
3 0.0265625 0.6979166671875 0.0234375 0.5916666671875 0.003125 0.5854166671875001 0.0171875 0.73125 0.0265625 0.73125 0.0203125 0.71875 0.0265625 0.6979166671875
3 0.3859375 0.6395833328125 0.4171875 0.6666666671875 0.41875 0.5666666671875 0.4 0.5645833328125 0.3625 0.56875 0.3625 0.6395833328125 0.3859375 0.6395833328125
3 0.415625 0.7375 0.44375 0.7375 0.6109375 0.71875 0.6078125 0.7104166671875001 0.58125 0.7125 0.528125 0.6833333328125 0.4953125 0.6833333328125 0.4171875 0.6916666671875 0.4125 0.73125 0.415625 0.7375
3 0.096875 0.7583333328124999 0.08125 0.7541666671875 0.078125 0.7333333328125 0.0265625 0.7375 0.0265625 0.7875 0.04375 0.7916666671875 0.2921875 0.75625 0.26875 0.7354166671875 0.1859375 0.74375 0.1703125 0.7229166671875 0.1515625 0.7229166671875 0.14375 0.7291666671875 0.1390625 0.7520833328125 0.096875 0.7583333328124999
3 0.4875 0.55 0.4515625 0.5291666671875 0.3703125 0.5291666671875 0.2796875 0.5333333328125 0.278125 0.55625 0.4875 0.55
3 0.5265625 0.5395833328124999 0.546875 0.5479166671875 0.5515625 0.4479166671875 0.5359375 0.3791666671875 0.4890625 0.375 0.4859375 0.4375 0.5296875 0.44375 0.5265625 0.5395833328124999