4 1 0.45625566875 0.9963833140625 0.43574442343750003 0.65342275 0.4792938453125 0.6780179000000001 0.6547721859375 1 0.6193931625 1 0.45625566875
4 0.3510228046875 0.68968891875 0.325081053125 0.515770190625 0.0017626296875 0.553740703125 0.0332363625 0.732237109375 0.322824028125 0.694661125 0.3510228046875 0.68968891875
4 0 0.1955512546875 0.017097375 0.2807852125 0.061176321874999995 0.287821209375 0.3171070109375 0.2545932546875 0.33404927500000003 0.2516058765625 0.2993527359375 0.0279306546875 0 0.08071461875 0 0.1955512546875
4 0.5549966640624999 0 0.5049564828124999 0.0062210359375 0.4998867359375 0.0134613859375 0.502780871875 0.029874849999999998 0.5113765953125 0.051629384375 0.518255178125 0.0546474484375 0.7235423796875 0.031142609375 0.769833534375 0.4016497375 0.782230315625 0.4269649875 0.8071205828125001 0.433153521875 0.992042109375 0.411124228125 0.919549815625 0 0.5549966640624999 0
21 1 0.6172911296875 0.0332363625 0.732237109375 0.080450184375 1 0.5347462515625 1 1 0.9179632109375 1 0.6172911296875
6 0 0.5437443296875 0.0018078515625 0.5539971640625 0.9967450812499999 0.43779610468749997 0.9916803421875 0.4090725453125 0.8163531546874999 0.43152557031249994 0.773812971875 0.4242182484375 0.6046408328124999 0.44558597187500004 0.6117894875000001 0.4591337765625 0.572143440625 0.468239915625 0.40840281562499997 0.4844189734375 0.407409209375 0.46978586875 0.4024311546875 0.46854816093749996 0.31101235 0.47197492968750004 0.035665626562500004 0.5120640984375 0 0.524168284375 0 0.5437443296875
5 0.4860581953125 0.5199109609375 0.3692039671875 0.532053625 0.36368576875 0.509756440625 0.331009996875 0.5134025875 0.3281108515625 0.5329530328125001 0.35325115625 0.69352694375 0.38936621875 0.6913898281249999 0.38538678125 0.6688213171874999 0.3900947625 0.6595292859375 0.5235136046875 0.642350359375 0.6361133125 0.6330733546875 0.6439647796875 0.6602478031250001 0.6779451453124999 0.654256146875 0.649712134375 0.47624605000000003 0.6170363625 0.47989219843750003 0.6191152703125 0.5006803515625 0.4860581953125 0.5199109609375
13 0.40418850937500006 0.5235050015625 0.46528553281249996 0.5190783640625 0.53072876875 0.5033080109375 0.537245584375 0.50427439375 0.5337145999999999 0.51124341875 0.579311259375 0.5066411375000001 0.6160876765625 0.5001564640625 0.6172612140625 0.4901654796875 0.6161759140624999 0.48401043125000004 0.567659059375 0.49679620468749996 0.41432800312499996 0.509024303125 0.4023796734375 0.5132465875000001 0.40418850937500006 0.5235050015625
13 0.43272288437500006 0.6853314828125 0.6434416 0.656637978125 0.635661103125 0.63050875 0.427296378125 0.6545562406250001 0.43272288437500006 0.6853314828125
13 0.6257787625 0.5857108875 0.6323088984375 0.5845594484375 0.6235896328125 0.5440518828124999 0.412147384375 0.5686420234375 0.42164502031250006 0.6135077203125 0.6257787625 0.5857108875
20 0.4052800703125 0.48470516249999995 0.597682809375 0.46056342812500006 0.6122818125 0.4579892296875 0.5865839265624999 0.442159040625 0.41741178906250004 0.4635267640625 0.40736398749999997 0.4695294078125 0.4052800703125 0.48470516249999995