4 0 0 0 0.0895833328125 0.434375 0.1854166671875 0.4421875 0.1916666671875 0.4453125 0.25625 0.4796875 0.2604166671875 0.4921875 0.27291666718749996 0.5171875 0.2770833328125 0.615625 0.2770833328125 0.621875 0.0916666671875 0.575 0.07083333281250001 0.565625 0.0458333328125 0.4578125 0 0 0
4 0 0.7125 0.0703125 0.7520833328125 0.2640625 0.7166666671875 0.275 0.6979166671875 0.2875 0.7020833328125 0.2921875 0.7208333328125 0.30625 0.71875 0.428125 0.6854166671875 0.4328125 0.6666666671875 0.4421875 0.6604166671875 0.6015625 0.61875 0.6046875 0.51875 0.6 0.5145833328125 0.4921875 0.5041666671875 0.39375 0.5166666671875 0.3671875 0.5125 0.3546875 0.525 0.3453125 0.525 0.34375 0.5166666671875 0.2765625 0.5208333328125 0.275 0.4583333328125 0.2703125 0.45416666718750004 0.184375 0.43958333281249995 0.103125 0.43958333281249995 0 0.44375 0 0.7125
11 0.2359375 0.45625 0.26875 0.45625 0.275 0.46458333281249997 0.278125 0.49583333281249997 0.3703125 0.49791666718750005 0.4359375 0.4895833328125 0.459375 0.48333333281249996 0.4734375 0.46875 0.4875 0.36875 0.4875 0.27291666718749996 0.4828125 0.2666666671875 0.3515625 0.2375 0.2375 0.22291666718749997 0.2328125 0.22916666718749998 0.2296875 0.4375 0.2359375 0.45625
3 0.565625 0.0958333328125 0.6015625 0.11875 0.596875 0.2416666671875 0.5328125 0.23541666718749998 0.5296875 0.25 0.534375 0.26875 0.5640625 0.28125 0.5578125 0.5020833328125 0.5609375 0.5166666671875 0.6015625 0.51875 0.6 0.6145833328125 0.6046875 0.61875 0.74375 0.5833333328125 0.759375 0.375 0.778125 0.36666666718749996 0.7859375 0.3125 0.803125 0.3229166671875 0.8 0.36666666718749996 0.7859375 0.3604166671875 0.8015625 0.4 0.7765625 0.41041666718750003 0.771875 0.5020833328125 0.8125 0.49791666718750005 0.8296875 0.1833333328125 0.834375 0.15 0.846875 0.12291666718750001 0.8453125 0.1125 0.796875 0.08541666718749999 0.65625 0.0208333328125 0.634375 0.01875 0.56875 0.0270833328125 0.571875 0.07083333281250001 0.565625 0.0958333328125
19 0.890625 0.5875 0.9453125 0.5916666671875 0.9515625 0.5875 0.9515625 0.53125 0.978125 0.5291666671875 1 0.5375 0.9984375 0.5041666671875 0.865625 0.4916666671875 0.771875 0.50625 0.76875 0.6229166671875 0.890625 0.5875
19 0.721875 1 0.7375 0.7020833328125 0.6859375 0.6916666671875 0.6234375 0.7125 0.6171875 0.7208333328125 0.6015625 0.7208333328125 0.54375 0.7541666671875 0.5453125 0.9791666671874999 0.5796875 1 0.721875 1
19 1 0.69375 0.796875 0.6458333328125 0.7640625 0.6583333328125 0.7484375 1 1 1 1 0.69375
21 0.8125 0.6479166671875001 0.9625 0.68125 0.9515625 0.5895833328125 0.928125 0.5916666671875 0.8734375 0.5770833328125 0.76875 0.60625 0.765625 0.65625 0.8125 0.6479166671875001
9 0.9609375 0.6458333328125 0.9484375 0.6208333328125 0.8625 0.6104166671875 0.8609375 0.58125 0.840625 0.49791666718750005 0.8578125 0.6479166671875001 0.9 0.6604166671875 0.959375 0.6645833328124999 0.9609375 0.6458333328125
2 0.9515625 0.5895833328125 0.9046875 0.5895833328125 0.8984375 0.6145833328125 0.95625 0.6270833328125 0.9515625 0.5895833328125
15 1 0.5354166671875 0.959375 0.5270833328125 0.9484375 0.54375 0.9484375 0.5729166671875 0.959375 0.6729166671875 0.96875 0.6875 1 0.6916666671875 1 0.5354166671875
21 0.7390625 0.65 0.7421875 0.6208333328125 0.7359375 0.6145833328125 0.703125 0.625 0.6953125 0.6375 0.7390625 0.65