21 0.1242638421875 1 0.073824790625 0.7448692484375 0.2986233125 0.750333753125 0.26599404375 0.60152211875 0.28278967499999996 0.5912962328125 0.3316336625 0.5862388140625 0.3401844140625 0.612375921875 0.3588596578125 0.6203869296875 0.7031886140625 0.6057691468749999 0.7028210765625 0.5805549890624999 0.7129455671875 0.562428890625 0.684892 0.5337813703125 0.6675043625 0.4895550125 0.44062149687499996 0.507163484375 0.4310692734375 0.509193871875 0.4283004265625 0.533743515625 0.3977333140625 0.54024075625 0.38413573125 0.5138452124999999 0.341023078125 0.5176844 0.0188930265625 0.6367398171875001 0.0953000578125 1 0.1242638421875 1
5 0.43365912656249994 1 0.41598493124999997 0.9281253640625 0.7257836875 0.959983678125 0.7940640343750001 0.94547024375 0.8378959453125001 0.9356210140625001 0.8330846796875001 0.8754097375000001 0.7848468625 0.6376655390625 0.769476828125 0.5653552140625 0.71504903125 0.5690370015624999 0.70452616875 0.5805919125 0.7074886546875 0.6039233234375 0.697251928125 0.6074303796875 0.348560646875 0.6203130578125 0.33915149218749996 0.6183195171875 0.3331956875 0.590299665625 0.31942420625 0.5865710203125001 0.2773944265625 0.595504725 0.266871565625 0.6070596375 0.3286570140625 0.860161265625 0.36878781875 1 0.43365912656249994 1
5 0.2468424234375 1 0.23962185468750002 0.9584241609375 0.27036286718749997 0.9292600234374999 0.32519349062499997 0.9335794859375 0.33833103750000004 0.9906897828125001 0.3534715265625 0.991465090625 0.3488538984375 0.9791348703124999 0.3583622421875 0.9834738578125 0.3551376859375 0.9683035125 0.30380241875 0.7530933 0.1738107875 0.7474445578125 0.085613371875 0.79281495 0.09493003125 0.8507374015625 0.101059734375 0.85609035625 0.1798985640625 0.8606314078124999 0.189021584375 0.870672803125 0.2016990984375 0.95849785625 0.16576819062499998 0.9914274875 0.127303996875 0.9889539218750001 0.12831829374999998 1 0.2468424234375 1
3 0 0.518085571875 0.0109218765625 0.5240864046875 0.026205432812500002 0.5208377843750001 0.086798221875 0.50529604375 0.10154034218750001 0.49950016562500005 0.105105928125 0.4880928953125 0.12612081875 0.4836260421875 0.15202837656249998 0.5726324796875 0.1586995171875 0.58053269375 0.1803989109375 0.574589171875 0.281141865625 0.5318768328125 0.21027532343750002 0.16089991406249998 0.2096019140625 0.07318565625 0.16392514375 0.06026461875 0 0.0951079828125 0 0.518085571875
5 0 0.5506104109375001 0.0097891828125 0.5986066 0.017098578125 0.6329946015625 0.023403045312500002 0.631654546875 0.0330043546875 0.6246883859375 0.028815928125 0.6002863828125 0.1208034 0.57274680625 0.1284143453125 0.5897654671875 0.15067102500000001 0.5850346640625 0.145933453125 0.5627461453125 0.1281701375 0.48997942656250004 0.10675687812500001 0.48787509218749997 0.103732728125 0.5018296203125 0.009293375 0.5272280171875 0.0008548578124999999 0.5157099515625 0 0.5158916578125 0 0.5506104109375001
21 0.3602616015625 0.696498246875 0.3764232984375 0.7396540140625001 0.7260831671875 0.7426726453125 0.7313514609375 0.7415528359375 0.7258708625 0.6983897234375 0.7253139562500001 0.695769684375 0.71645159375 0.6860151859375 0.543745678125 0.6907768187500001 0.5383004796875 0.6839471953125 0.40214831406249996 0.69158846875 0.38469901093750003 0.6846480515625 0.3602616015625 0.696498246875
21 1 0.45731726562499997 0.87958085 0.46710669843749997 0.8725310796875 0.523183253125 0.853794171875 0.552458184375 0.8180063296875 0.5813638875 0.7810233796875 0.5905560296875 0.814163253125 0.7605578937499999 1 0.7633693375 1 0.45731726562499997
14 0.765889403125 0.23941469531249998 0.7699347609375 0.267840625 0.7810804625000001 0.29209498749999996 0.7702714671875001 0.3116977546875 0.7403580265625 0.3353612984375 0.7424312765625001 0.401479246875 0.7671239875 0.4002241671875 0.7668686859375 0.389629053125 0.7846041234375 0.3885216125 0.79597429375 0.44201405937500005 0.85561075 0.4355944515625 0.860912234375 0.43446758750000003 0.87934935 0.42562331875000003 0.8712277984375 0.387414428125 0.8773883343750001 0.37412441093750004 0.8674104296875 0.327182059375 0.8586625203124999 0.31420841875 0.811361440625 0.293645603125 0.8079191828125 0.230480990625 0.7938923984375 0.21615723125000003 0.77806740625 0.21685859062500001 0.765889403125 0.23941469531249998
19 0.44043045156250005 0.5072040921875 0.607284878125 0.48997515312499995 0.623014215625 0.486631778125 0.6228787703124999 0.48439757656250004 0.6206047359375 0.4736990859375 0.6137394671874999 0.4677037765625 0.53133505 0.47456999531250005 0.5122614375000001 0.45998780000000006 0.44183029218750003 0.48560778281249994 0.4337593125 0.4993038765625 0.44043045156250005 0.5072040921875
15 0.5740223984374999 0.466694575 0.5832765453125 0.46472754531250005 0.528160428125 0.41454330937500006 0.49542756875 0.41085151093750005 0.4876427234375 0.41649975 0.4993298609375 0.4433013703125 0.5247884796875 0.4738316359375 0.5740223984374999 0.466694575
15 0.619589953125 0.46180111406249996 0.6195341953125 0.461147378125 0.6157870796875 0.44351858593750004 0.5776140078124999 0.3908530171875 0.577100528125 0.39096216093749997 0.5686077078125 0.40567973906250004 0.5420045515624999 0.40734089687499997 0.5438841640625001 0.42557779062499995 0.585423078125 0.46600180937499996 0.61167753125 0.46348295000000006 0.619589953125 0.46180111406249996
19 1 0.44744788125 0.998034578125 0.4382012984375 0.98449249375 0.37824840625 0.8642158906249999 0.43709330468749996 0.87958085 0.46710669843749997 0.9946512468750001 0.453962696875 1 0.452825784375 1 0.44744788125
4 0.9374679640625001 0.160772996875 0.9171330890625 0.06510492500000001 0.675635996875 0.12574761875 0.6880582093750001 0.20297755468749998 0.6941879125 0.208330509375 0.8974356859375 0.1711191390625 0.9246594828125 0.1653325421875 0.9374679640625001 0.160772996875