21 0.061512665625 1 0.0438930859375 0.683174071875 0.265743371875 0.7198713046874999 0.254142225 0.5679667765625 0.2721975703125 0.560177909375 0.32127006874999997 0.5619674781249999 0.3261000234375 0.58904025625 0.343478603125 0.59957239375 0.686490975 0.6330181984375 0.6896361484375 0.607998271875 0.7021847734375 0.5914576312500001 0.6783911859375 0.55918460625 0.6673278828125 0.5129687625 0.4402024 0.498829878125 0.4304605640625 0.49951109374999997 0.4243020125 0.5234364734375 0.39312813593749996 0.5256163640625 0.383336434375 0.49758528125 0.3401090390625 0.49538698437499995 0.0045446234375 0.568451925 0.0338001703125 1 0.061512665625 1
5 0.36615406250000004 1 0.35721902499999997 0.9122662406250001 0.6595690203125 0.986930165625 0.7292047484374999 0.9820607609374999 0.7739808375 0.97840760625 0.777596184375 0.918112703125 0.7629154125000001 0.6759688078125 0.7577586109375 0.6022231062500001 0.7033480953125 0.598294178125 0.6913195078125 0.6082721390625 0.691006059375 0.6317887890625 0.6803808671875 0.6338370375 0.333290103125 0.5980658953125 0.3242499640625 0.5947822546875 0.32225173125 0.5662062015625 0.3091332 0.5605972234375 0.2662691203125 0.5635945718750001 0.254240534375 0.5735725328125 0.2801997515625 0.832809865625 0.303733621875 1 0.36615406250000004 1
5 0.1810164578125 1 0.17835552500000001 0.917725175 0.21285623125000003 0.8931231828125 0.26655209375 0.90503155625 0.2716135703125 0.963414453125 0.2864988109375 0.9662893640625001 0.28364215625 0.9534364921874999 0.2924540953125 0.9590565578125 0.2913722234375 0.943585078125 0.2704880203125 0.7233247875 0.14254761093749999 0.6996396796875 0.048894189062499996 0.732293821875 0.05005893125000001 0.79094920625 0.055383993750000006 0.7971031562500001 0.132823578125 0.8125722578125 0.140460321875 0.8237856109375 0.140791575 0.912520325 0.1006274234375 0.9401288718749999 0.062881815625 0.9323261984375 0.06168501093749999 0.9572098812500001 0.1510213890625 0.9888154968749999 0.1536303140625 1 0.1810164578125 1
3 0 0.4465666875 0.012329371875 0.45578547968749994 0.0279163109375 0.454695534375 0.09008240625 0.44773793125 0.1054876875 0.44405016406250003 0.110606159375 0.4332501421875 0.1320381984375 0.4317514671875 0.14530632500000001 0.5234973359375 0.1508130453125 0.5322491078125 0.1731284390625 0.5293834015625001 0.27883538125 0.5011074437499999 0.26028851406250003 0.12387813125 0.2718291234375 0.0369237828125 0.2283951375 0.0177715125 0 0.0337424578125 0 0.4465666875
5 0 0.5158542734375 0.00083649375 0.5294228078125001 0.0032888703125 0.5644934203124999 0.0097184828125 0.5640438171875 0.0201958546875 0.55848169375 0.0194442921875 0.5337342546875 0.114369315625 0.5192648734375 0.119537653125 0.5371771484375001 0.1422361328125 0.5355899156249999 0.1406466296875 0.512858965625 0.1331833546875 0.43832823125000003 0.1122713546875 0.4332642265625 0.10733453906249998 0.4466620703125 0.010279490625 0.4586698734375 0.0035261015625000004 0.44608948593750003 0 0.44633605468750004 0 0.5158542734375
21 0.3342742546875 0.6751381140625 0.344272546875 0.7201231640625 0.6901094375 0.7717756671875 0.6954823078125 0.7713999609375 0.696062190625 0.72789415625 0.6958753421874999 0.725222109375 0.688456790625 0.7143291390625001 0.516768946875 0.6950084125 0.512327240625 0.6874874296875 0.3764366375 0.6761056203125 0.3601230703125 0.6668042734374999 0.3342742546875 0.6751381140625
21 1 0.52725626875 0.8804646578125 0.5202542578125 0.865679146875 0.5748039406250001 0.843050303125 0.601186296875 0.8035878500000001 0.6248299875 0.765685515625 0.6287856406250001 0.7748431874999999 0.8017452374999999 1 0.8368699453125 1 0.52725626875
14 0.79956825 0.278955346875 0.799618115625 0.3076676421875 0.8072797921875001 0.33323714375 0.7938478109375 0.3511448171875 0.7609321578125 0.370414921875 0.753783390625 0.43617795625 0.7784104671875001 0.4383716515625 0.7796322046874999 0.42784411718750004 0.7973491687500001 0.4292157515625 0.801163975 0.4837700359375 0.861113490625 0.48571269375000004 0.8665202093750001 0.48533461874999995 0.8860087812499999 0.4791423734375 0.8832839187499999 0.4401750265625 0.8912341125 0.42787172812499996 0.8878864249999999 0.37999756093750003 0.88102923125 0.3659327046875 0.8370502734375 0.3389869671875 0.8424323296875 0.2759579984375 0.8305355375 0.2598214859375 0.814766940625 0.2583136078125 0.79956825 0.278955346875
19 0.4400075640625 0.498843503125 0.607635978125 0.5050038828125001 0.6236775453125001 0.503882146875 0.623854359375 0.5016508375 0.6230913984375 0.49073997968749994 0.617127328125 0.48384755625000003 0.5345692734374999 0.479178475 0.5177107328125 0.462083659375 0.4443994046875 0.4776521890625 0.43450084375 0.4900917296875 0.4400075640625 0.498843503125
15 0.5779372375 0.47732062812500003 0.58737508125 0.47666066875 0.5397796453125 0.4192941421875 0.5078791390624999 0.41108273906250004 0.49938397187500005 0.4155925671875 0.50722730625 0.4437598921875 0.528189171875 0.47753619374999995 0.5779372375 0.47732062812500003
15 0.62374236875 0.47881656718750004 0.6237781359375 0.478161434375 0.6225209406250001 0.46018270625 0.592048996875 0.402717009375 0.591525325 0.402753628125 0.581066865625 0.41614600468749996 0.554491421875 0.41408855312500004 0.5538146562499999 0.4324095578125 0.5893233796875 0.478221271875 0.615672884375 0.479380840625 0.62374236875 0.47881656718750004
19 1 0.48649309531249996 0.9967219921874999 0.44686160781249995 0.8694262875 0.4883945640625 0.8804646578125 0.5202542578125 0.9962444890625 0.5232528765625 1 0.5229902656250001 1 0.48649309531249996
4 0.9804218312499999 0.2249581046875 0.9735992734375 0.127391 0.726012584375 0.1538336234375 0.7275655750000001 0.2320408 0.7328906359375 0.23819475156249997 0.9393392390624999 0.229632140625 0.967103434375 0.2276906796875 0.9804218312499999 0.2249581046875