11 0.9796875 0 0.9734375 0.014583332812499999 0.9390625 0.0270833328125 0.6953125 0.0916666671875 0.690625 0.3 0.7625 0.3083333328125 0.784375 0.40833333281249995 0.86875 0.4145833328125 0.9125 0.2520833328125 0.9234375 0.25 0.9609375 0.26875 0.9625 0.2791666671875 0.9234375 0.41875 1 0.425 1 0 0.9796875 0
9 0.74375 0.4479166671875 0.8515625 0.4583333328125 0.9171875 0.45416666718750004 0.9234375 0.425 0.93125 0.41875 0.965625 0.27291666718749996 0.9140625 0.24583333281250003 0.8640625 0.4270833328125 0.7453125 0.4270833328125 0.74375 0.4479166671875
21 1 0.43541666718750005 0.93125 0.425 0.9234375 0.4270833328125 0.9234375 0.44375 0.9125 0.45416666718750004 0.859375 0.4604166671875 0.6984375 0.4458333328125 0.6734375 0.45416666718750004 0.6015625 0.45208333281249996 0.49375 0.42083333281249996 0.059375 0.42083333281249996 0.05 0.4270833328125 0.05 0.4375 0.0609375 0.45625 0.175 0.5416666671875 0.19375 0.5645833328125 0.165625 0.9 0.146875 1 0.1875 0.9979166671874999 0.2203125 0.80625 0.2421875 0.60625 0.246875 0.6020833328124999 0.271875 0.6125 0.359375 0.6770833328125 0.4484375 0.7 0.515625 0.7 1 0.6395833328125 1 0.43541666718750005
2 0.596875 0.45208333281249996 0.675 0.45416666718750004 0.6796875 0.43333333281249997 0.6875 0.43125 0.6890625 0.44166666718750003 0.7125 0.44375 0.7140625 0.43541666718750005 0.7265625 0.43541666718750005 0.7421875 0.44375 0.71875 0.4270833328125 0.690625 0.43125 0.703125 0.41041666718750003 0.6484375 0.40625 0.6203125 0.4125 0.5765625 0.40416666718750005 0.5546875 0.42291666718750004 0.5546875 0.44166666718750003 0.596875 0.45208333281249996
5 0.5921875 0.86875 0.6015625 0.8645833328125001 0.6390625 0.7583333328124999 0.68125 0.7291666671875 0.690625 0.73125 0.7109375 0.7083333328125 0.7109375 0.6979166671875 0.6984375 0.6895833328125 0.690625 0.7020833328125 0.6796875 0.6958333328124999 0.68125 0.6833333328125 0.69375 0.6854166671875 0.6921875 0.6791666671875001 0.6578125 0.6770833328125 0.646875 0.6854166671875 0.5921875 0.8458333328125001 0.5921875 0.86875
5 0.7109375 1 0.7140625 0.9854166671875 0.7359375 0.7395833328125 0.740625 0.7145833328125 0.7484375 0.71875 0.7484375 0.6895833328125 0.7578125 0.6791666671875001 0.8140625 0.6770833328125 0.821875 0.6833333328125 0.8875 0.95625 0.89375 0.9708333328125001 0.9046875 0.96875 0.840625 0.6854166671875 0.8453125 0.675 0.8875 0.6708333328125 0.90625 0.6604166671875 0.90625 0.6479166671875001 0.8921875 0.6479166671875001 0.721875 0.6729166671875 0.6984375 0.9729166671874999 0.703125 1 0.7109375 1
5 0.6734375 0.40833333281249995 0.7328125 0.4270833328125 0.784375 0.4270833328125 0.7734375 0.3375 0.7625 0.30625 0.6046875 0.29375 0.6171875 0.4125 0.634375 0.4166666671875 0.6734375 0.40833333281249995
5 0.346875 1 0.3578125 0.7479166671875 0.4375 0.7291666671875 0.4578125 0.8 0.465625 0.80625 0.4671875 0.7 0.3671875 0.6791666671875001 0.2453125 0.5958333328125 0.2359375 0.6666666671875 0.246875 0.6854166671875 0.2375 0.69375 0.228125 0.7229166671875 0.2109375 0.8541666671874999 0.2125 0.84375 0.2375 0.8270833328125 0.2375 0.81875 0.2234375 0.8208333328125 0.2234375 0.80625 0.2453125 0.74375 0.25625 0.7291666671875 0.259375 0.6916666671875 0.2859375 0.7 0.3296875 0.73125 0.325 1 0.346875 1
5 0.3671875 0.4270833328125 0.3453125 0.30416666718749996 0.33125 0.26875 0.1375 0.2416666671875 0.134375 0.25625 0.1640625 0.42291666718750004 0.3671875 0.4270833328125
19 0 0.9208333328125 0.1546875 0.89375 0.165625 0.8833333328125 0.1890625 0.6291666671875 0.18125 0.6104166671875 0.125 0.5583333328125 0.10625 0.54375 0.0859375 0.5395833328124999 0 0.5458333328125 0 0.9208333328125
14 0 0.5479166671875 0.0265625 0.5458333328125 0.03125 0.5395833328124999 0.0296875 0.5125 0.0125 0.4916666671875 0 0.4875 0 0.5479166671875
3 0.35 0.2666666671875 0.35 0.3229166671875 0.365625 0.40833333281249995 0.403125 0.4125 0.40625 0.3604166671875 0.43125 0.3583333328125 0.46875 0.3708333328125 0.4671875 0.4166666671875 0.5109375 0.41875 0.515625 0.4145833328125 0.51875 0.3125 0.5296875 0.30625 0.5859375 0.30625 0.58125 0.4 0.6078125 0.41041666718750003 0.615625 0.40625 0.603125 0.29375 0.6859375 0.2958333328125 0.684375 0.28125 0.6703125 0.2770833328125 0.671875 0.2 0.6765625 0.14791666718750002 0.6953125 0.1416666671875 0.6953125 0.1 0.5984375 0.0791666671875 0.30625 0.17916666718750002 0.3078125 0.2604166671875 0.35 0.2666666671875