21 0.330078125 0.9674479171874999 0.328125 0.94140625 0.31640625 0.91796875 0.3193359375 0.90625 0.3857421875 0.9270833328125001 0.4609375 0.9283854171874999 0.4580078125 0.9192708328125001 0.3876953125 0.9166666671874999 0.3173828125 0.8958333328125001 0.3193359375 0.8072916671874999 0.5205078125 0.7395833328125 0.529296875 0.7434895828125 0.52734375 0.79296875 0.5341796875 0.8072916671874999 0.541015625 0.80078125 0.544921875 0.7174479171875 0.5791015625 0.7057291671875 0.58203125 0.6966145828125 0.5673828125 0.6848958328125 0.3876953125 0.6276041671875 0.376953125 0.6315104171875 0.3798828125 0.6432291671875 0.4150390625 0.6484375 0.423828125 0.6627604171875 0.3779296875 0.6953125 0.3623046875 0.6953125 0.2353515625 0.6744791671875 0.2265625 0.6653645828125 0.2236328125 0.640625 0.1767578125 0.6432291671875 0.1689453125 0.6302083328125 0.1474609375 0.6197916671875 0.1416015625 0.6041666671875 0 0.6263020828125 0.0009765625 0.6354166671875 0.03125 0.6549479171875 0.0283203125 0.8932291671874999 0.05078125 0.8893229171874999 0.0498046875 0.8411458328125001 0.1474609375 0.84375 0.2099609375 0.8567708328125001 0.2919921875 0.9036458328125001 0.29296875 0.9908854171874999 0.2958984375 0.9973958328125001 0.314453125 0.99609375 0.3154296875 0.9375 0.322265625 0.9518229171874999 0.3212890625 0.9947916671874999 0.330078125 0.9674479171874999
9 0.3681640625 0.5286458328125 0.2314453125 0.5104166671875 0.21484375 0.5143229171875 0.2294921875 0.671875 0.37890625 0.6940104171875 0.423828125 0.66015625 0.4169921875 0.6510416671875 0.376953125 0.6419270828125 0.3681640625 0.5286458328125
14 0.515625 0.8138020828125001 0.5234375 0.78515625 0.5166015625 0.7447916671875 0.4365234375 0.7708333328125 0.43359375 0.80859375 0.4189453125 0.8307291671874999 0.390625 0.8528645828125001 0.3916015625 0.8723958328125001 0.4306640625 0.8697916671874999 0.421875 0.8919270828125001 0.44140625 0.8997395828125001 0.4609375 0.8919270828125001 0.466796875 0.84765625 0.4775390625 0.8307291671874999 0.515625 0.8138020828125001
14 0.67578125 0.5221354171875 0.662109375 0.3971354171875 0.6337890625 0.3723958328125 0.611328125 0.3346354171875 0.623046875 0.27734375 0.62109375 0.2591145828125 0.6064453125 0.23697916718749998 0.5830078125 0.23177083281250002 0.5673828125 0.2421875 0.55859375 0.2643229171875 0.55859375 0.3346354171875 0.5703125 0.3528645828125 0.5322265625 0.3828125 0.5234375 0.4049479171875 0.525390625 0.47265625 0.517578125 0.5455729171875 0.4501953125 0.5625 0.4384765625 0.5729166671875 0.4296875 0.58984375 0.427734375 0.6341145828125 0.4365234375 0.6432291671875 0.5185546875 0.6692708328125 0.5263671875 0.65625 0.5966796875 0.6510416671875 0.587890625 0.6809895828125 0.5986328125 0.6770833328125 0.599609375 0.6861979171875 0.58984375 0.7044270828125 0.60546875 0.71484375 0.62109375 0.6940104171875 0.6484375 0.6236979171875 0.673828125 0.55078125 0.67578125 0.5221354171875
15 0.6796875 0.51953125 0.703125 0.4544270828125 0.7021484375 0.4427083328125 0.669921875 0.44140625 0.6796875 0.51953125
15 0.96484375 0.6315104171875 0.947265625 0.6783854171875 0.900390625 0.74609375 0.900390625 0.76171875 0.908203125 0.76171875 0.8974609375 0.7682291671875 0.939453125 0.7721354171875 0.9921875 0.75390625 1 0.69140625 0.9990234375 0.5859375 0.96484375 0.6315104171875
15 0.5205078125 0.421875 0.4501953125 0.4088541671875 0.380859375 0.54296875 0.3857421875 0.5494791671875 0.4609375 0.5611979171875 0.4912109375 0.5520833328125 0.517578125 0.4986979171875 0.5234375 0.4830729171875 0.5205078125 0.421875
15 0.9375 0.4908854171875 0.7998046875 0.46875 0.7744140625 0.4713541671875 0.74609375 0.57421875 0.724609375 0.6184895828125 0.888671875 0.6627604171875 0.896484375 0.6497395828125 0.908203125 0.5690104171875 0.931640625 0.51953125 0.9375 0.4908854171875
2 0.146484375 0.6184895828125 0.1689453125 0.6302083328125 0.1767578125 0.6432291671875 0.20703125 0.6419270828125 0.2265625 0.63671875 0.2177734375 0.5807291671875 0.146484375 0.6028645828125 0.146484375 0.6184895828125
16 0.5185546875 0.3854166671875 0.5302734375 0.3723958328125 0.5390625 0.3763020828125 0.53515625 0.3502604171875 0.5546875 0.2955729171875 0.5537109375 0.2864583328125 0.54296875 0.2903645828125 0.548828125 0.2981770828125 0.5322265625 0.3385416671875 0.509765625 0.26171875 0.51171875 0.17578125 0.5810546875 0.1875 0.5693359375 0.23697916718749998 0.5830078125 0.21354166718749998 0.5859375 0.22526041718749998 0.591796875 0.22526041718749998 0.5927734375 0.1901041671875 0.6142578125 0.1875 0.6181640625 0.25 0.6201171875 0.1796875 0.5146484375 0.1510416671875 0.4765625 0.1575520828125 0.470703125 0.38671875 0.4765625 0.3763020828125 0.478515625 0.2877604171875 0.484375 0.28515625 0.478515625 0.2799479171875 0.4833984375 0.1875 0.4921875 0.22005208281250002 0.501953125 0.22526041718749998 0.49609375 0.22786458281250002 0.49609375 0.23828125 0.501953125 0.25390625 0.498046875 0.38671875 0.50390625 0.3919270828125 0.509765625 0.34765625 0.5078125 0.2903645828125 0.52734375 0.3528645828125 0.5185546875 0.3854166671875
7 0.8173828125 0.20833333281250002 0.802734375 0.21744791718749998 0.794921875 0.41015625 0.8193359375 0.4088541671875 0.822265625 0.44140625 0.83984375 0.4466145828125 0.8662109375 0.4453125 0.876953125 0.41796875 0.8857421875 0.20572916718749998 0.8173828125 0.20833333281250002
5 0.9697265625 0.4296875 0.9619140625 0.4401041671875 0.9501953125 0.4348958328125 0.9482421875 0.4375 0.9033203125 0.4296875 0.8896484375 0.4322916671875 0.8818359375 0.421875 0.8740234375 0.421875 0.87109375 0.42578125 0.869140625 0.4752604171875 0.8720703125 0.4791666671875 0.8818359375 0.4791666671875 0.8857421875 0.46875 0.9033203125 0.4739583328125 0.9072265625 0.4713541671875 0.9111328125 0.4739583328125 0.9228515625 0.4713541671875 0.9423828125 0.4739583328125 0.951171875 0.4674479171875 0.9404296875 0.4635416671875 0.9365234375 0.4661458328125 0.9130859375 0.4635416671875 0.9111328125 0.4661458328125 0.9091796875 0.4609375 0.8896484375 0.4609375 0.8876953125 0.4583333328125 0.8857421875 0.4609375 0.8828125 0.45703125 0.8837890625 0.4453125 0.9638671875 0.453125 0.962890625 0.5091145828125 0.9599609375 0.515625 0.953125 0.51953125 0.953125 0.5247395828125 0.9560546875 0.5286458328125 0.9765625 0.5299479171875 0.978515625 0.46484375 0.98046875 0.4622395828125 0.9794921875 0.4322916671875 0.9697265625 0.4296875
4 0.8056640625 0.2109375 0.888671875 0.20703125 0.8857421875 0.296875 0.9775390625 0.2994791671875 0.97265625 0.3919270828125 0.9775390625 0.3984375 1 0.3971354171875 0.9990234375 0.1302083328125 0.8095703125 0.1458333328125 0.8046875 0.15234375 0.8056640625 0.2109375
10 0.9677734375 0.3880208328125 0.97265625 0.3763020828125 0.9765625 0.3059895828125 0.8857421875 0.3046875 0.880859375 0.3763020828125 0.8828125 0.40234375 0.890625 0.4153645828125 0.8955078125 0.4166666671875 0.8994140625 0.4036458328125 0.9150390625 0.40625 0.916015625 0.3919270828125 0.9208984375 0.390625 0.9189453125 0.4140625 0.9345703125 0.4114583328125 0.95703125 0.4205729171875 0.95703125 0.41015625 0.96484375 0.4049479171875 0.958984375 0.38671875 0.9677734375 0.3880208328125