19 0.613902284375 0.6583931921875 0.6632756984375 0.6502319203125 0.6746669468750001 0.6404373375 0.6750307875 0.5921161500000001 0.686785878125 0.534000378125 0.6775567015624999 0.3819081265625 0.6833347859375001 0.339219090625 0.6776666484375 0.3315191359375 0.6619042203125 0.3313555390625 0.5200148796875 0.342480421875 0.50862363125 0.3522750078125 0.5073331875 0.46997626718749996 0.4941986796875 0.5681420078125 0.48153795781250003 0.56759756875 0.45886540625 0.5367977484375 0.3966598375 0.504555034375 0.3826746703125 0.5188660703125 0.38315497187499997 0.5355989250000001 0.458871921875 0.65224078125 0.508615690625 0.7112013593750001 0.557117475 0.7472256640625 0.5881259484375 0.7473538875 0.5902260671875 0.747096025 0.5917715234375 0.7345747671875 0.5768257515624999 0.7154200890625 0.5779237890625 0.6858995625000001 0.613902284375 0.6583931921875
19 0.4205953453125 0.43025084375 0.478937525 0.4566709859375 0.4808862203125 0.5110051640625 0.47335836249999996 0.526622321875 0.4751356234375 0.5410969531250001 0.4788380390625 0.5466769171875 0.49762853281249997 0.544369734375 0.5005395265625 0.5043940859375 0.5109426828125 0.47373103437499997 0.5082048171875 0.42579068906249995 0.4205953453125 0.43025084375
19 0.0917892109375 0.585804621875 0.0690342 0.59279654375 0.0584596078125 0.583600046875 0.042807125 0.533047459375 0.024505753124999998 0.51220581875 0.00045378281249999997 0.521455965625 0.0222612203125 0.7118843984375001 0.0370972234375 0.7221318953125 0.0442699140625 0.7212511984375001 0.19440594375 0.690747684375 0.2815076265625 0.682151921875 0.2858173171875 0.6018615640625 0.2762857890625 0.5883390375 0.3688292015625 0.5727781765625 0.387466928125 0.557895878125 0.37956871406250003 0.5063911875 0.35407583593749997 0.46544276562500003 0.35771281718750003 0.4566002828125 0.376576953125 0.4563830390625 0.374545796875 0.43984060156250004 0.3678345953125 0.43646667656249993 0.22619915000000002 0.449659365625 0.22433942812500002 0.4729764765625 0.241487790625 0.5485331390625 0.1616051 0.5646384359375001 0.1455887765625 0.5624070359375 0.1465153796875 0.4930269625 0.13108930624999998 0.45713942812499997 0.058784184375000006 0.464443146875 0.0344875015625 0.467426403125 0.032342479687499995 0.47346197187500005 0.0416201125 0.48491669374999996 0.06640628125 0.49446720781250003 0.0917892109375 0.585804621875
21 0.422201453125 0.5971848265624999 0.3886729265625 0.5677179515625 0.317333671875 0.576477309375 0.2775192734375 0.585563859375 0.28528005625 0.700054790625 0.29923773593749997 0.698341003125 0.3085978296875 0.6720039828125 0.31480124374999996 0.6712423000000001 0.322020234375 0.6787518328125 0.3303987515625 0.7469893812499999 0.3478111671875 0.7548215546875 0.348845621875 0.7546945390625 0.37091334531250003 0.6538577046875 0.4386431046875 0.641343578125 0.44177229687499997 0.6283654890625 0.422201453125 0.5971848265624999
15 0.0107934671875 0.49027596406249996 0.0200436140625 0.514327934375 0.040149734375 0.537046959375 0.055802215625 0.5875995453125 0.06838571875 0.5939256562499999 0.07245671718749999 0.5934258015625 0.0950813390625 0.586974634375 0.070487578125 0.4892433859375 0.009832862500000001 0.4568102515625 0.0107934671875 0.49027596406249996
15 0.46737710625 0.5291933328125 0.479557525 0.5130049140625 0.47865189375000006 0.45434470468750005 0.37020210468750003 0.41728517343749993 0.38430373281249997 0.46802818281249997 0.394171615625 0.4458267703125 0.4091173875 0.4649814484375 0.42411813125000003 0.45894163125 0.4240631578125 0.48413612656250005 0.4136874875 0.5022019296875 0.4165078125 0.5123505296875 0.4492746546875 0.53561399375 0.46737710625 0.5291933328125
15 0.21907111875 0.43006953281250004 0.1903391015625 0.452488190625 0.1285863484375 0.44957558124999997 0.14731305 0.512344575 0.1428946109375 0.564312071875 0.24675698281249997 0.5515593765625 0.2475282703125 0.5336233531250001 0.2331177734375 0.5060070375 0.22397757343750002 0.4315660765625 0.21907111875 0.43006953281250004
5 1 0.4801730328125 0.9465907953125001 0.47035329062500003 0.9274452796875 0.48109997968749996 0.9175773968750001 0.5033013921875 0.910529840625 0.5356514046874999 0.909404315625 0.5777691765624999 0.914537178125 0.593930771875 1 0.577973371875 1 0.4801730328125
5 0.7509653640625 0.5053927125000001 0.7103892828125 0.5082758484375 0.6914976609375 0.5210903421874999 0.6798250312499999 0.5414143703125001 0.6709452390624999 0.5844842484375 0.6720847734375 0.644165228125 0.68283378125 0.642845415625 0.822311134375 0.6120763874999999 0.8123542765625 0.5566265078125 0.7824627328125 0.5183171515625 0.7509653640625 0.5053927125000001
5 0.53058130625 1 0.536092509375 0.999323309375 0.5197660765625 0.9302250359374999 0.4747573265625 0.8329014546875 0.42735358124999995 0.767356625 0.386098275 0.72624460625 0.35719482343750003 0.7088037140625 0.35172560625 0.728366059375 0.3600766375 0.8092008546875 0.39218040468750004 1 0.53058130625 1
21 1 0.5771403203125 0.9944198703125 0.577825475 0.6216248140625 0.6571826125 0.5817829296875 0.6788664109375 0.574762859375 0.6986191765624999 0.5773018046875 0.7192972203125 0.5971540296875 0.739948440625 0.63716735 0.758124190625 0.6415385296875 0.7680823703125 0.6676216546875 0.7753746593749999 0.7656957734375001 0.8304999953125 0.8199271828124999 0.9644727937500001 0.8881647312500001 0.9560942765625 0.857820371875 0.8884548171875 0.8570586890625 0.8822514031249999 0.86481295625 0.8812992984375001 0.9306555078125 0.9046995328125 0.9036732640625 0.95419006875 1 0.9423626328125 1 0.7436439453125 0.9604515593749999 0.7499145625 0.909046990625 0.7415333984375 0.8886869765625001 0.71674656875 0.8913083796875 0.6996328703125 0.9073521890625 0.6892670234375 0.898863725 0.6714184671875 0.9580225609375 0.6788475265625 1 0.6999508624999999 1 0.699555953125 0.98951993125 0.6917719671875 0.9929030187500001 0.68086168125 1 0.6776105453125 1 0.5771403203125
2 1 0.67432916875 0.9851487515624999 0.6818137859375 0.9081688453125001 0.6702759421875 0.8796632359375 0.7073596515625 0.8762251765625001 0.74346443125 0.8860105984375 0.7590547640625 0.9236564078124999 0.7964120140625 0.9606504812500001 0.7771768625 1 0.7774188718749999 1 0.67432916875
11 0.911807253125 0.1870640765625 0.9089319546875 0.202109971875 0.912101665625 0.40742070156250004 0.9244810046874999 0.41849458281249996 0.9877303062499999 0.4165007375 0.9934167625000001 0.41580252812499996 0.9640919515625 0.176971109375 0.923575909375 0.1819458546875 0.911807253125 0.1870640765625