21 0 0.73061576875 0.035256959375 0.7418405124999999 0.044928240625 0.7516149515625 0.0203805765625 0.937507671875 0.06679939375 0.9440314109375001 0.075402915625 0.9052682171875001 0.0811962390625 0.7966844265625 0.09521390156250001 0.7418516796875 0.13118639999999998 0.7216615953125001 0.1429848625 0.7275273765625 0.1514935890625 0.711892740625 0.18466144375 0.6892046828125 0.28803463281249997 0.63851480625 0.301475184375 0.6214694859375001 0.3220667625 0.542314953125 0.30988078125 0.5279794796874999 0.0680178484375 0.4750535953125 0.052932428125 0.48134870625000004 0.041911778125 0.52608361875 0.040456503125 0.46907629218749997 0.0190843328125 0.463968821875 0.0034190234375000004 0.47439005156249997 0 0.49026901250000005 0 0.54013271875 0.01116105 0.5427999609375 0.029243484375 0.5264070140625 0.033305478124999996 0.5311855046875 0.0284712265625 0.5431289390625 0.0191874625 0.541824190625 0.014643154687500002 0.55170456875 0 0.557257521875 0 0.73061576875
6 0.9457572265625 0.606564071875 0.9452721343749999 0.5875616296875 0.89266414375 0.5801680593749999 0.837153934375 0.5597437640625 0.7921848375 0.5429047312499999 0.7818360953125 0.526723659375 0.6369703609374999 0.5021564921875 0.5713065562499999 0.4866166234375 0.5433576921875 0.47216963125 0.08816057656250001 0.3766387375 0.0399045234375 0.37196059843749996 0.026946284375 0.3743470515625 0.0242392140625 0.38238182656249997 0.044741553125 0.393678471875 0.1983111625 0.4236765046875 0.28573465468750003 0.4527935328125 0.5028408875 0.502240090625 0.6263344515625 0.5216997875 0.8199413312500001 0.569947534375 0.8296126125000001 0.5797219734375 0.8061132609375001 0.5785231640624999 0.809982884375 0.5958974625 0.83647925 0.5869984390625 0.8627832453125001 0.5906952249999999 0.9222606531249999 0.639026571875 0.9264202203125 0.6543378125 0.9086277296875 0.6686677015625 0.9138250515624999 0.682809909375 0.91741698125 0.683314721875 0.9488573703125001 0.6743216078125001 0.978643471875 0.6869230015625 0.9861820140625 0.6332834796875 0.9535912703125 0.6181841125 0.9457572265625 0.606564071875
5 0.1914696125 0.42744855312499996 0.167487946875 0.4409086109375 0.16458572968750002 0.4278778859375 0.1490152171875 0.4151705546875 0.10259640156250001 0.40864681562499994 0.0859636875 0.41472447187499994 0.0695261203125 0.441867625 0.06536933125 0.46021769375000005 0.071946025 0.46955721875 0.1409943609375 0.4834689421875 0.1637186765625 0.46772837031250003 0.17300243906249999 0.4690331171875 0.1845109578125 0.4769619578125 0.18470610625 0.498027459375 0.19031539375 0.50302340625 0.25794937500000004 0.51647338125 0.2628813859375 0.51716653125 0.2726119125 0.5124856203125 0.27695829375000003 0.447878434375 0.26699706875 0.440167053125 0.1914696125 0.42744855312499996
18 0.21445878437500002 0.39859640625 0.05876199375 0.3725070359375 0.030330815625 0.3727189078125 0.0270438578125 0.3848798015625 0.20605979218749998 0.42555443125 0.22318478125 0.42796119062500004 0.2399905234375 0.41901511874999997 0.27615816875 0.419890534375 0.2739334140625 0.41326644218749997 0.21445878437500002 0.39859640625
5 0.37055420781250004 0.5678007093749999 0.3419306609375 0.5806083906249999 0.3452176171875 0.5684474984375 0.3889265859375 0.549344703125 0.3942431515625 0.5227424015625 0.38215474375 0.5189396796875 0.356915728125 0.53011921875 0.32074808125 0.529243803125 0.299286671875 0.6145875109375 0.2895205953125 0.62794163125 0.08567643750000001 0.742352109375 0.0688596875 0.8620094999999999 0.0501206 0.9401095046875 0.0732405640625 0.943358803125 0.0826905359375 0.88709518125 0.0894596 0.8838388953124999 0.13471863906249998 0.8986148703125 0.13038150937499998 0.9513894390625 0.322249821875 0.9783547718750001 0.3391426859375 0.7800782734375 0.37259215 0.654343228125 0.3836100203125 0.5759470062500001 0.37055420781250004 0.5678007093749999
13 0.39619749375 0.4751554484375 0.27947299375 0.4524394671875 0.2739612796875 0.45797626874999997 0.26768008593750003 0.5138963046875 0.28135272499999997 0.5260739296875 0.2906365078125 0.52737868125 0.3531687671875 0.5343261859374999 0.4020995046875 0.5117496484374999 0.40180678125 0.480151396875 0.39619749375 0.4751554484375
20 0.28553950625 0.43172803281250005 0.40156075468749997 0.45776386562500004 0.41293336406250003 0.45936218125000006 0.4371743046875 0.4530389140625 0.4349495484375 0.44641482187500003 0.312035871875 0.422829009375 0.28553950625 0.43172803281250005
5 0.13796960625000002 0.011002046875000001 0.13245789375 0.0165388484375 0.10597819687500001 0.2274057296875 0.252593334375 0.260108034375 0.26310205937500003 0.26158494062500004 0.292040978125 0.2619703765625 0.3238400171875 0.058162504687500005 0.32122774375 0.043068721875 0.13796960625000002 0.011002046875000001
5 0.600900371875 0.21991055625000003 0.5553736140625001 0.47648811875 0.5693968328125 0.4889779890625 0.688188565625 0.5138253328125 0.6921105328125 0.5143765296875 0.704976025 0.4785791 0.7543696296875 0.2057145265625 0.6123085390624999 0.183645334375 0.600900371875 0.21991055625000003
4 0.9299098015625 1 0.9548652890625 0.8224324859375001 0.5332235453124999 0.7126832249999999 0.524324521875 0.686186859375 0.538729703125 0.6398238046875 0.5777967890625 0.6200686359375001 0.9619159609375 0.7161292140625 0.9696524312499999 0.7172165046875 0.9724542968750001 0.68605316875 0.9447953765625 0.6695431171874999 0.9212932468749999 0.6346829953124999 0.889184815625 0.6049247609374999 0.8540793703125 0.5852643609375 0.7517628281250001 0.5498466328125 0.41387010156250004 0.4729056046875 0.40071949218749997 0.48788786562500003 0.40536415156250005 0.52220155 0.366115809375 0.6891977640625 0.398706553125 0.7042971328125 0.5210403421875001 0.7320090609375 0.5353535046875 0.7424358765625 0.4944967421875 0.977316809375 0.6558960296875 1 0.9299098015625 1
10 1 0.5101025578125 0.9824964265625 0.50232944375 0.972340053125 0.47355256093750003 0.8082293296874999 0.4399692671875 0.801170321875 0.4452886109375 0.7877353265625 0.5296565484375 0.7952794265625001 0.543339646875 0.8575586984375001 0.560507659375 0.8937571578125001 0.57900679375 0.9158613453125 0.582113334375 0.9566830796874999 0.58495771875 0.9912058578125 0.5750829265624999 1 0.5288518640625 1 0.5101025578125
6 0.5638349015624999 0.618369396875 0.532794228125 0.637148796875 0.52554285 0.65506395 0.519454028125 0.698388178125 0.5310601203124999 0.7168497671875 0.70890411875 0.7649859921875 0.7283442546875001 0.7950676234375 0.7418823812500001 0.7885550515624999 0.783369371875 0.7964894765625 0.8002920296875 0.7883487640625 0.9591809828125 0.8254058015625001 0.9745480125 0.716063703125 0.9264843296875 0.6987897546874999 0.5638349015624999 0.618369396875