19 1 0.6895833328125 0.8375 0.6354166671875 0.8390625 0.61875 0.875 0.5375 0.878125 0.5125 0.815625 0.48333333281249996 0.79375 0.5270833328125 0.7671875 0.6125 0.7421875 0.6333333328124999 0.7015625 0.7229166671875 0.684375 0.7229166671875 0.6734375 0.7083333328125 0.6296875 0.7208333328125 0.6171875 0.73125 0.6140625 0.7916666671875 0.609375 0.7979166671875 0.525 0.8229166671874999 0.5015625 0.8395833328125001 0.4953125 1 1 1 1 0.8020833328125001 0.975 0.8 0.9734375 0.7854166671875 0.9828125 0.7604166671875 1 0.7395833328125 1 0.6895833328125
21 0.3703125 1 0.378125 0.79375 0.5984375 0.7458333328125 0.6015625 0.7979166671875 0.6125 0.7979166671875 0.61875 0.725 0.659375 0.7104166671875001 0.64375 0.6916666671875 0.45625 0.6166666671875001 0.446875 0.61875 0.4515625 0.6395833328125 0.496875 0.65 0.503125 0.6604166671875 0.45625 0.6895833328125 0.428125 0.6895833328125 0.31875 0.6645833328124999 0.3125 0.6583333328125 0.309375 0.6333333328124999 0.2765625 0.6333333328124999 0.2515625 0.6 0.2078125 0.6 0.1203125 0.6125 0.1484375 0.6479166671875001 0.1546875 0.775 0.159375 0.76875 0.1625 0.6833333328125 0.165625 0.6666666671875 0.175 0.6645833328124999 0.3453125 0.7854166671875 0.353125 0.8208333328125 0.35 1 0.3703125 1
14 0.5484375 0.8145833328125001 0.60625 0.7979166671875 0.609375 0.74375 0.6015625 0.7354166671875 0.5265625 0.7604166671875 0.5296875 0.8104166671874999 0.5484375 0.8145833328125001
14 0.65625 0.3416666671875 0.66875 0.3625 0.6375 0.3854166671875 0.6265625 0.41041666718750003 0.6203125 0.55 0.5328125 0.575 0.521875 0.6 0.521875 0.6416666671875 0.6046875 0.6791666671875001 0.6109375 0.6791666671875001 0.6140625 0.6645833328124999 0.6875 0.6604166671875 0.6828125 0.71875 0.6984375 0.725 0.7171875 0.6979166671875 0.7578125 0.6020833328124999 0.7734375 0.5583333328125 0.775 0.5229166671875001 0.7640625 0.4125 0.715625 0.34375 0.7265625 0.2770833328125 0.7234375 0.25833333281250004 0.70625 0.2416666671875 0.684375 0.2375 0.6640625 0.2541666671875 0.6578125 0.275 0.65625 0.3416666671875
9 0.5015625 0.6645833328124999 0.4984375 0.65 0.478125 0.6479166671875001 0.446875 0.6333333328124999 0.4390625 0.5270833328125 0.2984375 0.5083333328124999 0.3125 0.6645833328124999 0.4296875 0.69375 0.4671875 0.6875 0.5015625 0.6645833328124999
2 0.2875 0.5875 0.2765625 0.5875 0.2765625 0.5895833328125 0.2546875 0.5895833328125 0.253125 0.59375 0.2515625 0.59375 0.2515625 0.6104166671875 0.25625 0.6145833328125 0.25625 0.6166666671875001 0.2578125 0.6166666671875001 0.2578125 0.61875 0.259375 0.61875 0.259375 0.6208333328125 0.2609375 0.6208333328125 0.2609375 0.6229166671875 0.2671875 0.625 0.26875 0.6291666671875 0.2703125 0.6291666671875 0.2703125 0.6333333328124999 0.271875 0.6333333328124999 0.271875 0.6354166671875 0.2765625 0.6354166671875 0.2765625 0.6375 0.309375 0.6354166671875 0.309375 0.6333333328124999 0.3109375 0.6333333328124999 0.3109375 0.6208333328125 0.309375 0.6208333328125 0.309375 0.6083333328125 0.3078125 0.6083333328125 0.3078125 0.59375 0.30625 0.59375 0.30625 0.5833333328125 0.296875 0.5833333328125 0.296875 0.5854166671875001 0.2875 0.5854166671875001 0.2875 0.5875
15 0.7515625 0.6145833328125 0.753125 0.625 0.7703125 0.61875 0.7875 0.5458333328125 0.821875 0.46666666718750005 0.81875 0.45 0.7921875 0.4479166671875 0.76875 0.45416666718750004 0.775 0.5520833328125 0.7515625 0.6145833328125
15 0.4984375 0.5541666671875001 0.5640625 0.5645833328125 0.615625 0.55 0.621875 0.5354166671875 0.6265625 0.43125 0.5703125 0.4145833328125 0.5296875 0.48125 0.5 0.5395833328124999 0.4984375 0.5541666671875001
15 1 0.4916666671875 0.8984375 0.4791666671875 0.884375 0.49791666718750005 0.875 0.5395833328124999 0.8328125 0.6375 1 0.6895833328125 1 0.4916666671875
19 0.4359375 0.5291666671875 0.45 0.6166666671875001 0.5 0.6375 0.51875 0.6375 0.521875 0.5958333328125 0.540625 0.5625 0.5046875 0.5541666671875001 0.5015625 0.54375 0.5515625 0.44375 0.4 0.43958333281249995 0.3890625 0.45 0.3890625 0.5208333328125 0.4359375 0.5291666671875
19 0 0.7729166671875001 0.0515625 0.7666666671875 0.071875 0.7854166671875 0.128125 0.775 0.1390625 0.6354166671875 0.121875 0.6125 0.1421875 0.6041666671875 0.146875 0.5229166671875001 0.078125 0.4895833328125 0 0.475 0 0.7729166671875001
16 0.646875 0.2416666671875 0.65 0.3229166671875 0.6578125 0.2770833328125 0.65625 0.24375 0.703125 0.23958333281250002 0.7375 0.25625 0.7375 0.2958333328125 0.721875 0.3 0.721875 0.3083333328125 0.7671875 0.3125 0.7671875 0.3645833328125 0.7796875 0.1895833328125 0.6703125 0.1604166671875 0.640625 0.1604166671875 0.625 0.16458333281249998 0.6265625 0.23333333281250002 0.646875 0.2416666671875