21 0.5569678031249999 1 0.568328709375 0.997377128125 0.5301868437499999 0.8182943843749999 0.529353 0.66881754375 0.521385984375 0.6343086062500001 0.0358373015625 0.7121962140625 0.1022820421875 1 0.5224681140625 1 0.5217694609375 0.9763214421875 0.5297890890625 1 0.5569678031249999 1
5 0.8812779359375 0.6303319421875 0.8209649640625001 0.639980021875 0.7599424921875 0.5770953609375 0.7527936515625 0.5252924625000001 0.744829246875 0.5185786578125 0.6971645484375 0.527444784375 0.738872403125 0.9580040140625 0.9337484578125 0.9130133328125 0.9106758078125001 0.6534787796875 0.8812779359375 0.6303319421875
5 0.12993715 0.6960841531249999 0.156550940625 0.691543475 0.16533077812500002 0.6895164890625 0.138354534375 0.538057096875 0.1028694625 0.5441113390625001 0.10017669375 0.553285546875 0.0033248453125 0.5713692906250001 0.013635101562499998 0.61602791875 0.10990179375 0.6023555359375 0.11880610625000002 0.6409243499999999 0.0220707671875 0.652566796875 0.03050643125 0.6891056734375 0.12325956874999999 0.674106325 0.12993715 0.6960841531249999
4 0 0.327420875 0.1498708765625 0.3002036484375 0.1659812953125 0.296484265625 0.1181088328125 0.07528173593750001 0 0.102549309375 0 0.327420875
4 0.603876728125 0 0.28411677343749997 0.0580698515625 0.2779104515625 0.06591709375 0.28025369218749996 0.0760667828125 0.3101202109375 0.10124355625 0.52103954375 0.0632396609375 0.5711901046875 0.336033253125 0.59462250625 0.4375301359375 0.6010644593750001 0.44459542812499997 0.7480407546875 0.42135394374999996 0.7830571796875 0.41326976562500006 0.788794853125 0.403392584375 0.7215918718750001 0 0.603876728125 0
4 1 0.44303219531250004 0.99339461875 0.4144211453125 0.8125722124999999 0.4369240859375 0.405020784375 0.50535714375 0.4317363328125 0.6488587234375001 0.5168772046875 0.6356168046875 0.522850509375 0.640652159375 0.5270709515625 0.68671673125 0.5229826875 0.8009816609374999 0.5343467484375 0.843258865625 0.721844125 0.81493861875 0.6969901109375 0.5405811234375 0.7002680359375 0.5269955546875 0.7352844593750001 0.518911375 0.751329778125 0.525897690625 0.7604697218750001 0.579379040625 0.8175099906250001 0.6389067984375 0.8798140640625001 0.6309371703125 0.9072208343750001 0.6524055546875001 0.9211689890624999 0.77533525 0.9270257828125 0.786811903125 0.9417234234375 0.784487753125 0.9565673312499999 0.7810607671875001 0.9581765140625 0.768929521875 0.947630628125 0.709358359375 0.9205733859375 0.6685660765625 0.911902090625 0.6171146640625 1 0.6013623890625001 1 0.44303219531250004
4 0.23545572343750001 0.6808103390625 0.2080385078125 0.54816141875 0.2148299875 0.5359028140625 0.1433911953125 0.545981359375 0.1406984265625 0.5551555687499999 0.1670618375 0.6901859109374999 0.23545572343750001 0.6808103390625
4 0.1213856296875 0.67293535625 0.043857023437499996 0.6844198453125 0.0306235921875 0.6896131578125 0.0353100734375 0.709912534375 0.1275945625 0.6928832484375 0.1213856296875 0.67293535625
4 0.1165306 0.6382424921875 0.1064468203125 0.6012823125 0.033485575000000004 0.6117123421875 0.039225859375 0.6296302953125 0.033136046875000005 0.6310362390625001 0.025873307812500003 0.613469771875 0.0136936828125 0.6162816609374999 0.022129346875 0.6528205375 0.102069803125 0.6415810296875 0.1165306 0.6382424921875
4 1 0.754526309375 0.9459324312499999 0.70894861875 0.979106128125 0.9009380890625 1 0.8961143578125 1 0.754526309375
6 1 0.5998672484375 0.9124286671874999 0.6124495609375 0.9234432015625 0.6740506625 0.9520228968750001 0.7144914578125 1 0.7563814453125 1 0.5998672484375
6 0 0.5569678046875 0.002973359375 0.5698468375 0.128868328125 0.538643559375 0.1671652890625 0.5447689437500001 0.9899969203125 0.3997040984375 0.98355496875 0.39263880625 0.9354216234375 0.399474996875 0.9220690703125 0.38331447500000004 0.8982949765624999 0.3845268890625 0.788794853125 0.403392584375 0.788561834375 0.4162751828125 0.7718148499999999 0.420141528125 0.6202711937500001 0.444437471875 0.587010240625 0.43928756562500004 0.43441277968750003 0.46596493125 0.4063069546875 0.4831443390625 0.2633128609375 0.5097427265625 0.16505506718750002 0.5217366578125 0.20990787656249998 0.500690903125 0.1760617671875 0.49995235937500004 0 0.53230424375 0 0.5569678046875
20 0.2039951125 0.516755640625 0.3824526046875 0.48704795 0.4048136265625 0.4818855015625 0.41866101718750004 0.4671961109375 0.41116526093749994 0.4625122421875 0.2418208140625 0.4930559546875 0.2039951125 0.516755640625
10 0.9005672312499999 0.262395953125 0.9234170875000001 0.3960993296875 0.9872905453125 0.3939145140625 0.9885909765625 0.3936142859375 0.9544382515625 0.24568258125 0.90829600625 0.2541972234375 0.9005672312499999 0.262395953125