14 0.6828125 0 0.6828125 0.1166666671875 0.6453125 0.17916666718750002 0.60625 0.2125 0.59375 0.27291666718749996 0.584375 0.56875 0.5859375 0.5958333328125 0.6109375 0.60625 0.6171875 0.65 0.615625 0.84375 0.60625 0.9520833328125 0.60625 0.9895833328125001 0.6125 1 0.7453125 1 0.765625 0.7479166671875 0.778125 0.66875 0.7828125 0.6583333328125 0.8109375 0.65 0.8171875 0.6354166671875 0.8328125 0.2791666671875 0.8265625 0.2104166671875 0.8125 0.1875 0.75625 0.1541666671875 0.7671875 0.07083333281250001 0.7625 0 0.6828125 0
21 1 0.5291666671875 0.896875 0.5229166671875001 0.878125 0.5291666671875 0.8171875 0.5791666671875 0.8140625 0.6375 0.81875 0.6479166671875001 0.840625 0.6541666671875 0.8515625 0.6666666671875 0.8953125 0.7541666671875 0.9125 0.7729166671875001 0.91875 0.70625 0.928125 0.6729166671875 0.9609375 0.6375 1 0.625 1 0.5291666671875
5 0.7734375 0.7395833328125 0.784375 0.7479166671875 0.8046875 0.73125 0.809375 0.7375 0.8890625 0.7395833328125 0.846875 0.6541666671875 0.8109375 0.6458333328125 0.775 0.6520833328125 0.7671875 0.7145833328125 0.7734375 0.7395833328125
5 0.9125 0.7625 0.9296875 0.8208333328125 0.9078125 0.8458333328125001 0.909375 0.8916666671875 0.884375 0.9229166671875 1 0.9229166671875 0.996875 0.6166666671875001 0.9421875 0.6458333328125 0.9171875 0.6916666671875 0.9125 0.7625
19 0.3546875 0.4916666671875 0.33125 0.5354166671875 0.2546875 0.5020833328125 0.2109375 0.4895833328125 0.1875 0.4916666671875 0.18125 0.5041666671875 0.1828125 0.51875 0.2125 0.59375 0.28125 0.6375 0.29375 0.6604166671875 0.328125 0.6729166671875 0.3828125 0.7145833328125 0.425 0.7104166671875001 0.4609375 0.6875 0.4703125 0.65625 0.50625 0.6229166671875 0.5015625 0.6166666671875001 0.4953125 0.6229166671875 0.4953125 0.58125 0.503125 0.5583333328125 0.5171875 0.42083333281249996 0.534375 0.3791666671875 0.5359375 0.3541666671875 0.434375 0.3395833328125 0.4140625 0.3770833328125 0.396875 0.4583333328125 0.3546875 0.4916666671875
11 0.54375 0.43125 0.58125 0.43541666718750005 0.5890625 0.42291666718750004 0.6 0.2520833328125 0.5953125 0.24375 0.5546875 0.2416666671875 0.54375 0.2645833328125 0.534375 0.41875 0.54375 0.43125
19 0 0.5645833328125 0.075 0.5541666671875001 0.08125 0.54375 0.1328125 0.54375 0.1375 0.5145833328125 0.1484375 0.5145833328125 0.1546875 0.5520833328125 0.1953125 0.55625 0.178125 0.5104166671875 0.11875 0.5083333328124999 0.1171875 0.4583333328125 0.125 0.45 0.121875 0.40625 0.009375 0.40416666718750005 0.065625 0.43333333281249997 0.0828125 0.5 0.075 0.5166666671875 0 0.5104166671875 0 0.5645833328125
15 0 0.5125 0.078125 0.5166666671875 0.084375 0.4916666671875 0.0671875 0.4375 0 0.40416666718750005 0 0.5125
15 0.11875 0.4791666671875 0.1125 0.50625 0.1203125 0.5333333328125 0.128125 0.5041666671875 0.18125 0.5104166671875 0.2015625 0.45208333281249996 0.2046875 0.43333333281249997 0.19375 0.4125 0.1453125 0.40208333281249997 0.134375 0.43333333281249997 0.115625 0.4604166671875 0.11875 0.4791666671875
19 0.240625 0.49791666718750005 0.2390625 0.4583333328125 0.2015625 0.45208333281249996 0.1953125 0.4583333328125 0.19375 0.48541666718750004 0.240625 0.49791666718750005
21 0 0.65625 0.0421875 0.64375 0.0515625 0.6791666671875001 0.0546875 0.7333333328125 0.059375 0.75 0.0703125 0.7583333328124999 0.0921875 0.7541666671875 0.0984375 0.7458333328125 0.1125 0.6854166671875 0.125 0.6708333328125 0.15 0.6854166671875 0.178125 0.6791666671875001 0.1875 0.6895833328125 0.196875 0.6854166671875 0.1875 0.6583333328125 0.2 0.6520833328125 0.2078125 0.63125 0.228125 0.6145833328125 0.1890625 0.5541666671875001 0.1171875 0.54375 0.1015625 0.55625 0.103125 0.56875 0.084375 0.5520833328125 0 0.5625 0 0.65625