19 0.5990135484375 0.6163173171875 0.5847556140625 0.608477146875 0.5597717578125 0.43081344218749995 0.618055871875 0.4194841578125 0.5272244203125 0.38620416875 0.4673502328125 0.38935322656250004 0.4237215703125 0.4105677375 0.39241953125 0.4378755015625 0.4174140109375 0.4436287 0.5206319078125 0.4341768046875 0.516878309375 0.5049432031250001 0.5302215578125 0.606343534375 0.523403915625 0.620402709375 0.3599143109375 0.6309586031250001 0.369465384375 0.5081294546875 0.36151500937500003 0.4672283234375 0.1753562125 0.533126496875 0.17234491093749998 0.5422011421875 0.230071165625 0.8310241968750001 0.248808775 0.827381975 0.33224268125 0.742453746875 0.6960891921875 0.7226649843749999 0.6891660671875 0.605160421875 0.5990135484375 0.6163173171875
15 0.5221657015625001 0.433878665625 0.5148379750000001 0.4289360515625 0.428150559375 0.4415417265625 0.3674813328125 0.44060067031249994 0.36588417500000003 0.5470274484375001 0.3572442453125 0.6335999390625 0.5004502390625001 0.625660325 0.51597988125 0.6226416671874999 0.5291415671874999 0.6171650953125 0.5393680296875 0.596076334375 0.5216520765625 0.47218037968750004 0.5221657015625001 0.433878665625
15 0.5863953796875 0.61691300625 0.7823795796875 0.585184515625 0.7554573296875 0.5203808984375 0.7433066375 0.4251157375 0.735127590625 0.40760464531249996 0.5647640609375 0.4237413484375 0.554481315625 0.43635174374999997 0.5863953796875 0.61691300625
15 1 0.45185547656249997 0.9887763078124999 0.39411458593750004 0.8472136000000001 0.4110199578125 0.8353970609375001 0.4239284921875 0.8637932796875001 0.5372591078125 0.8636208906249999 0.5691275124999999 0.869414825 0.574368265625 0.9323003156249999 0.5621445640625 0.9474658515625001 0.5910315796875001 0.9804142484374999 0.58038240625 1 0.5812007234375 1 0.45185547656249997
14 0.9457215859374999 0.2053725078125 0.9355478625 0.2922431390625 0.942302140625 0.38431260312500004 0.9500836671874999 0.3997786390625 0.9834858656250001 0.3996528890625 0.9896210359375001 0.3984603328125 0.9344222125 0.1226758265625 0.926239625 0.16246823593749998 0.9325436437500001 0.18671077656249999 0.9457215859374999 0.2053725078125
21 1 0.7213448062500001 0.9997765609375 0.7209369531250001 0.9870524203125 0.7127986453124999 0.9413798828125 0.71530950625 0.934502415625 0.7781938171875 0.7236340921875 0.8234271203124999 0.7063085734375 0.816183228125 0.7020519734375 0.7533408328125 0.6930216078125 0.7232612625 0.334912746875 0.7398124125 0.13346522656249998 0.9317773484374999 0.1140360078125 0.9546549437499999 0.11108098749999999 0.972207953125 0.18140677031250002 0.9818835953124999 0.1845936734375 1 0.21808964375 1 0.228725665625 0.9960313265625 0.3281921875 1 0.5399557109375 1 1 0.9105764484375 1 0.7213448062500001
2 0.4605544390625 0.7392663140625 0.438683825 0.7413952046875 0.38795256718750004 0.7915805640625 0.3799986515625 0.8079829343749999 0.38476887656250003 0.8325236125 0.4535608671875 0.842497396875 0.483441678125 0.8324445015625 0.5335919421875001 0.845245996875 0.5388556390625 0.8442228374999999 0.5633114515625001 0.8338980015624999 0.5972272750000001 0.7954705375 0.59444464375 0.781155140625 0.579732909375 0.7627915484375001 0.55814725 0.7500087640624999 0.5048057499999999 0.754010321875 0.4605544390625 0.7392663140625
9 0.68815751875 0.6167639687500001 0.6986020296875 0.7441956734375 0.650583434375 0.76822126875 0.7046175531250001 0.8406533921875001 0.7119280406249999 0.8487828468749999 0.769675284375 0.8375579203125 0.9404803578125 0.8011732874999999 0.940548328125 0.588199271875 0.936075440625 0.5651882578125 0.9358368625000001 0.564375328125 0.729116115625 0.598190790625 0.6927026140625 0.6073911859375001 0.68815751875 0.6167639687500001
19 0.74660594375 0.466655653125 0.7542150828125 0.5139900953125001 0.7818417859375 0.5836973078125001 0.8667595671875 0.5671909625 0.8680534218749999 0.5427979984375 0.8463587374999999 0.45575498124999997 0.7522873140625 0.45493967656249995 0.74660594375 0.466655653125
18 0.7537714156249999 0.45438590625 0.7469537734375 0.4684450796875 0.75337035625 0.5096443515625 0.7799513703125001 0.5808812765625 0.7900696468749999 0.5868732078125001 0.8000393156250001 0.5849352999999999 0.8651049937499999 0.5685737421875 0.8676062124999999 0.5404973125 0.8463090484375 0.45549935 0.7537714156249999 0.45438590625
19 1 0.578608446875 0.9451304296874999 0.5790168718750001 0.9372327968749999 0.6038976078125 0.9387032234375001 0.7097281078125001 0.9468259874999999 0.718760834375 0.9778993546875 0.7148431093750001 0.9917597703125001 0.720638225 1 0.7344408515625 1 0.578608446875
18 1 0.5781417265625 0.9440438453125 0.5816157 0.9376800046874999 0.6061982968749999 0.9430130546875001 0.71552263125 0.9779490453124999 0.7150987421874999 0.993740771875 0.722640775 1 0.733231303125 1 0.5781417265625