14 0.48690704218749997 0 0.473832021875 0.0006852328125 0.46998931875 0.0467828515625 0.4859612515625 0.11270395625 0.4272201421875 0.21591968125 0.4193505625 0.27474549531250003 0.433272925 0.570255175 0.45631731093749994 0.591995584375 0.4671381421875 0.6790485687500001 0.471875171875 0.9187124375 0.46748730156249996 0.954407665625 0.4761613609375 0.9706426171875 0.47769991562499997 1 0.5130929656250001 1 0.5901426828125 0.9959619953125 0.60111091875 0.6678549703125001 0.596354703125 0.636811346875 0.6036113296875001 0.6260000812500001 0.62679864375 0.6206125 0.629156128125 0.6058856031250001 0.6229824796875 0.5477957640625 0.6256597109375 0.4496044140625 0.6178771046875 0.24139304374999998 0.607567546875 0.1939509203125 0.55835805625 0.1506336484375 0.56550565 0.1377419046875 0.5678218875 0.0625175890625 0.5541713171875 0 0.48690704218749997 0
11 0.7169534109375 0.433867403125 0.729660059375 0.43320147656249997 0.7302229265625 0.23550525000000003 0.722771440625 0.2301587359375 0.6188450546875 0.23560528593750002 0.6148654203125 0.243637071875 0.6230090203125 0.42888140625000004 0.6280171953125 0.4348775171875 0.7169534109375 0.433867403125
5 1 0.698401146875 0.9782137921875 0.6981604625 0.9525599609375 0.7161944609375 0.9439197953124999 0.670751040625 0.92824106875 0.6402798421875 0.9065389749999999 0.6142967015624999 0.86923329375 0.58913130625 0.8168691921875 0.5751860546875001 0.766937715625 0.577802853125 0.72756775625 0.602814259375 0.7089185921875 0.6350845078125 0.7039855562499999 0.6603773453125 0.6462522875000001 0.6634030171874999 0.63601786875 0.6472498421874999 0.6324949125 0.6098830093750001 0.6441394078125 0.5633765140625 0.6422858437500001 0.5280083859375 0.6313972265625 0.499372340625 0.620474715625 0.499944765625 0.6239298859375 0.5957285359375 0.6233508265625 0.614534615625 0.614315775 0.6212667 0.615808346875 0.6796018640625 0.6370743078125 0.69726309375 0.7048239296875 0.7062296421875 0.7097982125 0.7414342203125 0.729142821875 0.7821442609375 0.7352074375 0.838153621875 0.75868795625 0.8682159453124999 0.7515403625 0.8811076890624999 0.8811252703125 0.9056093187500001 0.9184648453125 0.9015662421874999 0.9568196109375 0.887039 0.9792436921875 0.867088071875 0.9779352937500001 0.8421223328125 0.9675918421875 0.8238886796875 0.9797815046875 0.787784575 0.9965844562499999 0.8098520859375 1 0.8103681609375 1 0.698401146875
21 1 0.6312262203125 0.9651445109375001 0.627914853125 0.951244209375 0.6015228359375 0.8932928734375001 0.6003875515625 0.9402539125 0.6605122 0.9542293531249999 0.718193165625 0.9967539234375 0.6638097375 1 0.6630923390625 1 0.6312262203125
2 1 0.5603932171875 0.997557325 0.5597187890625 0.9236753015625 0.55315981875 0.9132979578124999 0.564134634375 0.888441253125 0.5675235109375001 0.8797333 0.5804970296875 0.8804965328125001 0.5950603765625 0.9571773296874999 0.6027765390625001 0.963508784375 0.602444721875 1 0.5771209203125001 1 0.5603932171875
9 1 0.5294905796875 0.9896531328125 0.5283185953125 0.989217 0.51999668125 0.93326215625 0.5271015359375 0.9298143390625 0.52102365 0.911090034375 0.52200495 0.9091686828125001 0.5450537609375 0.9176246765625 0.5571277546875 0.9739066203125001 0.556264334375 1 0.563911784375 1 0.5294905796875
21 0.9081011296874999 0.9128011171875 0.899863203125 0.9048880796875001 0.8668776046875 0.9024443953124999 0.8657533796875001 0.9108480828125 0.9052031875000001 0.9794503734375001 0.96606094375 0.9762609531249999 0.926498334375 0.9055783828124999 0.9081011296874999 0.9128011171875
21 0.8144998749999999 0.8882390843750001 0.7496529046875 0.8749480296875 0.736372909375 0.8902473515624999 0.7299885484375 0.91770244375 0.6876820453125 0.976246828125 0.7180920921875 0.9892564515625001 0.7492992640625 0.9876209515625 0.8181657578125 0.8984779234375001 0.8144998749999999 0.8882390843750001
21 0.8804692749999999 0.59454025625 0.8811573671874999 0.57781465625 0.892877003125 0.562597109375 0.8808641609375 0.5423647515625001 0.8803528875 0.5027538921875 0.8098096484375 0.5001923296874999 0.643328653125 0.577761578125 0.634402634375 0.5865741390625 0.633823575 0.6053802187499999 0.7041767390625 0.63168218125 0.7143267171875001 0.63115024375 0.7365891796875 0.595822115625 0.770044803125 0.5773792421875 0.8247663890625001 0.576597596875 0.8804692749999999 0.59454025625
19 0.41677680781250004 0.583897628125 0.42606382031249995 0.55211803125 0.4203867375 0.35422727656249997 0.41526952968749997 0.3461506890625 0.340154246875 0.34591492968750004 0.33101016250000004 0.3505665359375 0.3099357265625 0.45598061875000007 0.2698098890625 0.5561345671875 0.2525369109375 0.5549536140625 0.22960155625 0.5352936796875001 0.2059781109375 0.5323593484375 0.19828535 0.5348487015625001 0.2006089421875 0.5493302734375 0.18990449843749999 0.5540636546875 0.15238075 0.5247373046875 0.15172655156249998 0.5122544359375001 0.130896721875 0.5029151187500001 0.11572926875 0.51205478125 0.1233881359375 0.538773896875 0.1416424125 0.5586791546875001 0.145635396875 0.57515943125 0.1766996421875 0.6006519234375001 0.18203491875 0.6128894671875 0.3126292625 0.7054002203125 0.3494659171875 0.70346969375 0.38746444687500003 0.6813986734374999 0.388949665625 0.65002795 0.418194240625 0.6109438453125 0.41677680781250004 0.583897628125
19 0 0.5130929578125001 0.0031384812499999997 0.5729787375 0.0050889312499999995 0.57287651875 0.0493222984375 0.558562740625 0.1292024484375 0.5663720046875 0.132435471875 0.56620256875 0.11155247187499999 0.5219223171875 0.11369188906250001 0.5030344625 0.12116658281249999 0.496384153125 0.138330528125 0.4954846296875 0.2100731328125 0.520931453125 0.2041175515625 0.46700256875 0.171131953125 0.46455888749999996 0.1699325875 0.44167362656250003 0.1549080609375 0.423685296875 0.113902603125 0.4174895328125 0.10149487343750001 0.44943268124999997 0.0922756484375 0.42279533750000003 0 0.4256436671875 0 0.5130929578125001
15 0.1664847703125 0.43559574218749997 0.1549080609375 0.423685296875 0.113902603125 0.4174895328125 0.101712940625 0.4535936359375 0.09718214375 0.51641685625 0.107796334375 0.517425234375 0.1114805203125 0.5172321546875 0.116594540625 0.4987099578125 0.16217204062499999 0.50257991875 0.1703687203125 0.4499955390625 0.1664847703125 0.43559574218749997
21 0.028800387500000003 0.7640851015625 0.032589825 0.76388650625 0.0499094296875 0.748897025 0.06394530468750001 0.6584551640625 0.0778795 0.6556387109374999 0.097224109375 0.6963487500000001 0.12563766406250002 0.7011182359375 0.139244759375 0.69206035 0.1561154984375 0.6557109203125 0.158254915625 0.6368230671874999 0.1716439453125 0.6236042234375 0.1694293859375 0.6112031296875 0.1328117984375 0.5693121359375 0.10875221875 0.558055890625 0.0852650578125 0.55772215625 0.07619548125 0.558197471875 0.0575874828125 0.5669958984375 0.056790357812500004 0.58164101875 0.048879531250000004 0.5799694171875001 0.0433261890625 0.563570915625 0.0031929968750000004 0.5740189765625 0.012787921875 0.7571010578124999 0.01935645625 0.7630153921875 0.028800387500000003 0.7640851015625