19 1 0.45 0.9484375 0.44166666718750003 0.8953125 0.5020833328125 0.7703125 0.49375 0.7609375 0.5125 0.7515625 0.6458333328125 0.725 0.6541666671875 0.7015625 0.68125 0.69375 0.7479166671875 0.6671875 0.7416666671875001 0.6375 0.6854166671875 0.6328125 0.6416666671875 0.6359375 0.55625 0.515625 0.5520833328125 0.5015625 0.5625 0.453125 0.6395833328125 0.4453125 0.7520833328125 0.446875 0.83125 0.453125 0.8479166671874999 0.4859375 0.8645833328125001 0.490625 0.95625 0.53125 0.9666666671874999 0.5359375 1 1 1 1 0.45
14 0.6546875 0.3583333328125 0.646875 0.36666666718749996 0.6546875 0.42083333281249996 0.6734375 0.425 0.6765625 0.4458333328125 0.646875 0.5333333328125 0.6296875 0.65 0.5109375 0.65625 0.5 0.6645833328124999 0.48125 0.7041666671875 0.484375 0.93125 0.4890625 0.9541666671875 0.4984375 0.9625 0.5265625 0.9666666671874999 0.5296875 0.9604166671875 0.5578125 0.7916666671875 0.571875 0.7458333328125 0.5875 0.7354166671875 0.6484375 0.725 0.675 0.74375 0.696875 0.74375 0.7078125 0.6770833328125 0.73125 0.6541666671875 0.753125 0.6479166671875001 0.75625 0.5166666671875 0.7328125 0.4125 0.7328125 0.3916666671875 0.7484375 0.35208333281250004 0.75 0.3229166671875 0.7296875 0.28958333281250004 0.703125 0.28125 0.6828125 0.2854166671875 0.6671875 0.3020833328125 0.6546875 0.3583333328125
11 0 0.3604166671875 0.0140625 0.3625 0.025 0.35625 0.028125 0.3291666671875 0.03125 0.1 0.01875 0.0666666671875 0 0.0625 0 0.3604166671875
16 0 0.6604166671875 0.00625 0.6604166671875 0.0984375 0.6166666671875001 0.103125 0.44375 0.1015625 0.4166666671875 0.0953125 0.40833333281249995 0 0.40416666718750005 0 0.6604166671875
5 0.209375 0.3791666671875 0.228125 0.45625 0.240625 0.4791666671875 0.2359375 0.5416666671875 0.2125 0.6041666671875 0.209375 0.6291666671875 0.2171875 0.63125 0.23125 0.6083333328125 0.24375 0.5645833328125 0.2484375 0.5458333328125 0.2453125 0.4916666671875 0.275 0.4895833328125 0.2875 0.49375 0.2875 0.5395833328124999 0.2984375 0.5625 0.2984375 0.6104166671875 0.30625 0.6291666671875 0.30625 0.55625 0.2953125 0.5458333328125 0.296875 0.49791666718750005 0.3546875 0.4895833328125 0.365625 0.4770833328125 0.3328125 0.45416666718750004 0.3 0.3020833328125 0.2046875 0.2979166671875 0.1984375 0.30625 0.2109375 0.3541666671875 0.209375 0.3791666671875
21 0.46875 0.4 0.471875 0.39375 0.4703125 0.3770833328125 0.3140625 0.3708333328125 0.3140625 0.3854166671875 0.3265625 0.3916666671875 0.4453125 0.4 0.46875 0.4
5 0.3828125 0.32083333281250004 0.346875 0.31875 0.3421875 0.3708333328125 0.38125 0.3770833328125 0.3828125 0.32083333281250004
5 0.4125 0.5520833328125 0.41875 0.5770833328125 0.425 0.5791666671875 0.409375 0.4770833328125 0.4109375 0.46458333281249997 0.4265625 0.4583333328125 0.4234375 0.4 0.3453125 0.3895833328125 0.3421875 0.45625 0.4 0.46666666718750005 0.4125 0.5520833328125
5 0.4578125 0.48333333281249996 0.4609375 0.4916666671875 0.4765625 0.49583333281249997 0.4796875 0.5083333328124999 0.45 0.6354166671875 0.45625 0.63125 0.475 0.55625 0.471875 0.6104166671875 0.4828125 0.5958333328125 0.4984375 0.50625 0.5078125 0.5104166671875 0.5046875 0.5458333328125 0.55625 0.5458333328125 0.55625 0.5375 0.528125 0.5375 0.528125 0.5270833328125 0.5484375 0.51875 0.55625 0.5291666671875 0.5578125 0.5145833328125 0.5625 0.5145833328125 0.565625 0.5375 0.5609375 0.54375 0.571875 0.54375 0.5703125 0.5166666671875 0.575 0.5166666671875 0.5875 0.5333333328125 0.5890625 0.5479166671875 0.596875 0.55 0.58125 0.4770833328125 0.5953125 0.4583333328125 0.5875 0.3916666671875 0.5953125 0.31875 0.48125 0.3083333328125 0.475 0.32083333281250004 0.465625 0.47083333281249995 0.4578125 0.48333333281249996
9 0.403125 0.3875 0.446875 0.3916666671875 0.4484375 0.3625 0.4390625 0.32083333281250004 0.3859375 0.3145833328125 0.378125 0.3375 0.384375 0.3770833328125 0.403125 0.3875
21 0.5953125 0.42083333281249996 0.6015625 0.55 0.6171875 0.5520833328125 0.6171875 0.4125 0.6453125 0.40833333281249995 0.6484375 0.3916666671875 0.5890625 0.3875 0.5859375 0.40625 0.6015625 0.4125 0.5953125 0.42083333281249996