19 0.9344702437500001 1 0.9741608421875 0.7118016734375 0.9034453296875 0.709752534375 0.8002087781249999 0.658426953125 0.7089428343749999 0.6482301203125 0.6570265859375 0.6738057578125 0.6338851078125 0.76128013125 0.5786425328125 0.761405571875 0.5598467406250001 0.7758574312500001 0.5308453984375 0.89801000625 0.517450246875 1 0.9344702437500001 1
3 0.642067384375 0.4518555015625 0.564702690625 0.440982603125 0.592914715625 0.2753280703125 0.58705138125 0.2679296328125 0.472816490625 0.2387261703125 0.48036653593749995 0.177987915625 0.495168653125 0.1077498375 0.5350602578125 0.1186157546875 0.6125434453125 0.1005779546875 0.6244495953125 0.093047096875 0.6262617453125 0.08015298125 0.477392221875 0.023728984375 0.4712884234375 0.032075307812499995 0.43480149375000005 0.26362574375 0.48871631562499995 0.286981534375 0.47850729375 0.3526056109375 0.5416692890625 0.3733163671875 0.52874030625 0.4372433 0.5350270546875 0.44864588124999993 0.40701288281250003 0.433284421875 0.3863509015625 0.5382007015625 0.37656529375000003 0.607828925 0.380193065625 0.62411733125 0.37112884375 0.646511271875 0.3966957828125 0.654049109375 0.49871960312499997 0.6578685859375 0.517014959375 0.6727997 0.538599696875 0.6758332359375 0.5522110125 0.67722023125 0.59971711875 0.6760075 0.5279108421875 0.6396181921874999 0.56011306875 0.4876732421875 0.656155059375 0.5130049796875 0.662079378125 0.5269863859374999 0.6352560890625 0.6757426578125 0.645350090625 0.681105915625 0.70481985625 0.6368686593749999 0.7253702875 0.645016353125 0.776744628125 0.64434726875 0.8566498031249999 0.6792450421875 0.8927589515625 0.512131303125 0.8931350390624999 0.5094553 0.8096107312499999 0.480661703125 0.69598220625 0.47521129218749997 0.6580247203125 0.4646171953125 0.642067384375 0.4518555015625
11 0.7301331578125 0.42728422187500004 0.8392905546874999 0.450514571875 0.8450319234375 0.4447470703125 0.888046065625 0.2088544578125 0.7070214078125 0.1426518328125 0.6365463578125 0.12485793281249999 0.6258529375 0.1798948953125 0.6163043187499999 0.191701721875 0.585738234375 0.395156921875 0.592810828125 0.40798482812500003 0.703055515625 0.42347870781249997 0.7042647718749999 0.42890817812500004 0.656155775 0.448444490625 0.6519860937499999 0.4570626390625 0.7428237234374999 0.4773238484375 0.7480942125000001 0.4780645671875 0.7541318828125 0.4740480515625 0.7486309765625 0.464070790625 0.7166553203125 0.4319644328125 0.7301331578125 0.42728422187500004
5 0.962764546875 0.6722000078125 0.9804889250000001 0.6625648953125001 0.9806932953124999 0.661110725 0.9746097125000001 0.6580861812500001 0.9833843375000001 0.6419629625 0.9872074828124999 0.6147598640624999 0.9401615031249999 0.692691190625 0.9346726140625 0.706251965625 0.9426218359374999 0.70736915625 0.962764546875 0.6722000078125
5 1 0.411051375 0.9735735515625 0.40653556875 0.9788444125 0.5584875 0.991810834375 0.5820053265625 1 0.5237363828125 1 0.411051375
3 0 0.6300233859375 0.01292716875 0.6312765984375 0.022113359375 0.6220485953125 0.0224757890625 0.6194697734375 0.017760726562500002 0.610917834375 0 0.6044925171875 0 0.6300233859375
3 0.05857107499999999 0.1830060453125 0.164947528125 0.19795627968750001 0.169662590625 0.20650821718749998 0.20798250624999998 0.21452349062499998 0.2611993390625 0.1895173671875 0.26126181875 0.1890727984375 0.047687759375 0.13414082656249998 0.027693128125 0.269393128125 0.042078776562499996 0.27930417812499997 0.05857107499999999 0.1830060453125
3 0.0769789390625 0.374804284375 0.0534071015625 0.3741212375 0.04343506875 0.3819239171875 0.039737240624999996 0.395604921875 0.039483540625 0.3974100984375 0.043255590625 0.40425164843749994 0.346912009375 0.44692777499999997 0.32842808125 0.5784477515625001 0.2858775015625 0.5724676578125 0.2655710046875 0.590651840625 0.1844600453125 0.5924012359375 0.1220263828125 0.60860946875 0.17987042343749998 0.6390918734375 0.21196457500000002 0.64228753125 0.351461484375 0.6461139874999999 0.38136484843749996 0.468424946875 0.386559678125 0.4314618171875 0.37712955312499996 0.41435794374999996 0.17670621250000002 0.3809307609375 0.1713882578125 0.3907024078125 0.0769789390625 0.374804284375
3 0.15392991875 0 0.40595009062500004 0.0787749921875 0.386741303125 0.215452615625 0.281452140625 0.1927659109375 0.241503025 0.2173936609375 0.2663451046875 0.23008914531250002 0.40779651093749997 0.261408296875 0.41275337656250005 0.2621049390625 0.42992905156249994 0.179007815625 0.4396904984375 0.10955151406250001 0.45248392812500005 0.0143113953125 0.4118924328125 0 0.15392991875 0
2 0.3874284890625 0.33967383125 0.372802378125 0.34550754375000003 0.37056681406249997 0.35439751406250003 0.38278135625 0.4218581375 0.3905178265625 0.4229454265625 0.401875121875 0.35616785 0.39903319375 0.341304765625 0.3874284890625 0.33967383125
2 0.5251673734375 0.4467342421875 0.5310774 0.41359711875 0.5373438234375 0.3690091984375 0.4163501625 0.3507073703125 0.4085596546875 0.4271903859375 0.5017360171874999 0.44344117968749996 0.5251673734375 0.4467342421875
2 0.11822407812499999 0.3816528140625 0.16807155625 0.3886584203125 0.169417203125 0.382273140625 0.1704156625 0.3751687359375 0.0726198609375 0.35880756406250003 0.06687849375 0.364575065625 0.06851116406249999 0.3740086796875 0.11822407812499999 0.3816528140625
2 0.17083050625 0.3701118984375 0.171519534375 0.37020873593750003 0.17783254375 0.3336219015625 0.1813988546875 0.30824628125000003 0.1777938703125 0.3044261375 0.1487821109375 0.30034879999999997 0.10919542499999998 0.322397728125 0.17083050625 0.3701118984375