7 0 0 0 0.68125 0.04375 0.6854166671875 0.0484375 0.5395833328124999 0.0453125 0 0 0
4 0.1046875 0.5833333328125 0.1109375 0.6 0.1390625 0.60625 0.1375 0.6604166671875 0.115625 0.68125 0.1171875 0.6875 0.53125 0.7083333328125 0.540625 0.5041666671875 0.146875 0.48125 0.1421875 0.4875 0.1390625 0.5645833328125 0.1046875 0.5833333328125
4 0.175 0 0.1734375 0.19375 0.178125 0.20416666718749998 0.2078125 0.2166666671875 0.246875 0.2208333328125 0.4578125 0.23333333281250002 0.496875 0.2270833328125 0.503125 0 0.175 0
4 1 0.025 0.7234375 0.010416667187500001 0.7203125 0.0354166671875 0.7265625 0.0625 0.934375 0.0770833328125 0.9109375 0.47291666718750003 0.915625 0.4875 1 0.5041666671875 1 0.025
5 1 0.5333333328125 0.9609375 0.5291666671875 0.9578125 0.5541666671875001 0.7140625 0.54375 0.6875 0.5395833328124999 0.6859375 0.5166666671875 0.6578125 0.5125 0.6484375 0.5145833328125 0.6453125 0.5333333328125 0.640625 0.7166666671875 0.6796875 0.71875 0.684375 0.6833333328125 0.8640625 0.6916666671875 0.953125 0.7 0.9546875 0.7333333328125 1 0.7375 1 0.5333333328125
4 0.9578125 0.5291666671875 0.9421875 0.525 0.7640625 0.5166666671875 0.7640625 0.5458333328125 0.9578125 0.55625 0.9578125 0.5291666671875
21 1 0.7375 0 0.68125 0 1 1 1 1 0.7375
4 0.953125 0.6979166671875 0.7546875 0.6875 0.75625 0.725 0.953125 0.7333333328125 0.953125 0.6979166671875
4 0.9546875 0.65 0.95625 0.6020833328124999 0.7625 0.5916666671875 0.759375 0.6375 0.765625 0.6395833328125 0.9546875 0.65
6 1 0.5 0.9453125 0.49583333281249997 0.9125 0.48333333281249996 0.7421875 0.47291666718750003 0.740625 0.4791666671875 0.7609375 0.4916666671875 0.7296875 0.49375 0.5640625 0.48333333281249996 0.5421875 0.4770833328125 0.5328125 0.4604166671875 0.4515625 0.45208333281249996 0.146875 0.44166666718750003 0.1 0.45208333281249996 0.096875 0.47291666718750003 0.1265625 0.48125 1 0.53125 1 0.5
13 0.7625 0.54375 0.7625 0.51875 0.7421875 0.51875 0.6890625 0.5208333328125 0.6875 0.5395833328124999 0.7625 0.54375
13 0.753125 0.6854166671875 0.6828125 0.6833333328125 0.6828125 0.7208333328125 0.7546875 0.7208333328125 0.753125 0.6854166671875
13 0.684375 0.5875 0.6859375 0.6354166671875 0.759375 0.6354166671875 0.759375 0.5916666671875 0.684375 0.5875
13 0.646875 0.51875 0.540625 0.5125 0.5328125 0.7104166671875001 0.640625 0.7166666671875 0.646875 0.51875
20 0.7625 0.4916666671875 0.721875 0.47083333281249995 0.5375 0.4604166671875 0.5359375 0.48333333281249996 0.5703125 0.4895833328125 0.7625 0.4916666671875