21 1 0.44166666718750003 0.890625 0.43125 0.8734375 0.45625 0.6796875 0.4583333328125 0.5890625 0.4479166671875 0.56875 0.43125 0.353125 0.425 0.0359375 0.43125 0.0265625 0.43958333281249995 0.0328125 0.46875 0.05 0.48541666718750004 0.2140625 0.54375 0.165625 1 0.2078125 1 0.2484375 0.7625 0.26875 0.6041666671875 0.2796875 0.5666666671875 0.5671875 0.6583333328125 0.7359375 0.7208333328125 0.7421875 0.81875 0.7390625 1 0.8421875 1 0.8453125 0.8270833328125 0.85 0.825 0.853125 0.8395833328125001 0.853125 0.8958333328125001 0.8625 0.9 0.878125 0.7979166671875 0.9421875 0.76875 1 0.7604166671875 1 0.44166666718750003
11 0.659375 0.30416666718749996 0.6859375 0.40625 0.8734375 0.4125 0.90625 0.25833333281250004 0.9203125 0.014583332812499999 0.9046875 0.010416667187500001 0.5453125 0.0895833328125 0.54375 0.28958333281250004 0.659375 0.30416666718749996
9 0.83125 0.43541666718750005 0.7734375 0.4291666671875 0.771875 0.43541666718750005 0.7875 0.45 0.8765625 0.45208333281249996 0.925 0.2791666671875 0.9203125 0.2541666671875 0.9078125 0.2791666671875 0.86875 0.4291666671875 0.83125 0.43541666718750005
2 0.578125 0.425 0.5765625 0.44375 0.709375 0.4583333328125 0.721875 0.45 0.7828125 0.45 0.7796875 0.44166666718750003 0.74375 0.4270833328125 0.7328125 0.4145833328125 0.6640625 0.40833333281249995 0.6546875 0.4145833328125 0.5953125 0.4125 0.578125 0.425
5 0.146875 0.9125 0.159375 0.89375 0.1859375 0.8020833328125001 0.19375 0.7416666671875001 0.190625 0.7166666671875 0.096875 1 0.1171875 0.9979166671874999 0.146875 0.9125
5 0.16875 0.6854166671875 0.1890625 0.7020833328125 0.196875 0.7 0.2140625 0.54375 0.1125 0.50625 0.121875 0.58125 0.1421875 0.6458333328125 0.16875 0.6854166671875
3 0.2390625 0.2520833328125 0.2515625 0.2604166671875 0.2765625 0.35 0.290625 0.36666666718749996 0.2921875 0.40625 0.3015625 0.4291666671875 0.5296875 0.43125 0.534375 0.41875 0.5140625 0.28958333281250004 0.5328125 0.2854166671875 0.5359375 0.2770833328125 0.525 0.2645833328125 0.5046875 0.2604166671875 0.5046875 0.2166666671875 0.509375 0.1416666671875 0.5421875 0.13333333281249998 0.54375 0.0979166671875 0.4421875 0.0666666671875 0.10365985312499999 0.15542503593749998 0.1015625 0.23125 0.2390625 0.2520833328125
5 0.0953125 0.4291666671875 0.2984375 0.4291666671875 0.265625 0.28958333281250004 0.2484375 0.25625 0.053125 0.2208333328125 0.046875 0.22916666718749998 0.065625 0.2770833328125 0.0953125 0.4291666671875
5 0.3421875 1 0.3484375 0.95 0.390625 0.8541666671874999 0.4484375 0.8916666671875 0.4828125 0.9979166671874999 0.5015625 1 0.434375 0.7541666671875 0.440625 0.74375 0.503125 0.70625 0.5078125 0.6854166671875 0.3765625 0.61875 0.3375 0.58125 0.278125 0.5625 0.2625 0.6270833328125 0.2421875 0.7729166671875001 0.2421875 0.8041666671875 0.246875 0.8083333328125001 0.246875 0.7854166671875 0.2703125 0.7458333328125 0.2765625 0.7458333328125 0.2765625 0.80625 0.25625 0.8041666671875 0.253125 0.8145833328125001 0.259375 0.825 0.2421875 0.83125 0.2359375 0.8208333328125 0.2328125 0.8416666671874999 0.2328125 0.85 0.2453125 0.8541666671874999 0.26875 0.8958333328125001 0.2671875 0.9583333328125001 0.28125 0.9541666671875 0.2875 0.9270833328125001 0.3078125 0.9458333328125 0.2875 0.9020833328125001 0.2921875 0.8395833328125001 0.30625 0.81875 0.3125 0.8354166671875 0.3140625 0.9666666671874999 0.3203125 1 0.3421875 1
5 0.5171875 0.8666666671875 0.5546875 0.7625 0.5796875 0.7395833328125 0.6140625 0.725 0.653125 0.8208333328125 0.6484375 0.9875 0.659375 0.99375 0.6703125 0.81875 0.7171875 0.75 0.7375 0.7541666671875 0.7390625 0.7166666671875 0.6359375 0.6791666671875001 0.61875 0.6833333328125 0.609375 0.6729166671875 0.5734375 0.6625 0.50625 0.85625 0.50625 0.8708333328125001 0.5171875 0.8666666671875
5 0.5734375 0.43333333281249997 0.6 0.4125 0.653125 0.4166666671875 0.68125 0.40625 0.6671875 0.3229166671875 0.6578125 0.3020833328125 0.5171875 0.2854166671875 0.5109375 0.29375 0.534375 0.43333333281249997 0.5734375 0.43333333281249997
3 0.5625 0.7 0.575 0.6645833328124999 0.3453125 0.5854166671875001 0.346875 0.5979166671875 0.3765625 0.6229166671875 0.5484375 0.7041666671875 0.5625 0.7
19 0 0.96875 0.0484375 0.9520833328125 0.0890625 0.9541666671875 0.1140625 0.925 0.11875 0.9020833328125001 0.11875 0.6916666671875 0.10625 0.6729166671875 0 0.6104166671875 0 0.96875