19 0.8033930078125 0.48327985937499995 0.8107703531249999 0.4773900078125 0.8453388875 0.4856425921875 0.847965484375 0.478030046875 0.7567119640625 0.42299234375 0.6881587796875 0.42222294531250004 0.6482885421875 0.440954721875 0.66403254375 0.45148154218750003 0.76710575 0.47226279375 0.7473577625 0.5411161515625 0.74067866875 0.63986814375 0.7285020656250001 0.655794571875 0.6174676296875 0.6251674031250001 0.568825309375 0.6209117515625 0.567836 0.5986052296875 0.59627463125 0.520055746875 0.6047538875 0.4567517890625 0.5843890875 0.46542655625 0.5357467687499999 0.4611709046875 0.44700724375 0.47824128750000006 0.41344481875000005 0.7363678234375 0.41157611406249994 0.7577272046875 0.41633362500000004 0.7840231640625 0.437055340625 0.7936784218749999 0.4328399671875 0.819450765625 0.440801196875 0.8292966828124999 0.5244029171875 0.851903453125 0.535013084375 0.8528317218750001 0.646491909375 0.7192006953125001 0.8539031109374999 0.76871619375 0.8719350328125 0.7665377140625 0.8778505375 0.69892318125 0.8791312609374999 0.6820434890625 0.7995848249999999 0.6724699625 0.79253146875 0.65224701875 0.8033930078125 0.48327985937499995
21 0.9574071421875001 1 0.9684326203125 0.8826472640624999 0.9367661625 0.852428609375 0.935322915625 0.8353106 0.9716586843749999 0.8345683968750001 0.9752416640625 0.804819553125 0.7429903906249999 0.7479026015625 0.7975512265625 0.7853524828125 0.8408104046875 0.78390894375 0.8705796796874999 0.8021981015625 0.866639784375 0.8136169203125 0.8752334078124999 0.8274393343750001 0.8740985671875 0.84041061875 0.8447676468750001 0.8731350375 0.7757275984375 0.8331113328124999 0.7478069953125 0.8385109390625001 0.6851879109375 0.8147336796875001 0.681572003125 0.8000396999999999 0.6909435515625 0.78256080625 0.731543203125 0.7442869890625 0.64426250625 0.7222732890625 0.5464442578125001 0.8431139515625 0.5301007921875 0.8730534531249999 0.575435609375 0.892704421875 0.563245996875 1 0.5837311640625 1 0.5954279125 0.9219017203125001 0.6342932578125 0.9370655109375001 0.62795181875 1 0.64950248125 1 0.6433737453124999 0.9901422343749999 0.6507181609375 0.9398095609375 0.8439712515625001 1 0.9574071421875001 1
2 0.870908784375 0.7984364296875001 0.84652265 0.7858464609375 0.8117271484374999 0.7801881359375 0.7974263953125 0.786779325 0.7346773609375 0.7420777843749999 0.6962503703125 0.7779275703125 0.6814471703125 0.8014665421875 0.685290046875 0.8135662640625 0.7574106265625 0.8407889109375001 0.774111009375 0.8291794328125001 0.8476285062500001 0.8707712171875001 0.8480029546875001 0.8708039765625 0.8742007031249999 0.8392432046874999 0.87533554375 0.8262719187500001 0.8665149515625 0.8150437593750001 0.870908784375 0.7984364296875001
15 0.6078507078125 0.450487440625 0.59543155625 0.525210215625 0.5658580843750001 0.61673098125 0.7228806062500001 0.6528193484375 0.732122646875 0.653627921875 0.7376629328125001 0.64744664375 0.7441150578125 0.5512889078125001 0.7653709140625 0.47864630156250004 0.7657762140625 0.47401369843749996 0.7602471390625001 0.467741571875 0.6826463953124999 0.45833827187500004 0.6156819890625 0.43940907500000004 0.6078507078125 0.450487440625
15 0.7954371890624999 0.6660946296875 0.8644493343749999 0.6761842875 0.88467608125 0.6779538984375 0.9137657671875001 0.501301390625 0.8087468671875 0.48034991250000003 0.8021803750000001 0.499381275 0.7954371890624999 0.6660946296875
14 1 0.4193177640625 0.9375512 0.4445647765625 0.9196674671875 0.480904809375 0.8753410703125001 0.74105228125 0.8826699046875 0.7469217 0.875422509375 0.7737358328124999 0.8960142765624999 0.762466809375 0.9035215703125001 0.777501240625 0.9038455578125 0.75138844375 0.9264956203124999 0.6605690140625 0.9188601437499999 0.7814573046875 0.9732342875000001 0.79863146875 0.9757636906249999 0.7988527624999999 0.980170653125 0.7484809390625 1 0.500018696875 1 0.4193177640625
19 0 0.95502865 0.11298767812499999 0.9649137906249999 0.2662679109375 0.9776705453125001 0.299507453125 0.7478851234375 0.305110321875 0.6838440359375 0.30785334375 0.64800924375 0 0.568770728125 0 0.95502865
4 1 0.1767227046875 0.699094640625 0.1503968953125 0.69258774375 0.2136120015625 0.78272200625 0.22541890000000003 0.77197306875 0.314665428125 0.8597303265624999 0.326002953125 0.866048353125 0.3265557078125 0.8821307953125 0.24326544062500002 1 0.2535776609375 1 0.1767227046875
16 0.472349759375 0.46869495624999996 0.48018104062500006 0.4576165921875 0.5121194484375 0.1597877109375 0.5043851874999999 0.14734753750000001 0.445073603125 0.10817496093750001 0.3927668671875 0.1009846015625 0.358801328125 0.36595970312500004 0.392915925 0.3794008015625 0.35698558281250004 0.38671375937499997 0.340059996875 0.557764496875 0.362775915625 0.5558307109375 0.38193342812500003 0.5649570015625 0.3879094875 0.5654798390625 0.4023706765625 0.5514524609375 0.43572293125000006 0.539992778125 0.4431158578125 0.4779008359375 0.472349759375 0.46869495624999996
7 0.671881490625 0.425634978125 0.673266175 0.425494709375 0.7563470796875 0.4170786625 0.779049596875 0.2326598640625 0.7797738984375 0.224381046875 0.6914236218750001 0.2179541484375 0.6642186156250001 0.41686080781249996 0.66610000625 0.42512916250000005 0.671881490625 0.425634978125
10 0.84192725 0.4686137796875 0.8609643453125001 0.336175253125 0.8615786234374999 0.329154021875 0.7718320359375 0.3173979078125 0.757172309375 0.4110076921875 0.756656203125 0.41690680625 0.84192725 0.4686137796875