11 0.88780501875 0.0119713203125 0.810641865625 0.0241927640625 0.534656571875 0.099544075 0.529547496875 0.117227690625 0.553252309375 0.25690577812500004 0.5981794625 0.2708830375 0.6168711453125 0.289015590625 0.64142911875 0.34418645468750003 0.66361949375 0.37442068281249996 0.764257496875 0.3605904921875 0.7662800437499999 0.3433957328125 0.73546275625 0.27866973437500003 0.7430928078125 0.266914740625 0.8228631999999999 0.2711547703125 0.8668208937499999 0.3501466265625 0.8820559328125 0.34773363281249997 0.926951925 0.3390408296875 0.9297605171875001 0.26687971250000003 0.8974767640625 0.02309528125 0.88780501875 0.0119713203125
19 0.514979753125 1 0.5986127906250001 0.92285249375 0.6126555375 0.9016446203124999 0.6122913421875 0.8194395109375 0.5911075078125 0.6856900484375 0.5823272140625 0.670206290625 0.507426253125 0.656757809375 0.42798176562499995 0.6545754640625 0.40822610625 0.6197370109375 0.354844565625 0.5923336765625 0.27792105624999996 0.5960799546875 0.0899017546875 0.657498821875 0.018499485937499997 0.656152015625 0.07295965625 1 0.514979753125 1
5 0.758175384375 0.551918340625 0.7194021390625001 0.49688964999999996 0.6119106640624999 0.277672765625 0.5957399609375 0.26546883593750004 0.5357060828125 0.255993546875 0.5543977640625 0.27412610000000004 0.56854591875 0.3035247875 0.64445320625 0.55305574375 0.6758360421875 0.6113642609375 0.7072859953124999 0.6401319156249999 0.7311730140625 0.6511137 0.927838375 0.6642603171875 0.9287778 0.59028594375 0.7919737921875 0.56554891875 0.758175384375 0.551918340625
21 0.7813795359375 0.4087655453125 0.7722062203125 0.4207649671875 0.7792036078125 0.44496831718749996 0.794156953125 0.459474359375 0.9251809312500001 0.45770592031249996 0.933820846875 0.9106284859375 0.967915528125 0.9052284187499999 0.9689288015624999 0.8937304312500001 0.9755716734375 0.6859666734375 0.9810066531249999 0.6703407421875001 0.97875414375 0.5462486656250001 0.9833647875 0.5054416671874999 0.9981456062499999 0.49888200937500005 0.9943881250000001 0.45518178750000005 0.9983661046875 0.45033313281250004 0.9837003734374999 0.35773735156250003 0.9759840578125001 0.35895949531250004 0.7813795359375 0.4087655453125
5 0.7999633625 0.4561817515625 0.8214348109375 0.5118414734375001 0.843864828125 0.533600534375 0.872707540625 0.5459067171875 0.92634510625 0.54953985 0.9286478390624999 0.5491751328125 0.9243350031249999 0.47234135625 0.912468184375 0.45734645937499996 0.8827340187500001 0.4494000734375 0.7999633625 0.4561817515625
3 0.664551684375 0.3703180953125 0.7121243703125 0.480904253125 0.732205934375 0.5178003906249999 0.7608952671875 0.5491145859375 0.7874846453125001 0.5604593484375 0.8028449328124999 0.5580265171875001 0.806953515625 0.5502568859375 0.8542291234375 0.5490970734375 0.824562075 0.5116098250000001 0.7976747921875 0.5116497468750001 0.7923740484375 0.468193953125 0.8030906265625 0.455950103125 0.8834265671875 0.45377265 0.8729976031250001 0.3879267625 0.7909650187499999 0.40935665625000006 0.7794241046875 0.396419440625 0.767710665625 0.3624165265625 0.664551684375 0.3703180953125
5 0.75664425 0.3225105546875 0.784793246875 0.41059783124999993 0.7871861859375 0.410218828125 0.8773829624999999 0.3856502125 0.822659509375 0.26986871875 0.7293256546875 0.26988623125 0.75664425 0.3225105546875
3 0.6440865625 0.5507408515625001 0.6084478140625 0.42560872656250004 0.6025144046875 0.41811127968750006 0.5833434375000001 0.41692905625 0.580649934375 0.3899347359375 0.5623704203125001 0.3843927171875 0.5429023749999999 0.2714645234375 0.47206565468750006 0.26370023593749997 0.45942247187499996 0.1539096953125 0.5253706140625 0.13080872187499998 0.5236548265625001 0.109987453125 0.49018232343749996 0.09841455625 0.44103755 0.09776111562499999 0.3445500515625 0.12780835 0.3396806203125 0.137016803125 0.34400365 0.17429954375 0.314442009375 0.18741885625000002 0.196588471875 0.21241293125 0.093908775 0.20336416875 0.101442884375 0.330838325 0.11873500156250001 0.47996929218749995 0.13388001875 0.5556147453125 0.1271605640625 0.6030836515625 0.22455866093750002 0.6087503328125 0.34217255625 0.592231425 0.395467834375 0.6091019109375 0.4172460421875 0.626745603125 0.48653949843750005 0.63475431875 0.49206074062500005 0.6296612359375 0.4748548859375 0.4910631171875 0.4778551484375 0.4800414125 0.4941792328125 0.4732373265625 0.500438546875 0.482792459375 0.5130817296875 0.5925830000000001 0.5151234234375 0.6154619546875 0.507253728125 0.6356921140625 0.512621590625 0.6496070421875 0.68613800625 0.666420090625 0.7267924265625 0.6634086796875 0.7361677640625001 0.661923771875 0.7360879703125 0.6521808874999999 0.674252040625 0.6113514796875 0.658886528125 0.58425490625 0.6440865625 0.5507408515625001
2 0.2691720359375 0.3910176953125 0.2052464421875 0.3969239109375 0.21217671249999998 0.450668125 0.2776455703125 0.44451748125 0.2691720359375 0.3910176953125
2 0.3849095296875 0.44255731875000004 0.46581013125000004 0.4373901421875 0.4740399078125 0.43608667343749996 0.46155510624999996 0.36713877968749997 0.3664383453125 0.3758758875 0.36343808125 0.3868975953125 0.3849095296875 0.44255731875000004
16 0 0.281620725 0.051883385937500005 0.56728341875 0.0579198375 0.577928503125 0.06123785 0.57740298125 0.086161078125 0.56396366875 0.10654940312500001 0.562843778125 0.1129620984375 0.5533908984375 0.11616371249999999 0.4537466015625 0.100846171875 0.35703545000000003 0.1048912671875 0.3226459328125 0.11617339374999999 0.3039846 0.10948276562499999 0.241765221875 0.1154832921875 0.21972180937500002 0.1082462625 0.20399362187499998 0.09118410625 0.1961494921875 0.0306709421875 0.20362453125000002 0 0.21049882343749998 0 0.281620725