21 0.4944211703125 1 0.49278130468750003 0.9843977234375 0.518980525 0.979549265625 0.550672271875 0.8924259734375 0.5606787843750001 0.882995009375 0.569230221875 0.9939066437499999 0.5894217265624999 0.9917844312499999 0.5765246578125 0.8394333640625 0.609552578125 0.7500748234375 0.6033663828125 0.7360613546875 0.49440235 0.7307554656249999 0.4927005734375 0.8042526421874999 0.2755844453125 0.831262084375 0.2704870875 0.827608221875 0.259163171875 0.7198683484374999 0.11557691249999999 0.7140117828125 0.116230215625 0.7202275453125 0.1557024625 0.7370269328125 0.184791796875 0.7297799031250001 0.2107436828125 0.7375262953124999 0.2027266453125 0.7509377734375 0.2162470078125 0.7599907703125 0.21910755312500002 0.77225896875 0.14800269375 0.8132493328124999 0.13401722968750002 0.8147192640625001 0.0989890359375 0.795357978125 0.0730075828125 0.8022783562500001 0.0279728765625 0.7923480328125 0.044740984375 0.9518859203125001 0.06780275625 0.962030884375 0.069534521875 1 0.090598378125 1 0.0875093125 0.9850973484375001 0.0848961015625 0.9602343015624999 0.09555591718749999 0.9570190999999999 0.449924275 0.9951866046875001 0.464345275 0.997860515625 0.46498388124999995 1 0.4944211703125 1
9 0.48154260625 0.8114479671874999 0.4951823734375 0.79796921875 0.489321415625 0.62262128125 0.4813930796875 0.5920324484374999 0.27977667500000003 0.609557271875 0.2505431921875 0.6126298343750001 0.244075725 0.6211651265625 0.265199184375 0.8221414250000001 0.2724081203125 0.8334288875 0.48154260625 0.8114479671874999
2 0.097734525 0.7983701953125 0.141553678125 0.815760109375 0.14605656875 0.8152868375000001 0.22096092500000003 0.7749445328125 0.21632867031249997 0.760767740625 0.20280830781249998 0.75171474375 0.2099247078125 0.744682353125 0.20439181562500003 0.7368846484375 0.18331951875000002 0.7307201984375 0.1542301859375 0.7379672296875001 0.10300928437500001 0.7140234375000001 0.06522004375 0.7431329546875001 0.024788024999999998 0.76204619375 0.0282723078125 0.7951969234375 0.069981365625 0.8033819781249999 0.097734525 0.7983701953125
21 0.0860224765625 0.7317817421874999 0.09270334062499999 0.720605509375 0.085398740625 0.7108992109375001 0.036791051562499996 0.7118184656250001 0.0205687765625 0.7219027312499999 0.025278001562500003 0.766708015625 0.026984560937500002 0.7665286484375 0.0860224765625 0.7317817421874999
15 0.24715731718749998 0.441211371875 0.193016734375 0.4343329234375 0.1829806546875 0.45843065625 0.176646625 0.5177510390625 0.15092330625 0.6168158796875 0.2288233203125 0.6180548984375 0.24980149687500003 0.615850003125 0.31141470781249997 0.6041371703125 0.31535329375 0.5220256609375 0.3317234046875 0.43860754531249996 0.24715731718749998 0.441211371875
15 0.5273814515625 0.431659315625 0.47942706562500004 0.4387943328125 0.366018978125 0.43605034218750005 0.35955588125000004 0.44929849375 0.35814180625 0.6002733609375001 0.4793491625 0.5875339546875 0.4870597296875 0.616050865625 0.5170127390625 0.6207582109375 0.5218688125 0.6202478171875 0.54188318125 0.61447830625 0.5280751203125 0.5279476187500001 0.5337854140625 0.447744703125 0.5273814515625 0.431659315625
19 1 0.71736240625 0.9442580218750001 0.660954534375 0.9394375671875 0.6300390515625 0.8389556734375001 0.6007987546875 0.8387674734375 0.5840600640625 0.8766749812500001 0.4962834671875 0.876922315625 0.48368861875 0.792356228125 0.48629244531250004 0.7851806953125 0.522658375 0.8023144046875 0.610934334375 0.7940796 0.622273890625 0.7800941359375 0.623743821875 0.7193022578125 0.6133748359375 0.622304646875 0.61728526875 0.617890159375 0.605180396875 0.6253425953125 0.5415528468749999 0.6198984046875 0.48975482968749995 0.53868753125 0.47943715625000005 0.5315711328125 0.486469546875 0.5297107234375 0.5285612625 0.54308325 0.610948109375 0.534630678125 0.620215746875 0.49046704218750004 0.6185731062500001 0.49402125625000004 0.72712960625 0.5938794140625 0.7354873703125 0.6056280671875001 0.742631771875 0.60581626875 0.7593704640625 0.5748073921875 0.8380427484374999 0.578915409375 0.892076009375 0.5844483015625 0.899873715625 0.756876559375 0.9110780999999999 0.763775190625 0.9019737890625 0.763586990625 0.8852350984375 0.7887269390625 0.8553602671875 0.7962432890625 0.971617715625 1 0.9502020218749999 1 0.71736240625
15 0.6193873125 0.6194248499999999 0.7305881546874999 0.6161164046875001 0.7794944953125 0.62302129375 0.7842858078125 0.62251770625 0.8029404875000001 0.6168911046875001 0.7862718796875 0.51809221875 0.788191421875 0.4466669625 0.625428078125 0.4475393109375 0.6199407296875 0.44811605468750004 0.6163869015625 0.45634510937500006 0.6254740078125 0.5726993171875 0.61609123125 0.603012809375 0.6193873125 0.6194248499999999
15 1 0.4737961109375 0.9935588984375 0.4125131171875 0.9223249718750001 0.40743125156250004 0.9083099406249999 0.42356795312499995 0.8695313609375 0.5030568671875 0.8356323703124999 0.584127725 0.8362561062499999 0.60501025625 0.947615584375 0.6331072734375 1 0.5454748406250001 1 0.4737961109375
15 1 0.5511430640625 0.95877006875 0.6047023734375 0.9380446062500001 0.646682078125 0.94643804375 0.6667479796875 1 0.7165995953125 1 0.5511430640625
19 0.42885712031249995 0.4359920640625 0.3572467921875 0.397432815625 0.2864484015625 0.396494790625 0.2591307765625 0.405650415625 0.22289547656250003 0.43459660624999996 0.24729342187499997 0.4425063234375 0.33030556875 0.44006582187500004 0.332047709375 0.4566411859375 0.3148065296875 0.5317716203125 0.3137876234375 0.5968177875 0.351191753125 0.6004801375000001 0.35515272656249997 0.6000638234375 0.3640970890625 0.5224013546874999 0.3638093890625 0.4449236640625 0.3709257875 0.43789127343749995 0.42885712031249995 0.4359920640625
19 0 0.526203890625 0.0205959984375 0.7221617218749999 0.054129385937499996 0.7123527937499999 0.23432734531250002 0.7227405499999999 0.2569831484375 0.714074903125 0.243422421875 0.6149493640625 0.173059565625 0.6181551796875 0.15198726875 0.6119907328124999 0.1819664421875 0.4936253046875 0.18068940312499998 0.46652701093750004 0.16493223125 0.466088346875 0 0.49783174375000006 0 0.526203890625
14 0.8272928921875 0.2207693375 0.8342210921875 0.1969982578125 0.8322611828124999 0.178350971875 0.8038842859375 0.162480221875 0.784989665625 0.17703498125 0.7780319 0.21547283281250001 0.784188528125 0.24415306874999998 0.7966200515625 0.24284646406250002 0.7994805984375 0.2551146609375 0.781962515625 0.3575067140625 0.7833390546875 0.445344009375 0.7915442921875 0.448671221875 0.798571990625 0.485639140625 0.8422728609375 0.482878953125 0.8485129125 0.482223096875 0.8481394515625 0.4490072578125 0.85637425625 0.4376677015625 0.84669298125 0.2857641921875 0.8272928921875 0.2207693375
19 0.8094814859374999 0.45490333125 0.816320984375 0.475132559375 0.83739328125 0.481297009375 0.84739979375 0.4718660453125 0.8559115 0.43326486875 0.8457946890624999 0.2772175203125 0.829255146875 0.2244908640625 0.8344412046875 0.18414441718750002 0.8180602968749999 0.1628232234375 0.797641303125 0.1628745359375 0.784744678125 0.174704071875 0.7757974359375 0.20916140625000001 0.7772922421875 0.238331621875 0.7910008046875 0.264123309375 0.780599121875 0.3594829703125 0.7828762984375001 0.440941178125 0.79745593125 0.47502054843749997 0.7988216703125001 0.45811853124999996 0.8094814859374999 0.45490333125