14 0.103125 0.1270833328125 0.0859375 0.14791666718750002 0.059375 0.2375 0.0640625 0.3645833328125 0.0609375 0.49583333281249997 0.075 0.5208333328125 0.075 0.56875 0.0828125 0.6020833328124999 0.075 0.8270833328125 0.0796875 0.8479166671874999 0.078125 0.9166666671874999 0.0875 0.9479166671874999 0.1 0.9645833328125001 0.165625 0.9541666671875 0.1890625 0.9375 0.2046875 0.9375 0.203125 0.9229166671875 0.1953125 0.91875 0.1875 0.8979166671875 0.165625 0.8916666671875 0.1515625 0.8770833328125001 0.159375 0.7041666671875 0.16875 0.68125 0.1703125 0.51875 0.1921875 0.5 0.1796875 0.2854166671875 0.159375 0.2 0.1484375 0.18125 0.1484375 0.1729166671875 0.16875 0.1520833328125 0.16875 0.0958333328125 0.1640625 0.0666666671875 0.1484375 0.0354166671875 0.1140625 0.0229166671875 0.084375 0.0458333328125 0.0875 0.1 0.103125 0.1270833328125
19 0.178125 0.51875 0.215625 0.5229166671875001 0.25625 0.5458333328125 0.278125 0.53125 0.284375 0.3770833328125 0.29375 0.3395833328125 0.196875 0.3270833328125 0.1828125 0.33541666718749996 0.1890625 0.49791666718750005 0.178125 0.51875
11 0.440625 0.4166666671875 0.5453125 0.43541666718750005 0.55625 0.4166666671875 0.5734375 0.4145833328125 0.615625 0.43541666718750005 0.63125 0.43333333281249997 0.6484375 0.25 0.64375 0.24375 0.5 0.24375 0.4609375 0.24583333281250003 0.4484375 0.2541666671875 0.440625 0.4166666671875
5 0.7421875 0.48333333281249996 0.740625 0.5104166671875 0.7 0.525 0.6734375 0.5583333328125 0.6609375 0.6083333328125 0.6625 0.6583333328125 0.6546875 0.675 0.6 0.675 0.5359375 0.7041666671875 0.596875 0.73125 0.6078125 0.75 0.6421875 0.7541666671875 0.65 0.7416666671875001 0.709375 0.7145833328125 0.7265625 0.68125 0.7796875 0.68125 0.8078125 0.66875 0.821875 0.6479166671875001 0.8328125 0.6083333328125 0.8421875 0.5 0.815625 0.5 0.784375 0.4625 0.7515625 0.4604166671875 0.73125 0.47291666718750003 0.734375 0.48333333281249996 0.7421875 0.48333333281249996
21 0.2921875 0.65625 0.3078125 0.6583333328125 0.328125 0.64375 0.3078125 0.5854166671875001 0.3375 0.5895833328125 0.396875 0.7479166671875 0.4125 0.7541666671875 0.4046875 0.7708333328125 0.3640625 0.79375 0.3125 0.8875 0.340625 0.9041666671874999 0.353125 0.9020833328125001 0.40625 0.8125 0.41875 0.8041666671875 0.475 0.9604166671875 0.5109375 0.9854166671875 0.528125 0.9854166671875 0.44375 0.7520833328125 0.5234375 0.6229166671875 0.6359375 0.5895833328125 0.646875 0.5916666671875 0.6609375 0.6125 0.671875 0.5666666671875 0.7 0.5291666671875 0.7 0.51875 0.6859375 0.5041666671875 0.678125 0.5166666671875 0.665625 0.5166666671875 0.659375 0.54375 0.634375 0.5625 0.5015625 0.5520833328125 0.440625 0.5645833328125 0.4328125 0.55625 0.434375 0.5479166671875 0.4546875 0.5354166671875 0.5140625 0.53125 0.546875 0.5375 0.5734375 0.5270833328125 0.575 0.5041666671875 0.5578125 0.5020833328125 0.2578125 0.54375 0.284375 0.5958333328125 0.2921875 0.65625
9 0.5734375 0.5229166671875001 0.5484375 0.5395833328124999 0.60625 0.5625 0.6375 0.5625 0.65625 0.5458333328125 0.6859375 0.4270833328125 0.6765625 0.42083333281249996 0.6609375 0.425 0.6359375 0.5270833328125 0.5734375 0.5229166671875001
2 0.434375 0.5458333328125 0.4359375 0.55625 0.4515625 0.5625 0.559375 0.5479166671875 0.4984375 0.5291666671875 0.4859375 0.5375 0.45 0.5333333328125 0.434375 0.5458333328125
5 0.4265625 0.6708333328125 0.440625 0.6645833328124999 0.4609375 0.6291666671875 0.4609375 0.6208333328125 0.396875 0.6208333328125 0.39375 0.6333333328124999 0.40625 0.6604166671875 0.4265625 0.6708333328125
5 0.5078125 0.5083333328124999 0.5046875 0.48125 0.4890625 0.45625 0.459375 0.45 0.44375 0.46875 0.4375 0.5145833328125 0.5078125 0.5083333328124999
5 0.290625 0.5125 0.2921875 0.5333333328125 0.384375 0.5229166671875001 0.3828125 0.49583333281249997 0.3671875 0.46875 0.3296875 0.45416666718750004 0.3125 0.4604166671875 0.3015625 0.475 0.290625 0.5125
5 0.1828125 0.71875 0.20625 0.7666666671875 0.265625 0.7958333328125 0.3046875 0.8 0.3765625 0.7854166671875 0.415625 0.7583333328124999 0.4078125 0.7479166671875 0.3078125 0.7125 0.278125 0.7125 0.290625 0.6625 0.284375 0.59375 0.240625 0.5354166671875 0.215625 0.5208333328125 0.1859375 0.51875 0.1703125 0.5395833328124999 0.165625 0.6479166671875001 0.1828125 0.71875
21 0.753125 0.5979166671875 0.7984375 0.5270833328125 0.7984375 0.51875 0.7484375 0.5104166671875 0.7421875 0.51875 0.740625 0.60625 0.753125 0.5979166671875
21 0.740625 0.8020833328125001 0.7703125 0.8104166671874999 0.7640625 0.7708333328125 0.734375 0.70625 0.7203125 0.69375 0.7046875 0.7229166671875 0.7125 0.75 0.740625 0.8020833328125001