14 0.261553040625 0.23438095312499999 0.23351834375 0.203253434375 0.196459825 0.2051955875 0.1796342109375 0.23867413750000002 0.179455553125 0.27258412656250003 0.1741493734375 0.2832931734375 0.1824539671875 0.3297972765625 0.2013239546875 0.33532769375 0.20499923125000002 0.349477653125 0.1849072140625 0.37660803593750003 0.17819575468749999 0.39782169375 0.164824390625 0.515870778125 0.167959096875 0.5756845265625 0.043313659375 0.6043827109375 0.0242650125 0.632762284375 0.038702725 0.7962932859375 0.051469231250000004 0.797319253125 0.0621291765625 0.7967605890625 0.12864896875 0.7772368296875001 0.12809920625 0.710768259375 0.1366717859375 0.706407378125 0.22834285625 0.7016031015624999 0.2297951015625 0.710654084375 0.21904645312499998 0.7294715796875 0.2272571203125 0.7368644984375 0.2237650984375 0.7448707296875 0.25587935 0.7418838234375 0.2756518203125 0.6899966531249999 0.3013225984375 0.65735841875 0.3021827140625 0.6364514171875 0.32467641875000003 0.580510021875 0.3242111890625 0.5492415171875 0.322800571875 0.5223253296875 0.30189174687500003 0.40698550468750005 0.2523975234375 0.320916209375 0.2629159546875 0.26038693125 0.261553040625 0.23438095312499999
19 0.453382575 1 0.65551381875 0.98940675 0.8125116562500001 0.9809180671875 0.843671865625 0.9597269765625001 0.848385915625 0.9190599468749999 0.8834000609375 0.8781088265625 0.8864632921875 0.6193473578125 0.8837893828125001 0.56832610625 0.8772955203125001 0.5563728 0.7434384109375001 0.539918290625 0.7199906640625 0.577655503125 0.370366809375 0.6611720234375 0.37630748281250004 0.6439103734375 0.37412681875 0.602300809375 0.3922683859375 0.5752726453125 0.406278840625 0.506737134375 0.42496557343749997 0.4901113625 0.383550321875 0.46490056874999997 0.33960628125 0.57803255 0.3421018953125 0.5883327203125 0.3231895421875 0.6193128906250001 0.3070877515625 0.6292838421875 0.3010577484375 0.6635004875 0.2753869703125 0.6961387218749999 0.2574286578125 0.7453230750000001 0.22077901406249997 0.7550670234375 0.2129302578125 0.7359203062499999 0.22535677187499997 0.7117993953124999 0.22013992343750002 0.7055534484375 0.15786186875 0.7114250421875 0.15269198125 0.7247346890624999 0.140853 0.7227474015625 0.1323697484375 0.7101532890625 0.12783435625 0.716910328125 0.128247828125 0.7807783015624999 0.0157702609375 0.8140074703125 0.0179670015625 0.8559237718749999 0.026190885937500002 1 0.453382575 1
19 0 0.5130929546874999 0.012334071875 0.7484410671874999 0.029025403124999998 0.7562500875 0.032086215625 0.756089678125 0.0216619234375 0.66706010625 0.0236547390625 0.6304472999999999 0.0390750703125 0.6074733609375 0.0524556265625 0.601556634375 0.1461664734375 0.5796951453125 0.138862884375 0.5709508171875 0.097358303125 0.56269501875 0.09590605937499999 0.553644034375 0.1457484078125 0.4597609921875 0.14690428125 0.45009523749999997 0.1465221078125 0.4428029390625 0 0.45427857187500004 0 0.5130929546874999
15 0.6076979 0.48379444375 0.597945659375 0.4843055359375 0.5559898375000001 0.50475853125 0.479922353125 0.508745059375 0.41669025781249996 0.4964124703125 0.4068486875 0.5138785578125 0.3961939625 0.5718072390625 0.3767834046875 0.6119406109375001 0.3753558625 0.65830281875 0.3787149703125 0.658126775 0.598363725 0.6042396890624999 0.61564058125 0.5420523453125 0.6170882296875 0.4950371484375 0.6076979 0.48379444375
15 0.6052103390625 0.5968006109374999 0.6052441984375 0.5974466734375 0.6137288 0.59887089375 0.6200677625 0.5985386828125 0.718064896875 0.574496753125 0.75470994375 0.508686625 0.7583903234375 0.47441926875 0.758232990625 0.471417175 0.7386928875 0.44563640156249995 0.7042662749999999 0.4604793265625 0.6526521359374999 0.5205545984375 0.6052103390625 0.5968006109374999
15 0.4277361953125 0.494463284375 0.47606652499999996 0.507512878125 0.5570851453125 0.503266871875 0.57903828125 0.4929892640625 0.58048899375 0.48335152031249995 0.5802073234375 0.47797695156250003 0.5661089671874999 0.4701971953125 0.4461775796875 0.45822835156249997 0.42771532968750003 0.49406513125 0.4277361953125 0.494463284375
15 0.3220077609375 0.617288634375 0.3226130734375 0.6172569109375 0.382869784375 0.46311081718749997 0.38760384375 0.4452170046875 0.38753115625 0.44383001875000005 0.384228103125 0.4330506140625 0.312130778125 0.4331782390625 0.3070236359375 0.4334458921875 0.32703979843750003 0.55469991875 0.32785754843750003 0.5703035062499999 0.31248417812499996 0.6128330359375 0.3220077609375 0.617288634375
15 0.168036175 0.575289325 0.165194496875 0.5210668625 0.173635090625 0.422756009375 0.17331164375000002 0.41658429375 0.13194295 0.48369339531250005 0.0987005953125 0.5584522875 0.16675619218749999 0.57535640625 0.168036175 0.575289325
21 1 0.497219421875 0.998919521875 0.46629028906250003 0.9980381703125 0.4494730890625 0.9010362140625 0.4402576359375 0.8854326265625 0.4410753859375 0.8822131890625 0.4542828109375 0.864659153125 0.45520277968749995 0.85590331875 0.43740747031250005 0.724541825 0.43125313125 0.7234091265625 0.4469589359375 0.7408268687499999 0.443438371875 0.758836740625 0.4698757890625 0.761515609375 0.5023321515625 0.918143603125 0.5241126421875 0.9150788390625 0.7641853843749999 0.9184815328125 0.773134146875 0.9238793375000001 0.773503196875 0.9292938640624999 0.7732194328124999 0.9356976375 0.523192675 1 0.5055441203125 1 0.497219421875
4 0.663809903125 0.1251579359375 0.667987978125 0.186220875 0.74183243125 0.17713537031249998 0.7458318484375 0.27210829687500004 0.8328312359375 0.2714604625 0.8352890796875 0.3743374015625 0.8620012750000001 0.3746325046875 0.876416875 0.37387701562500003 0.879914578125 0.274208409375 0.9870616 0.26988284687499997 0.9766564765625001 0.07134126562500001 0.973779578125 0.07149203750000001 0.8547705828125001 0.09298431874999999 0.8136748765625 0.0925303109375 0.663809903125 0.1251579359375
7 0.6839009484374999 0.40900065625000004 0.699114453125 0.40820334999999996 0.712814275 0.4052687953125 0.716306296875 0.3972625640625 0.7464701 0.394377875 0.7423717015625 0.1986209671875 0.741235434375 0.1769396875 0.6893905109375 0.1822307 0.665486928125 0.1926105265625 0.666774303125 0.4037700375 0.6839009484374999 0.40900065625000004
16 0.32344562187500003 0.1465161203125 0.31629802812499996 0.15940786406250002 0.31510601562499996 0.22622849218750002 0.32270445 0.40107043593749997 0.3507570109375 0.42880695468749996 0.3913263359375 0.4266808078125 0.40394300625 0.46278873750000005 0.43927859218750004 0.46093687812499995 0.49772393125000003 0.45657001875000003 0.48122601875 0.171626278125 0.3530924359375 0.144962396875 0.32344562187500003 0.1465161203125