21 0.88671875 0.6940104171875 0.880859375 0.6940104171875 0.876953125 0.7122395828125 0.87109375 0.8294270828125001 0.87890625 0.8372395828125001 0.8759765625 0.8411458328125001 0.888671875 0.83984375 0.896484375 0.66015625 0.90234375 0.6497395828125 0.904296875 0.6002604171875 0.92578125 0.5768229171875 0.9248046875 0.5598958328125 0.6416015625 0.5208333328125 0.630859375 0.55859375 0.6123046875 0.5833333328125 0.5791015625 0.6067708328125 0.5556640625 0.6119791671875 0.5166015625 0.6067708328125 0.4775390625 0.578125 0.455078125 0.53515625 0.451171875 0.4986979171875 0.4365234375 0.4921875 0.3349609375 0.4817708328125 0.3271484375 0.5026041671875 0.3154296875 0.5052083328125 0.2998046875 0.5026041671875 0.2919921875 0.4765625 0.2490234375 0.4765625 0.01171875 0.50390625 0.0166015625 0.5416666671875 0.0458984375 0.5390625 0.1884765625 0.5729166671875 0.2197265625 0.5755208328125 0.2294921875 0.5572916671875 0.2431640625 0.5520833328125 0.2939453125 0.5546875 0.302734375 0.5768229171875 0.3095703125 0.71875 0.6982421875 0.828125 0.6953125 0.9934895828125001 0.732421875 0.99609375 0.744140625 0.8294270828125001 0.8857421875 0.6692708328125 0.880859375 0.6861979171875 0.88671875 0.6940104171875
5 0.3251953125 0.9427083328125001 0.314453125 0.9466145828125001 0.2958984375 0.5598958328125 0.234375 0.5638020828125 0.234375 0.68359375 0.2294921875 0.703125 0.015625 0.63671875 0.015625 0.6028645828125 0.0205078125 0.5989583328125 0.0947265625 0.6223958328125 0.1396484375 0.6276041671875 0.1708984375 0.6432291671875 0.2294921875 0.6510416671875 0.228515625 0.5872395828125 0.2236328125 0.578125 0 0.53515625 0.0009765625 0.9973958328125001 0.0439453125 0.9973958328125001 0.046875 0.98828125 0.0361328125 0.8151041671874999 0.2392578125 0.8958333328125001 0.2509765625 0.9973958328125001 0.3115234375 0.9973958328125001 0.3154296875 0.9505208328125001 0.31640625 0.9908854171874999 0.3212890625 0.9973958328125001 0.43359375 0.99609375 0.4375 0.9934895828125001 0.4306640625 0.9869791671874999 0.3779296875 0.9635416671874999 0.3251953125 0.9427083328125001
5 0.6669921875 0.8958333328125001 0.65625 0.91796875 0.658203125 0.9388020828125001 0.669921875 0.9466145828125001 0.669921875 0.99609375 0.6875 0.99609375 0.6953125 0.9518229171874999 0.6962890625 0.875 0.6865234375 0.875 0.6669921875 0.8958333328125001
5 0.943359375 0.8736979171874999 0.9111328125 0.8567708328125001 0.7587890625 0.8177083328125001 0.74609375 0.8294270828125001 0.73828125 0.9518229171874999 0.7392578125 0.9973958328125001 0.994140625 0.99609375 0.9921875 0.8684895828125001 1 0.8294270828125001 0.9990234375 0.53125 0.943359375 0.8736979171874999
21 0.15625 0.62890625 0.1533203125 0.625 0.1259765625 0.6276041671875 0.0849609375 0.6119791671875 0.03515625 0.6080729171875 0.033203125 0.62890625 0.0439453125 0.6458333328125 0.2099609375 0.6927083328125 0.228515625 0.69140625 0.23046875 0.6627604171875 0.2236328125 0.6484375 0.1494140625 0.6328125 0.15625 0.62890625
19 1 0.4596354171875 0.9052734375 0.4947916671875 0.8408203125 0.5078125 0.7080078125 0.5026041671875 0.7080078125 0.5286458328125 0.927734375 0.55859375 0.927734375 0.5768229171875 0.90625 0.6028645828125 0.89453125 0.82421875 0.9296875 0.8294270828125001 0.9365234375 0.8046875 0.9521484375 0.8072916671874999 0.955078125 0.7981770828125 1 0.52734375 1 0.4596354171875
19 0.8671875 0.8138020828125001 0.8720703125 0.6901041671875 0.78125 0.7903645828125 0.8291015625 0.8098958328125001 0.8671875 0.8138020828125001
14 0.873046875 0.4153645828125 0.8662109375 0.3932291671875 0.826171875 0.36328125 0.833984375 0.33984375 0.8359375 0.2981770828125 0.8232421875 0.28125 0.8076171875 0.28125 0.79296875 0.2981770828125 0.791015625 0.3346354171875 0.796875 0.3528645828125 0.7822265625 0.3723958328125 0.74609375 0.39453125 0.73828125 0.45703125 0.759765625 0.46484375 0.7626953125 0.5052083328125 0.826171875 0.5065104171875 0.84375 0.5013020828125 0.8427734375 0.4557291671875 0.87109375 0.4518229171875 0.873046875 0.4153645828125
15 0.841796875 0.45703125 0.841796875 0.4856770828125 0.84375 0.5013020828125 0.8515625 0.50390625 0.9189453125 0.4895833328125 0.978515625 0.46484375 0.8466796875 0.453125 0.841796875 0.45703125
15 0.4921875 0.44140625 0.5087890625 0.4739583328125 0.544921875 0.48046875 0.546875 0.4518229171875 0.5224609375 0.4192708328125 0.490234375 0.4127604171875 0.4921875 0.44140625
15 0.5751953125 0.484375 0.623046875 0.48828125 0.6162109375 0.4661458328125 0.568359375 0.4674479171875 0.568359375 0.48046875 0.5751953125 0.484375
15 0.5478515625 0.4296875 0.5693359375 0.4296875 0.5751953125 0.4427083328125 0.607421875 0.44140625 0.5927734375 0.40625 0.5751953125 0.421875 0.546875 0.41796875 0.5478515625 0.4296875
11 1 0.31640625 0.8916015625 0.3125 0.8828125 0.4518229171875 0.990234375 0.4596354171875 1 0.4544270828125 1 0.31640625
4 1 0.1627604171875 0.9951171875 0.1588541671875 0.77734375 0.1705729171875 0.7763671875 0.2552083328125 1 0.2591145828125 1 0.1627604171875
3 0 0.4075520828125 0.0537109375 0.4088541671875 0.0830078125 0.3984375 0.091796875 0.41015625 0.09375 0.48046875 0.0986328125 0.4869791671875 0.1171875 0.4856770828125 0.29296875 0.46484375 0.294921875 0.42578125 0.3046875 0.41796875 0.310546875 0.1158854171875 0.3271484375 0.03125 0.2548828125 0 0 0.0013020828125 0 0.4075520828125