11 0.073643221875 0 0.031433846875 0.262183646875 0.019599417187500003 0.3369033 0.0921590859375 0.34839562343749997 0.088017003125 0.33442461093750003 0.0492976171875 0.297970840625 0.16001595625 0.3168252171875 0.16971526406249998 0.3117698671875 0.1918636375 0.17817317187499998 0.2131144578125 0.044000778125 0.1445141421875 0 0.073643221875 0
4 0 0.6090630140625 0.008705689062499999 0.6104418593750001 0.034367828125 0.6138471859375 0.0395559578125 0.5935758812499999 0.1943674890625 0.558771490625 0.2176379625 0.424957025 0.226751025 0.3674194140625 0.097655809375 0.3391152 0.0936898234375 0.351670190625 0.0192165984375 0.34119310468749997 0 0.4625219328125 0 0.6090630140625
5 0.452330765625 0.46199688281249995 0.42636013281249996 0.5198442953125 0.41749952031250004 0.46966329531250006 0.43795853749999997 0.47158537031250003 0.44227799062499995 0.46304130781249997 0.419590340625 0.45021973906249996 0.41315008437499995 0.43469824843750005 0.40966327500000005 0.2944047125 0.3267668015625 0.27468363125 0.32674892031249997 0.4183770203125 0.3300918671875 0.434726259375 0.3465309859375 0.45578635624999997 0.32936100156250003 0.47679654843749997 0.2805709578125 0.58508059375 0.315725690625 0.5379159984374999 0.317355215625 0.5276275765625 0.34919698125 0.507622853125 0.3594953953125 0.5237554156249999 0.3544450765625 0.57436976875 0.36283834375 0.540104653125 0.3697398953125 0.5464710078125 0.3650183734375 0.613089034375 0.3651185375 0.6131049 0.37471237031250004 0.552531825 0.3869098796875 0.5254608140625 0.39935302968749997 0.515566790625 0.417775140625 0.5303493921875 0.4307395515625 0.5983184515625 0.4293496140625 0.5321826078125 0.44113974375 0.5076837015625 0.4621139703125 0.4938676109375 0.474095825 0.49312872187499995 0.4943391859375 0.521382921875 0.4936083203125 0.5634532109375 0.49858079375 0.5695140296875 0.5013724984375 0.46449107500000003 0.5179014625 0.4568920703125 0.5261052359375 0.40509548124999994 0.4521629734375 0.38814472499999997 0.441271503125 0.44442550000000003 0.45279206250000004 0.452841746875 0.452330765625 0.46199688281249995
5 0.473225265625 0.37065130156250004 0.4797086265625 0.338456653125 0.4819418171875 0.32435684062500003 0.4724883484375 0.319120340625 0.4670545796875 0.322214659375 0.458200015625 0.365634909375 0.473225265625 0.37065130156250004
5 0.543583359375 0.4401962390625 0.53543573125 0.4916383390625 0.5507605328125 0.507248690625 0.5341896546875 0.5494467953125 0.537955553125 0.5518888953125 0.5406562640625 0.5523166453125 0.5558708171875 0.54365255625 0.5689669875 0.5483634125 0.5663848875 0.533452996875 0.57257950625 0.5317974984375 0.578121103125 0.5155371203125 0.5885273453125001 0.5185036203125 0.5786123812499999 0.54989109375 0.6140966484375 0.5568295640625001 0.61939260625 0.5233921984375 0.624718546875 0.5334639421875 0.6351787046874999 0.5298474125 0.639090775 0.523875453125 0.6298527625 0.51977566875 0.66438445625 0.5015153 0.672016875 0.4658113640625 0.669081309375 0.446890021875 0.679948846875 0.4407013875 0.66416275 0.4342461734375 0.6658461890625 0.417374721875 0.7036669156250001 0.422046621875 0.7147143609375 0.3828846890625 0.7161451984375 0.3738507328125 0.680949284375 0.36571594531249996 0.68146449375 0.349977778125 0.575419075 0.32659026406249997 0.543583359375 0.4401962390625
9 0.47820971874999996 0.372890909375 0.48993631875 0.37501188281250003 0.5358484359375 0.382283646875 0.53187045625 0.37743499375 0.5388498546875 0.3271261765625 0.48600387968750003 0.31743788125 0.47820971874999996 0.372890909375
21 0.3310043078125 0.4695424328125 0.33130864843749996 0.4701179609375 0.3336235421875 0.4704846046875 0.334862465625 0.47015350624999996 0.335677228125 0.4650092953125 0.341985671875 0.45888955937500003 0.34263748125000004 0.45477419062499996 0.3408114453125 0.451321021875 0.3357850578125 0.4518432328125 0.33334076874999996 0.4672758640625 0.3310043078125 0.4695424328125
21 0.31192086875 0.5638114843750001 0.3131430125 0.55609516875 0.3154794734375 0.5538286 0.3175163796875 0.540968075 0.31985284062499997 0.5387015046875 0.3194993734375 0.5346905796875 0.315641215625 0.5340795078125 0.31172914375 0.5400514671875001 0.3080627109375 0.5632004125 0.308823559375 0.5646392312499999 0.31192086875 0.5638114843750001
21 0.3903528453125 0.49186179374999994 0.3910597796875 0.49988364531249996 0.39182062812499996 0.5013224671875001 0.3929888578125 0.50018918125 0.3933962390625 0.4976170765625 0.3957327 0.49535050781249995 0.397362225 0.48506208749999996 0.3980631640625 0.484382115625 0.4006704046875 0.46792064375000003 0.399453046875 0.46561853124999997 0.39168281718750003 0.47097941875 0.388831146875 0.488984153125 0.3903528453125 0.49186179374999994
21 0.41499943437500003 0.35747429531249997 0.41138691562499996 0.3740402109375 0.41258512812500003 0.41641603437499997 0.4164432859375 0.41702710625000006 0.42717301250000006 0.380495425 0.551340990625 0.408071584375 0.5546120343750001 0.4048983875 0.55673041875 0.3915234390625 0.5546000421875 0.3874947421875 0.4890113625 0.377106515625 0.468606259375 0.36860140937499997 0.41499943437500003 0.35747429531249997
19 0.7747782984375 1 0.870517984375 0.55781146875 0.871610240625 0.5509152421875 0.7220894296875 0.5146098125 0.7153168859375 0.513537146875 0.6987274640625001 0.527520396875 0.6901185390625 0.5881176328125 0.6516447921874999 0.5688408500000001 0.556005615625 0.5484198375 0.44504768749999996 0.6059897234375 0.4230730234375 0.69479125625 0.41196589531249994 0.7774041546875 0.38778653125 0.8052140546875 0.373036903125 0.86088375625 0.353214753125 0.9798201093750001 0.48062556562500003 1 0.7747782984375 1
21 0.6634072921875 0.43214905000000003 0.67188445625 0.434810015625 0.6756887 0.4420041171875 0.6615142453125 0.5689538734374999 0.67308871875 0.570787090625 0.6791994406249999 0.5322055140625 0.6831115125 0.5262335546875 0.6841719140625 0.53826633125 0.6801157203125 0.5759868296875 0.6878728875 0.5772154453125 0.706553959375 0.44689269375 0.71005865 0.443492840625 0.7235622015625001 0.44563159375000005 0.7359514375 0.44232060000000006 0.7408580031249999 0.43756080468749997 0.7418569734375 0.4312535546875 0.7210340171875 0.42413814531250005 0.6689488890625 0.415888671875 0.6654441984374999 0.41928852499999997 0.6634072921875 0.43214905000000003
19 1 0.5223399375 0.960369221875 0.5098999140625 0.8954096312500001 0.564208709375 0.8697685328125001 0.6761591890624999 0.8735188624999999 0.689936321875 0.864173021875 0.6990025984375 0.797459709375 1 0.9270403437500001 1 1 0.53935085625 1 0.5223399375