5 0.30707058125 0.45815888749999995 0.32099622656250004 0.46011600937499997 0.2979903015625 0.5789035671875 0.3072740640625 0.580208315625 0.3232265390625 0.53406271875 0.32130006093749996 0.6263594968749999 0.3299063625 0.6212576125 0.350104865625 0.46631076875 0.36751261562500004 0.477172496875 0.3649058984375 0.5294013343749999 0.3752546421875 0.54558240625 0.38260915 0.6055226234375 0.388798325 0.6063924546874999 0.3902480453125 0.5960771640625 0.3830859078125 0.5235411359375 0.39526633125 0.47055399062500003 0.4063873328125 0.47001313749999996 0.43298405000000006 0.5053081734375 0.43463169687500003 0.5497196921875 0.43946872656249997 0.5714375671874999 0.4459478453125 0.570244340625 0.44419984687499997 0.4816387625 0.44767917500000004 0.4568820609375 0.46092735781250005 0.45243254843749997 0.4649837953125 0.38988842031250004 0.3879090453125 0.3769524640625 0.379790615625 0.4347181015625 0.3938138328125 0.44720797343749996 0.43065894218749995 0.45449002343749995 0.4312416078125 0.484025215625 0.42601983906249996 0.487498959375 0.4047424640625 0.4592629296875 0.3736990140625 0.44438102031250004 0.3663361703125 0.283456875 0.272531134375 0.266065821875 0.2754444640625 0.41374178281249996 0.2900503484375 0.45576685 0.22923468749999998 0.5965900921875 0.23542386406250002 0.597459925 0.24451247812500002 0.577699171875 0.2598878421875 0.5693410015625 0.27061854687500003 0.526669146875 0.2981743359375 0.4653238296875 0.30707058125 0.45815888749999995
21 0.3696314625 0.3722799109375 0.3832671640625 0.37630009062499997 0.5170118984375 0.401408109375 0.5244556453125 0.3708971484375 0.51207729375 0.36915748437499996 0.4982492234375 0.37773311249999997 0.370693665625 0.3534949265625 0.3682765390625 0.35946664375 0.3696314625 0.3722799109375
5 0.42455900625 0.3631690125 0.43148141874999996 0.31391349218750003 0.4057573109375 0.3060905890625 0.398698303125 0.3114099328125 0.3920658359375 0.35860239531250004 0.42455900625 0.3631690125
5 0.5306420421875 0.3381056703125 0.5025119218749999 0.47089972343750003 0.49332573281250003 0.4801277265625 0.49371325 0.48859741718749994 0.5105411125 0.5035852640625 0.47766875937500003 0.5915328843750001 0.5042599203125 0.5595053 0.5297888796875 0.546262703125 0.6120853984375 0.555724915625 0.610630121875 0.4987175890625 0.6123697859375 0.4863392390625 0.6289049265625 0.469728834375 0.6305442375 0.41315642343750003 0.6505614828125 0.405450628125 0.6607122999999999 0.3669048890625 0.6618720765624999 0.35865265625 0.6503635578125 0.3507238171875 0.6505559265625 0.3381280078125 0.5400206015625 0.316281859375 0.5306420421875 0.3381056703125
19 1 0.5111572078125 0.94557883125 0.49556315937499995 0.916955284375 0.5083708421875001 0.8746988140624999 0.550819653125 0.8622228890624999 0.5385472390625 0.695017578125 0.504529028125 0.6759677390625 0.5165784 0.6632074265625 0.5736916625 0.531589875 0.5446749843750001 0.4843040046875 0.57800173125 0.4500739484375 0.6194747734375 0.44465980937499994 0.6355443265625 0.4177898171875 0.8042802046874999 0.43896961718750005 0.8219834828125 0.47204267499999997 0.8224239828125001 0.4990241328125 0.8325274015625 0.4629254890625 0.999703303125 0.465036596875 1 0.93464336875 1 1 0.5349634046875 1 0.5111572078125
9 0.42142817499999996 0.36299197968749997 0.48583880468749996 0.37809275000000003 0.4883370453125 0.3784438546875 0.47896799218749997 0.3689748671875 0.48621659062499994 0.31739840468749997 0.43138384375000005 0.3033807421875 0.42142817499999996 0.36299197968749997
21 0.27486703437500004 0.35002045625 0.275051390625 0.337949471875 0.26878938125 0.3333877421875 0.26685526406250004 0.3331159203125 0.25957845156250003 0.3357748921875 0.25996596875 0.34424458593749996 0.272997390625 0.3497576953125 0.27486703437500004 0.35002045625
21 0.3309992515625 0.534892125 0.3292322359375 0.5690936343749999 0.3293080828125 0.5691042953125 0.3408573453125 0.4647481375 0.3272216453125 0.46072795781250003 0.31455890625 0.528373971875 0.3309992515625 0.534892125
21 0.2928912359375 0.45800694062499997 0.28998901875 0.444976215625 0.2825424921875 0.4418258671875 0.27045964218749996 0.5053457640625 0.2316547171875 0.5932485437499999 0.23515761875000002 0.59374084375 0.23758728750000002 0.593293384375 0.26195369375 0.554641709375 0.2711371046875 0.511752396875 0.2928912359375 0.45800694062499997
21 0.6363096515625 0.405814446875 0.6278009250000001 0.42144908281250004 0.63312026875 0.428508090625 0.6210429734375 0.55935060625 0.6318864015625001 0.5642932375 0.634506525 0.564661471875 0.6544924375 0.433615559375 0.6810863781250001 0.4352492875 0.6895951046875 0.4196146515625 0.6363096515625 0.405814446875
11 0.06535663124999999 0 0.0230599484375 0.3009565296875 0.061597353125 0.3074245125 0.10028511874999999 0.3128617234375 0.142854034375 0.021155640625 0.1258338015625 0.018763603125 0.096959028125 0 0.06535663124999999 0
4 0 0.6183657984375001 0.001375440625 0.612428184375 0.13511461875 0.570213584375 0.16565630781250001 0.3641251953125 0.0182758734375 0.3349969953125 0 0.46503659218750004 0 0.6183657984375001