7 0.12519160625 0.532770146875 0.1328854203125 0.5314135203125 0.1539589984375 0.5243922546875 0.1528316078125 0.4955033015625 0.1759130390625 0.49143342187499994 0.196389575 0.5063332375 0.22716481718749998 0.5009067328125 0.2303262 0.491279209375 0.1681112296875 0.13844058125 0.06485508281249999 0.15403001875 0.053935371875000006 0.16521065 0.1147543234375 0.532627265625 0.12519160625 0.532770146875
4 0.4622543796875 0 0.0382835296875 0.0747575 0.0481175046875 0.14177635 0.0549610765625 0.1524691734375 0.17246048281249998 0.13836170781249998 0.19507092343750002 0.26659188437500003 0.20101007656249997 0.2721555015625 0.3211685578125 0.256257 0.34613538125 0.3922691375 0.3808063078125 0.38615571718749997 0.3680607828125 0.2916202484375 0.357599540625 0.26041059375 0.6406846703125 0.22371675 0.6462862328125001 0.2161181921875 0.62073330625 0.09369553593749999 0.62690169375 0.0780640125 0.9231134015625001 0.0258338953125 0.9188044265625 0 0.4622543796875 0
10 0.33475533749999997 0.38898706562499996 0.3420511171875 0.40224449218749997 0.324213715625 0.276901221875 0.3206330625 0.2565943328125 0.1968590390625 0.274483271875 0.203708425 0.31332806875 0.2203672140625 0.40386809687499997 0.33475533749999997 0.38898706562499996
13 0.2568432 0.45045541718750004 0.340003871875 0.4384362859375 0.34667118750000003 0.42226003749999996 0.34085812031249996 0.38929249062500004 0.218947234375 0.40425069375 0.2321154671875 0.4958028546875 0.27148893749999997 0.4941489296875 0.2568432 0.45045541718750004
5 0.353556075 0.494486584375 0.18203119843749999 0.5115093484375001 0.1812413984375 0.49578257031249995 0.1538608515625 0.49796615937500005 0.21349823437499998 0.8193151671875001 0.2309781046875 0.82284384375 0.25049604375 0.8154357937500001 0.23082183125000003 0.726352984375 0.23071347343749998 0.6919956671875 0.2198000234375 0.6582214125 0.38114081093749996 0.6509273999999999 0.39606370156250004 0.735559315625 0.3004578953125 0.7444841796875 0.25485559687500003 0.78954585625 0.2547951578125 0.817322084375 0.32986398906250003 0.821273634375 0.3506239375 0.8321569671875 0.361989596875 0.8684958265624999 0.41912635 0.8663540953125001 0.427043134375 0.8887572140625 0.45057677500000004 0.8872519375 0.4525606671875 0.859136553125 0.4703843890625 0.83087251875 0.47824073437500003 0.881051865625 0.482256434375 0.8869546406250001 0.48410631875 0.8867606718750001 0.5006136718749999 0.88384998125 0.48554956562499996 0.7599745140625 0.4820122875 0.739913615625 0.42847898281249996 0.7338101375 0.383258103125 0.47734978437500003 0.35853663281250003 0.47774233749999995 0.353556075 0.494486584375
15 1 0.624560903125 0.9278412656249999 0.6049040375 0.909058946875 0.6108602078125001 0.8776564390624999 0.6520959093750001 0.8452828140624999 0.7609335171875 0.775561265625 0.950398096875 0.7773187546875 0.95564131875 1 0.9163766078125001 1 0.624560903125
5 0.82678385625 0.7993651078124999 0.8274848468749999 0.799241503125 0.8324829921875001 0.78619623125 0.828075521875 0.7499526249999999 0.8461222171875 0.745448334375 0.851271571875 0.735285175 0.8787973078125001 0.6506927703125001 0.8777818921874999 0.6449340703125 0.8751011468750001 0.63985364375 0.8037646031250001 0.6458213500000001 0.8150635625 0.7548913234375 0.82678385625 0.7993651078124999
5 0.9459527124999999 0.37918927812500003 0.9305650906249999 0.38190253125 0.9322884421875001 0.5997567187499999 0.944902371875 0.6094320734374999 0.995418528125 0.6203572640624999 0.996006915625 0.433609765625 0.987679753125 0.3863840765625 0.9582832281250001 0.3928811171875 0.9459527124999999 0.37918927812500003
21 0.22087408125 0.6232589546875 0.3720377 0.6111110671875 0.3714713203125 0.6078989703125 0.3652476453125 0.5872246390625 0.208826978125 0.6055506328125 0.21154022968750003 0.6209382546875 0.22087408125 0.6232589546875
21 0.200517484375 0.559549915625 0.21030354375 0.56443521875 0.36121109218749997 0.5497103234375 0.3575766671875 0.5290984734374999 0.3503779953125 0.5265146125 0.2408558109375 0.5352489671875 0.1963329875 0.547066053125 0.200517484375 0.559549915625
21 0.0669900171875 0.8286213921875 0.07314537812500001 0.8252883453125 0.0733746140625 0.8040932046875 0.044656225 0.6637183234374999 0.1777640640625 0.65208655 0.1701773546875 0.609060178125 0.15481819531250002 0.529265 0.006480106250000001 0.580494840625 0.05036094375 0.8293554375 0.063527803125 0.8292318734374999 0.0669900171875 0.8286213921875
21 0.8015656859375 0.5118766 0.7664434124999999 0.453283271875 0.625693778125 0.4648795296875 0.6200922156249999 0.47247808593749996 0.621671815625 0.5039316421875 0.60600078125 0.510661378125 0.5885209125 0.5071327015625 0.583546615625 0.47892206093749995 0.5690092328125 0.46958586406249997 0.38713147187499997 0.4897562890625 0.41409520468750005 0.6370514140625 0.7574825484375001 0.6161680625 0.7634217015625 0.6217316796875 0.7683959984375 0.64994231875 0.7878347156250001 0.8051751546875 0.808488746875 0.8454293390625001 0.8093551078125 0.8452765765624999 0.8218900375 0.807103303125 0.7892289078125 0.54313965 0.8075590171875 0.5346188749999999 0.8015656859375 0.5118766
5 0.266914828125 0.7743300046875 0.26745179218750004 0.7742353234375 0.27867005 0.76207653125 0.269625875 0.7107844609375 0.2708865453125 0.6763179671875 0.2703978828125 0.6735466265625 0.22273364999999998 0.6754212140625 0.231946621875 0.733294371875 0.255028053125 0.7292244921875 0.266914828125 0.7743300046875
5 0.0513258953125 0.6638644499999999 0.077155975 0.827225509375 0.08530199375 0.8284334859375001 0.0803881375 0.77244661875 0.1356014375 0.7706440453125001 0.142438746875 0.8262917562500001 0.155619503125 0.8279341421874999 0.1631445171875 0.8199964296875001 0.15839945625000001 0.77059065 0.168752340625 0.7674429875000001 0.1881556625 0.7706325078125 0.1971998390625 0.8219245781250001 0.21244567499999997 0.821781503125 0.18712989687499998 0.6782085875 0.14375997812500002 0.68194225 0.076095284375 0.7256054421875 0.062016371875 0.6738789609375 0.0513258953125 0.6638644499999999
5 0 0.5214030703125 0.010709598437499999 0.57186344375 0.029944125 0.568471878125 0.11193008125 0.53966776875 0.09986779375 0.47125913124999996 0.09416620625 0.46591805781250006 0.078778584375 0.4686313109375 0.0767405140625 0.4795680390625 0.047888725 0.4846553875 0.0450608546875 0.4798653375 0.059260645312500006 0.4760393609375 0.032615721874999996 0.47677106875 0 0.4868903578125 0 0.5214030703125
6 0.54047505 0.38761841874999997 0.5141135390625 0.38433364375 0.39972541562499997 0.3992146765625 0.382528959375 0.3916695140625 0.345699946875 0.4021299734375 0.34841319843749996 0.41751759374999997 0.359555884375 0.430096709375 0.4359271640625 0.42456341249999996 0.45572851718749996 0.4131388796875 0.4624574703125 0.434429275 0.4717913203125 0.43674997656250003 0.9099946703124999 0.391214984375 0.9394132859375001 0.3780946671875 0.95662120625 0.384580071875 0.9806643484374999 0.3803406171875 0.9848616531250001 0.3793999140625 0.9760335437500001 0.3293332203125 0.7787539437500001 0.3667581421875 0.7437942046875 0.3597007859375 0.5607286109375 0.3787584890625 0.54047505 0.38761841874999997
18 0.5417338421875 0.3666383890625 0.5344985015625 0.32560473437500004 0.5285593484375 0.320041115625 0.527709109375 0.33209056718749996 0.5320082234375 0.3339768578125 0.537434728125 0.36475209999999997 0.5294575046875 0.3701252109375 0.525948190625 0.383965696875 0.4553472703125 0.3884815234375 0.44589880156249995 0.3967583953125 0.44946229375 0.400096565625 0.5099937437500001 0.3947119171875 0.6084117921875001 0.38092801875000004 0.6198563359375 0.37891003749999996 0.6212142140625 0.3776128703125 0.62090361875 0.3758513921875 0.60333850625 0.37296403749999996 0.5567234328125 0.3785391921875 0.5510676921875 0.368959090625 0.5417338421875 0.3666383890625
20 0.755097353125 0.357443303125 0.7509670359375 0.3621381 0.7569061890625 0.3677017171875 0.7823632828125 0.3658572859375 0.82660269375 0.358056684375 0.858525646875 0.35745205156250004 0.8680467593750001 0.355773221875 0.8986455109374999 0.3493459 0.8983396265625 0.34761114375 0.8953947796874999 0.3432824421875 0.8867965515625 0.33950986250000004 0.8166478390625 0.34659029218750004 0.755097353125 0.357443303125
15 0.338320775 1 0.34125160781249997 0.9842725140624999 0.3423915203125 0.9232516937499999 0.35541052500000003 0.867738746875 0.35297990156250003 0.853954003125 0.3469865703125 0.831211728125 0.3072755078125 0.819703478125 0.0521785078125 0.8344062687499999 0.05127949375 0.8345647890624999 0.059803628124999994 0.8829075640624999 0.08092962031249999 1 0.338320775 1
19 0.5402367359375 1 0.7709609203125 0.9586134156250001 0.7946154390625 0.90155568125 0.7945883499999999 0.8929663546875 0.7930767140625 0.8843934390625 0.41055843750000004 0.8886229203125 0.3898526671875 0.8949182468749999 0.3776305078125 0.9155837234374999 0.353421684375 0.89076465 0.3432917734375 0.9176720578124999 0.34317089375 0.973224515625 0.3390978 1 0.5402367359375 1