11 0.4726574546875 0.40944537968750006 0.5408854484375001 0.43289786562500004 0.5605864296874999 0.4249272015625 0.6010167765625 0.43715472968749997 0.6086094375 0.45837179843750003 0.6318588234375 0.4684627453125 0.6550919078125 0.4527842875 0.70905700625 0.294470359375 0.7060207578125001 0.2872720015625 0.6393129265625 0.270639871875 0.5276305625 0.2470885546875 0.518538115625 0.2512628875 0.47516932343749996 0.3864534296875 0.4726574546875 0.40944537968750006
14 0.17328151875 0 0.1693033546875 0.0179168953125 0.17891610625 0.0374905171875 0.1526589984375 0.06529767187499999 0.1163218125 0.1335338171875 0.056349417187499994 0.38052864999999997 0.054878157812499995 0.45101651093750006 0.0427902125 0.512416 0 0.6761492046875001 0 0.8299147484375 0.0288451875 0.833152984375 0.049050171875 0.823160871875 0.061178868750000004 0.8261848953125 0.07733552187500001 0.806594971875 0.0576182390625 0.78879623125 0.0469893296875 0.7603808046875 0.0853099296875 0.6325200546875 0.108018634375 0.5866512890625 0.1175702578125 0.509589640625 0.1382425703125 0.43959491718750004 0.1594514890625 0.4191175546875 0.176628375 0.414811784375 0.21238005312500002 0.21975006718749998 0.20977852968750002 0.1010102875 0.21785481875 0.0879941515625 0.23301161406249998 0.0853318296875 0.2466278703125 0.043637396875 0.2506476765625 0.0081387484375 0.249377015625 0 0.17328151875 0
19 0.2649638796875 0.473873978125 0.277084425 0.46401329999999996 0.317929121875 0.332487653125 0.33508563125 0.295970128125 0.2956592171875 0.2732573484375 0.22642321562499998 0.2538477625 0.2072262390625 0.259796978125 0.187561934375 0.325748803125 0.177002303125 0.4068533484375 0.1694340921875 0.4242903875 0.2028206109375 0.48414526249999995 0.2119334328125 0.5121826859375 0.207917703125 0.5541236859375 0.21808930625 0.5585384734375001 0.2197407609375 0.558950228125 0.252867784375 0.5223887656249999 0.22354590000000002 0.4979011046875 0.225553765625 0.47693060468750004 0.2649638796875 0.473873978125
5 0.7546866578125 0.73795334375 0.7561986703125 0.7318889953125 0.7440699734375 0.728864971875 0.7622507921875 0.714073953125 0.809659765625 0.5755965171875 0.7914626453125 0.5646181296874999 0.7762813984375 0.52862634375 0.7494958359375 0.519800840625 0.7232265015625 0.52828094375 0.7292989999999999 0.5426776578125 0.7222388703125 0.564535596875 0.753072765625 0.5829589109375 0.7227877015625 0.6333800125 0.6849099765625 0.6625840453125 0.677341765625 0.6800210843750001 0.666221078125 0.6729541609374999 0.6838734421875 0.6215304859375 0.6944493734375 0.5661953453125 0.66715573125 0.552948940625 0.624217590625 0.5701557125 0.60099265625 0.5987188734375 0.5808161968750001 0.6538074468749999 0.5798326406250001 0.6965044515625001 0.53384195 0.6807434625 0.46007398750000006 0.685969271875 0.45603788125 0.695698515625 0.49597645 0.7292745484375 0.5537454859375 0.753339990625 0.5626903921874999 0.75557020625 0.6056346484375 0.7480269609375 0.6440163765625 0.7168014781250001 0.700619678125 0.735208490625 0.7546866578125 0.73795334375
21 0.3616198546875 0.7062428578125 0.4535197328125 0.6089178140625 0.48736950312499994 0.6023277265625 0.5955034625 0.607817434375 0.6197364046875 0.5752113750000001 0.6515579328125 0.55738003125 0.631844725 0.5460236421875 0.6217524203125 0.5671255765625001 0.5879067265625 0.5801580140625 0.5080499656249999 0.54521770625 0.5075378109375001 0.534354453125 0.5489680156250001 0.5296543812500001 0.5499678734375 0.5127267796874999 0.5378391765625 0.50970275625 0.2578874484375 0.46996251562499997 0.22454168281250003 0.47453115312499994 0.21949756874999998 0.48830329531250005 0.22404990468750002 0.4958796546875 0.29885847499999996 0.5381497562499999 0.3141212265625 0.7029885671875 0.3030127640625 0.7152486984374999 0.2822997 0.7208199093750001 0.20656055 0.8049973796875 0.20555661718749998 0.8154826312499999 0.222241725 0.832525365625 0.2379066 0.8342839468750001 0.29546900625 0.7713398437500001 0.3181980859375 0.757682834375 0.33194475 0.9221436437499999 0.357737621875 0.949240478125 0.3640483359375 0.950813915625 0.3728913265625 0.9516767765624999 0.35457195 0.747427853125 0.355059653125 0.7196369984375 0.3616198546875 0.7062428578125
5 0.48143115625000005 0.6003103515625 0.4723427828125 0.6109270359375001 0.4890919109375 0.6293276796875 0.5215930281250001 0.6374311171875 0.540062696875 0.6299586203125 0.5390383890625 0.6082321125 0.5213493484375 0.6016746281249999 0.48143115625000005 0.6003103515625
2 0.45598677500000007 0.5150600015625 0.4418420625 0.520121775 0.4054518984375 0.5046073515625 0.390299178125 0.513712025 0.3860428234375 0.5247283 0.412669109375 0.531366978125 0.4575191625 0.541207409375 0.499457446875 0.5409282375 0.4858045125 0.524641509375 0.45598677500000007 0.5150600015625
5 0.497979909375 0.5016434453125 0.5009957828125 0.476630046875 0.4944152046875 0.45781243125 0.467621490625 0.43610222500000007 0.45044460312499995 0.44040799531249997 0.42622388750000006 0.49234110781249996 0.497979909375 0.5016434453125
5 0.3265034671875 0.4078956625 0.2997301296875 0.4183972140625 0.27954144531249997 0.45415873281249997 0.276689271875 0.47169805625 0.284480265625 0.47364057031250006 0.37202683125 0.4836592640625 0.37200645625 0.4514475078125 0.3598614578125 0.42265407968749996 0.3265034671875 0.4078956625
5 0.1858593796875 0.62967739375 0.20654799375000002 0.5854520765625 0.21612406874999998 0.5470445359375 0.214071375 0.49714917343750004 0.1923136265625 0.448782121875 0.1670359984375 0.4274499203125 0.1488429546875 0.42291388437500005 0.133694309375 0.438460909375 0.1105019765625 0.5185628796875 0.10297452031250001 0.6004234312500001 0.11058755625000001 0.65385225625 0.16183173906249998 0.7039349328125 0.2056824484375 0.7148681421874999 0.25008794375 0.720840284375 0.3167753984375 0.705260659375 0.235890253125 0.6421514921875 0.1858593796875 0.62967739375
21 0.659370325 0.7262658156249999 0.6416772078124999 0.7132659796875 0.626028634375 0.7372768046875 0.6422627171874999 0.8400915546875 0.670568953125 0.85654270625 0.67433548125 0.8574818078125 0.671064296875 0.840831259375 0.66297985625 0.8409626953125 0.6700277609375 0.7997777 0.659370325 0.7262658156249999
21 0.715359590625 0.5727507921874999 0.6941343718749999 0.5674587515625 0.6855744546875 0.61470809375 0.6643232515624999 0.67462809375 0.675659625 0.67745456875 0.72651288125 0.631356525 0.757810028125 0.583334875 0.7219238671875 0.5657990046875 0.715359590625 0.5727507921874999
9 0.6738560328125 0.4614885421875 0.6672836046875 0.4555556296875 0.637978021875 0.4568373734375 0.5895284390625 0.5478188984375 0.5420216609375 0.5316799046875 0.4980673609375 0.5400448718749999 0.5051478671875 0.5503986890625 0.543102009375 0.5671082203125 0.6119504499999999 0.5842740656250001 0.6314789484375 0.56686678125 0.64357911875 0.524794346875 0.6592317671875 0.5072258734374999 0.6738560328125 0.4614885421875