14 0.284375 0 0.26875 0.03125 0.26875 0.0666666671875 0.2796875 0.12291666718750001 0.2390625 0.2125 0.23125 0.28125 0.2328125 0.5270833328125 0.2453125 0.56875 0.2515625 0.6625 0.24375 0.9895833328125001 0.2453125 1 0.390625 1 0.38125 0.9895833328125001 0.3640625 0.99375 0.3578125 0.9625 0.3390625 0.9520833328125 0.35625 0.6604166671875 0.3703125 0.55 0.38125 0.53125 0.3765625 0.2270833328125 0.3703125 0.2 0.3359375 0.16458333281249998 0.340625 0.15625 0.353125 0.15625 0.3578125 0.14375 0.3609375 0.058333332812500006 0.3515625 0.0229166671875 0.3328125 0 0.284375 0
19 0.2140625 0.40208333281249997 0.2109375 0.4375 0.1984375 0.45208333281249996 0.190625 0.4770833328125 0.184375 0.5270833328125 0.159375 0.53125 0.1328125 0.5 0.05625 0.4625 0.034375 0.47083333281249995 0.0328125 0.49375 0.0546875 0.525 0.0609375 0.5520833328125 0.0734375 0.56875 0.1 0.5833333328125 0.1953125 0.6708333328125 0.2109375 0.6791666671875001 0.2421875 0.6791666671875001 0.2515625 0.675 0.2515625 0.6604166671875 0.24375 0.5541666671875001 0.2375 0.55 0.2328125 0.525 0.2296875 0.3708333328125 0.225 0.3625 0.2203125 0.38333333281250004 0.228125 0.39375 0.2140625 0.40208333281249997
15 0.0953125 0.4895833328125 0.1234375 0.49791666718750005 0.134375 0.48125 0.1375 0.45 0.1453125 0.4375 0.1421875 0.4166666671875 0.13125 0.40208333281249997 0.0921875 0.4 0.0796875 0.41041666718750003 0.0703125 0.46875 0.0953125 0.4895833328125
19 0.1453125 0.5083333328124999 0.15625 0.53125 0.1765625 0.53125 0.1765625 0.45 0.1421875 0.44166666718750003 0.1359375 0.4479166671875 0.125 0.49583333281249997 0.1453125 0.5083333328124999
19 0.034375 0.4875 0.0375 0.46875 0.0578125 0.46458333281249997 0.0765625 0.47083333281249995 0.084375 0.4125 0.075 0.39791666718749996 0 0.3958333328125 0.0015625 0.55 0.0234375 0.53125 0.0421875 0.5270833328125 0.034375 0.4875
11 0.4453125 0.41875 0.5328125 0.4291666671875 0.55 0.43958333281249995 0.659375 0.4375 0.6671875 0.41041666718750003 0.678125 0.25 0.6734375 0.23958333281250002 0.5984375 0.23958333281250002 0.4578125 0.24375 0.453125 0.25 0.4453125 0.41875
5 0.428125 0.5895833328125 0.41875 0.625 0.415625 0.675 0.4234375 0.7208333328125 0.465625 0.8333333328125001 0.55625 0.86875 0.625 0.8645833328125001 0.6453125 0.9020833328125001 0.690625 0.9020833328125001 0.6671875 0.8479166671874999 0.6796875 0.8270833328125 0.678125 0.80625 0.5859375 0.775 0.6125 0.7229166671875 0.60625 0.6625 0.590625 0.6229166671875 0.5546875 0.58125 0.5328125 0.5666666671875 0.4921875 0.55625 0.5015625 0.54375 0.496875 0.5041666671875 0.4796875 0.4791666671875 0.45 0.47083333281249995 0.4359375 0.48333333281249996 0.428125 0.51875 0.428125 0.5895833328125
21 0.5953125 0.6333333328124999 0.684375 0.6479166671875001 0.6140625 0.7520833328125 0.5921875 0.7645833328125 0.584375 0.7791666671875 0.6484375 0.7958333328125 0.7515625 0.6583333328125 0.7703125 0.65625 0.7703125 0.68125 0.8046875 0.6833333328125 0.8671875 0.6020833328124999 0.93125 0.5583333328125 0.940625 0.54375 0.9265625 0.53125 0.85625 0.5229166671875001 0.8453125 0.5416666671875 0.8359375 0.58125 0.7921875 0.58125 0.78125 0.5958333328125 0.7296875 0.6020833328124999 0.6484375 0.5895833328125 0.6484375 0.575 0.6578125 0.5645833328125 0.6890625 0.5645833328125 0.7171875 0.5479166671875 0.7203125 0.5083333328124999 0.6953125 0.50625 0.490625 0.5541666671875001 0.55 0.5791666671875 0.5953125 0.6333333328124999
5 0.5984375 0.5291666671875 0.6015625 0.5041666671875 0.59375 0.48125 0.5796875 0.46458333281249997 0.55625 0.4604166671875 0.5453125 0.48333333281249996 0.54375 0.5395833328124999 0.5984375 0.5291666671875
5 0.9484375 0.5333333328125 0.921875 0.56875 0.903125 0.61875 0.9 0.65625 0.8734375 0.6479166671875001 0.834375 0.65 0.8125 0.6708333328125 0.815625 0.6833333328125 0.8078125 0.6958333328124999 0.775 0.6979166671875 0.7296875 0.725 0.7078125 0.7479166671875 0.6953125 0.775 0.7265625 0.7854166671875 0.7515625 0.7541666671875 0.778125 0.7520833328125 0.8296875 0.7708333328125 0.85625 0.81875 0.890625 0.825 0.875 0.775 0.8921875 0.76875 0.909375 0.75 0.93125 0.7083333328125 0.9515625 0.6916666671875 0.971875 0.6604166671875 0.996875 0.5354166671875 0.996875 0.5104166671875 0.9890625 0.5104166671875 0.975 0.5229166671875001 0.971875 0.5354166671875 0.9484375 0.5333333328125
9 0.7328125 0.55625 0.790625 0.5791666671875 0.8359375 0.5833333328125 0.8703125 0.45 0.865625 0.4375 0.853125 0.43333333281249997 0.821875 0.5458333328125 0.7359375 0.5395833328124999 0.7328125 0.55625
2 0.6453125 0.5854166671875001 0.675 0.5979166671875 0.6984375 0.5979166671875 0.7703125 0.5729166671875 0.7671875 0.5645833328125 0.7046875 0.5520833328125 0.690625 0.5625 0.65625 0.5645833328125 0.6453125 0.5854166671875001
21 0.521875 0.9604166671875 0.584375 0.88125 0.58125 0.86875 0.5359375 0.8604166671875 0.48125 0.9333333328125001 0.4828125 0.9479166671874999 0.521875 0.9604166671875
21 0.6796875 0.9979166671874999 0.7359375 0.9979166671874999 0.6671875 0.8479166671874999 0.6578125 0.84375 0.625 0.8583333328125 0.621875 0.86875 0.6796875 0.9979166671874999