14 0.7040979515625 1 0.7430068546874999 0.7701240140625 0.76235911875 0.6923480468750001 0.767936653125 0.6823795609375 0.796680928125 0.67652919375 0.804178165625 0.662546078125 0.850792940625 0.309013525 0.8505586812500001 0.23998041718750002 0.8385470125 0.2159253265625 0.785416253125 0.1778163265625 0.8035751109374999 0.09575336718750001 0.8050789796875 0.0247810328125 0.7256947140625 0.0178358109375 0.7155265453124999 0.13405852499999998 0.6727220093749999 0.193052353125 0.6309029625 0.222854321875 0.61318486875 0.2819516390625 0.5780619703125 0.5758421515625 0.57725805625 0.6029586046875 0.6012550515624999 0.6155145265625 0.6036682046874999 0.65964276875 0.5852252250000001 0.8525193109375 0.566444028125 0.9596233171874999 0.5631756875 0.99698061875 0.564645975 1 0.7040979515625 1
21 0.8741894718750001 0.5614925937499999 0.8091260703125001 0.6059912749999999 0.8009288765625 0.6638302703125001 0.8046906671875 0.6746158421875 0.8259377015625 0.6827485906249999 0.8357441343750001 0.696154290625 0.871701525 0.787134390625 0.8867592312499999 0.8067505671875 0.8872834875000001 0.8067964328125001 0.8992260515625 0.7414427734375 0.9114705687500001 0.70905336875 0.9472449718749999 0.6766312703125 0.987248275 0.6675833578125 0.9956007 0.5721147 0.8934128453125 0.556900546875 0.8741894718750001 0.5614925937499999
5 0.7970440765625 0.6723783812499999 0.76069860625 0.6754724390625 0.7474686015625001 0.737053703125 0.751515925 0.76250329375 0.76168550625 0.771758184375 0.78337330625 0.7569252890625 0.7874982453125 0.7635600484375 0.8667009359375 0.7725806765625001 0.8321185249999999 0.6838121640625 0.7970440765625 0.6723783812499999
5 0.8880973234375 0.7969340015624999 0.9001353359375001 0.8565433468749999 0.8761646828125 0.8795416828124999 0.8737265984375 0.9253367890625 0.8465585890625 0.9538064421874999 0.9613232265624999 0.963847046875 0.9848614640625 0.6590093734375 0.9278400234375 0.683298721875 0.8989405187499999 0.726778753125 0.8880973234375 0.7969340015624999
19 0.4954679296875 0.62351250625 0.49134299062500003 0.616877746875 0.48457205 0.622559240625 0.4882035390625 0.581051128125 0.4979836296875 0.55890256875 0.5239765328125 0.4231514265625 0.54473011875 0.38314130468749996 0.548465565625 0.3583726171875 0.4485605625 0.334993021875 0.42505701875 0.37057997187499997 0.40085351718749995 0.45002280156249996 0.3559213625 0.479552409375 0.3287599859375 0.521093215625 0.25539402031249997 0.48121386250000003 0.2128999484375 0.464948365625 0.1893700609375 0.464981059375 0.182054396875 0.47688877031250004 0.18233992968749999 0.49155278906250005 0.20537777968749998 0.568854828125 0.2700531015625 0.618430303125 0.280508215625 0.6423492125 0.3136629625 0.6577976249999999 0.363239675 0.7029152062499999 0.375108390625 0.703953584375 0.4069009828125 0.7035981390625 0.44469905 0.6839008359375 0.4567619921875 0.6535868359375 0.4954679296875 0.62351250625
11 0.577040025 0.2468971828125 0.5641468265625 0.2687733765625 0.541370990625 0.42153630781249996 0.54962086875 0.434805828125 0.5819907421875 0.441297584375 0.5869846984375 0.4417344984375 0.5954872390625 0.43045345 0.621272225 0.26122345468749997 0.6173288593749999 0.25251328906250003 0.577040025 0.2468971828125
19 0 0.5205628765625 0.0000549625 0.5205676859375 0.0718963171875 0.5169193562500001 0.07903040624999999 0.50708705 0.1303966953125 0.5115810187500001 0.13760840000000002 0.48293388281249994 0.1485042796875 0.48388714843749997 0.15146215624999998 0.521789171875 0.1915694171875 0.5294806859375 0.17844195937500001 0.4823237734375 0.11947447343749999 0.4750734953125 0.12227570624999999 0.42512757968750003 0.13078477500000002 0.4175068609375 0.13148473125 0.37365098125 0.0475669625 0.364740659375 0.02054965 0.3623769515625 0.0730883109375 0.39572874375 0.084400025 0.46363971406250004 0.07516465781250001 0.4795620546875 0.000994778125 0.46679915781250003 0 0.47816952500000004 0 0.5205628765625
15 0.078498265625 0.4788080609375 0.0867282703125 0.454955421875 0.074327109375 0.3994968859375 0.0103004703125 0.3604346203125 0.0008585984374999999 0.4683557109375 0.0686400703125 0.47794558125000003 0.078498265625 0.4788080609375
15 0.21157624218749999 0.408367690625 0.2024961078125 0.38666036875 0.1551508 0.372061734375 0.141531303125 0.4022395515625 0.120492184375 0.42758565624999995 0.121971121875 0.44653666875000003 0.1133844375 0.47297221718750004 0.11859819062500002 0.49956950312500004 0.11917548281250001 0.49962001093749997 0.12913155468749998 0.4722586203125 0.1815096734375 0.4831149859375 0.2068289640625 0.4267739796875 0.21157624218749999 0.408367690625
19 0.24368693593750002 0.43574968593749996 0.2068743578125 0.42625512812500005 0.20010341718750002 0.431936621875 0.19618639531249998 0.458780715625 0.24179357499999998 0.4753185734375 0.24368693593750002 0.43574968593749996
21 0 0.6099478953124999 0.031378279687499996 0.603561425 0.0376308390625 0.63966040625 0.0360230125 0.6938933140625 0.039240078125 0.7109051015625 0.0484562625 0.7192923437500001 0.05356370781250001 0.7197391875 0.07156456875 0.7179157109375 0.0785170828125 0.7101588109375 0.0977917296875 0.6511976765624999 0.11151518593750001 0.6377592828124999 0.13514903125 0.6544660171875 0.16371173125 0.6506910546875 0.172143184375 0.6618851671875 0.1818456578125 0.6585514421875 0.1748668 0.6307540828125 0.1878639578125 0.6256173125 0.1974624734375 0.6055441625 0.21915027343750001 0.5907112671875 0.185502078125 0.527119984375 0.11480845625 0.5104786359375 0.0981534671875 0.5215692625 0.098620575 0.5341578765625 0.0813945203125 0.5159204609375 0 0.5188167859374999 0 0.6099478953124999