19 0 0.5708935375 0.06801125625 0.584833725 0.0768474984375 0.630337896875 0.0914008828125 0.6363942890625001 0.111459878125 0.555496065625 0.12698590781250002 0.5337743484375 0.13248633125 0.5072094515625001 0.12375845 0.45526384062499997 0.18477638125 0.46298624374999997 0.20483278125 0.41228288125 0.16505543281249999 0.3735858421875 0.0420521125 0.3255294234375 0.0294388328125 0.32430653125000003 0 0.4341737484375 0 0.44356785 0.09680591250000001 0.4652965328125 0.10758485312499999 0.48543934375 0.11006157187500001 0.518455359375 0.0925954359375 0.535343575 0 0.51407484375 0 0.5708935375
15 0 0.51379283125 0.10369945625000002 0.5361620640625 0.1128659640625 0.501952190625 0.098854378125 0.46368859218749997 0.0928173421875 0.4620709734375 0 0.4414306578125 0 0.51379283125
21 0.2770858984375 0.61955645625 0.27999605625 0.6268067078125 0.27212468125 0.6441090078125 0.23460732968750003 0.651310865625 0.217032834375 0.6746405234374999 0.1910529421875 0.65689510625 0.214336803125 0.68470225 0.22349812343750003 0.7108820984374999 0.2155183890625 0.7346258390625 0.16711114375 0.7583211875 0.163445059375 0.765966165625 0.21842854687500002 0.741876090625 0.228456746875 0.7165244093750001 0.261443728125 0.7383041968749999 0.26209129375 0.729850409375 0.23341796406249998 0.6919718593749999 0.2323421453125 0.6658016890625 0.2705070625 0.65014604375 0.2614489140625 0.677914475 0.2760022984375 0.68397086875 0.2957362140625 0.6223969671875 0.40257112343749996 0.64023916875 0.40655969531249997 0.643464728125 0.396962340625 0.67324550625 0.410006465625 0.67889749375 0.4280144015625 0.629802071875 0.45884715 0.62943638125 0.44310958593749994 0.6036512578125001 0.34361203125 0.5101293828125 0.33681906875 0.5234069906250001 0.3411301265625 0.5375030875 0.3866220265625 0.566947209375 0.392550703125 0.5750062687499999 0.3883454125 0.5846635921875001 0.3192419796875 0.576931509375 0.2491710875 0.5365878171875 0.2510054265625 0.5176678984375 0.2420582328125 0.508800028125 0.24885119531250002 0.4955224203125 0.24755865625 0.4822351328125 0.21640342031249998 0.47173028749999996 0.12218179062500001 0.45511097968750003 0.1316655984375 0.4921613640625 0.085510571875 0.6523401921875001 0.10416088750000001 0.655180703125 0.139317659375 0.5179368078125 0.182002575 0.5940789578125 0.1303471265625 0.7808226796875 0.11568278750000001 0.8114025890625 0.1169484 0.8244130578125001 0.1179231296875 0.8246742359375 0.1397225734375 0.82431450625 0.140047653125 0.8049901828125 0.1564379703125 0.7619317953125 0.1664687640625 0.7063852546875 0.198496065625 0.60496885 0.2770858984375 0.61955645625
19 0.11195293749999999 0.6200633390625 0.10548294843749999 0.6385499484375 0.11104833750000001 0.640041190625 0.12424113750000002 0.6406105546875 0.1280155828125 0.6265241359375 0.11195293749999999 0.6200633390625
19 0.1393513625 0.5117449640625 0.10994543125 0.61548138125 0.12425630624999999 0.6209335874999999 0.1292011125 0.6222585453125 0.155553471875 0.54789948125 0.1397610875 0.51185475 0.1393513625 0.5117449640625
19 0.88366349375 1 0.960855453125 0.7119156875 0.7320930421875 0.6721872375 0.730261296875 0.6609122953125001 0.8054095453125001 0.579677415625 0.8081055765625 0.5696156890624999 0.7742569031250001 0.5389777109375 0.6906980734375 0.6395272359375 0.6709693453125001 0.640711415625 0.6466070734375 0.6169289609375 0.589471946875 0.588678696875 0.514550790625 0.536251253125 0.5136890984375 0.5273930625000001 0.58247523125 0.4638648859375 0.587219728125 0.45219521875 0.48006233125 0.42348248125000004 0.4402823890625 0.41498030156250004 0.43413699218749996 0.4198041234375 0.393482390625 0.5534180578125001 0.39930270625 0.5679185578125 0.45104576874999996 0.6162922765625 0.4528775140625 0.62756721875 0.425063284375 0.62874171875 0.40910381406249996 0.6762292000000001 0.2996812328125 0.662007284375 0.279735784375 0.676074346875 0.23153229375 0.8378611156250001 0.23346980468749998 0.8728894781250001 0.22365573125 0.9155531375000001 0.23022938124999998 0.9453532703124999 0.43417375312499995 1 0.88366349375 1
15 0.6834799031250001 0.6446028140625 0.7857534046875 0.5202203296875 0.682909659375 0.4754088296875 0.61908215 0.5445793140624999 0.5900785546875 0.5864148078125 0.6789586046875 0.6433913359375001 0.6834799031250001 0.6446028140625
19 0.7041060421875 0.48836766875000004 0.7229717703125 0.493422725 0.752766425 0.49844054218749995 0.73174775 0.45614257656249996 0.6761218828125 0.42829671718749995 0.64571998125 0.4330915046875 0.632781621875 0.451192934375 0.7041060421875 0.48836766875000004
15 0.5720516156250001 0.57430521875 0.57415060625 0.5748676421875001 0.627451771875 0.53145456875 0.6729514515624999 0.47031410781250005 0.60934844375 0.43601713125 0.5462768609374999 0.4902923890625 0.509618609375 0.5365472984374999 0.5720516156250001 0.57430521875
15 0.8054505046875 0.57348751875 0.77407595625 0.606060415625 0.7327815671875 0.657543553125 0.7331040546875001 0.6684140890625 0.7802006703125001 0.6850776375 0.7865207046875 0.6867710859375 0.9359923406249999 0.714150540625 0.9624056703124999 0.7061301953125 0.98559154375 0.6195993390625001 0.9552980015625 0.617952684375 0.941931390625 0.601430159375 0.8381175921875 0.5542019078125 0.8054505046875 0.57348751875
9 0.24608516875 0.53603055 0.30835113125 0.57320450625 0.3180606890625 0.5758061734375 0.38881721874999997 0.5829027875 0.38957314374999996 0.5680075609374999 0.3354565359375 0.5405661078125 0.3481859546875 0.444762978125 0.264423371875 0.40722108281249997 0.24608516875 0.53603055
2 0.2481469484375 0.5101618921875 0.2530564859375 0.485865096875 0.24658860312500003 0.47981838281250005 0.239473153125 0.48222545468750005 0.23774717500000003 0.4947039328125 0.2404906015625 0.5081103796875001 0.2481469484375 0.5101618921875