9 0.60192346875 0.5403745843750001 0.5519277515625001 0.532674371875 0.1838669609375 0.56336386875 0.1713910359375 0.5756362828125 0.17216329375 0.5923582078125 0.223879228125 0.8480659375 0.23663676250000001 0.9388405109375 0.2464028390625 0.9521946296875001 0.606437215625 0.920529365625 0.6349659671875 0.9102084890625 0.611784340625 0.5768572640625 0.60192346875 0.5403745843750001
21 1 0.6859540953125001 0.7353643671875 0.6815100546874999 0.733329203125 0.7343912640625 0.741737578125 0.794219959375 0.7160134703125001 0.8020428624999999 0.69938075625 0.7959652078125 0.69957868125 0.7412383984375001 0.6883656625000001 0.6839076765625001 0.6167078328125 0.6792518765625 0.6309039734375 0.9149869796875001 0.24582295156249998 0.9480685125000001 0.238474 0.9406861109375001 0.22001238125000003 0.8317789281250001 0.2111161375 0.8246139843750001 0.060250818750000004 0.8963081 0.0518368875 0.9038020234375 0.055896103125 0.9326848421875 0.118752484375 0.9533042578125 0.19195483124999999 0.9914039109375 0.2669971953125 0.9976878546875 0.25871303125 1 0.5349634078125 1 1 0.93464336875 1 0.6859540953125001
2 0.0697039453125 0.8934016937499999 0.09058056406250001 0.8875749421875 0.21417448125 0.8239211859375001 0.20412123906250002 0.7748426984375001 0.19648234375 0.7653972375 0.16137967656250002 0.751396328125 0.134108275 0.7594366890625001 0.07908593750000001 0.7271972328125 0.0636129984375 0.7293718124999999 0.030344790625 0.7508778125 0.05006097968749999 0.8911657906249999 0.058099243749999994 0.8950326296875 0.0697039453125 0.8934016937499999
5 0.61461689375 0.6756011 0.6763748281249999 0.6771776484375 0.677922125 0.676960190625 0.6738991515625 0.6483352546875001 0.6511776140625 0.5989333718750001 0.6190747390625 0.5613689875000001 0.60273196875 0.5573543921875 0.61461689375 0.6756011
5 0.19082232187499998 1 0.156236034375 0.973019003125 0.055859859375 0.932426959375 0.06535663124999999 1 0.19082232187499998 1
5 1 0.5385657187499999 0.967951871875 0.5289049875 0.9132167000000001 0.5323899 0.8700848406249999 0.55107453125 0.8419408296875 0.5865870265625001 0.827045 0.6265490328125 0.83148895625 0.68062346875 1 0.6870914171875 1 0.5385657187499999
19 0.7804421500000001 0.519493034375 0.7681585953125001 0.5443612578125 0.770380571875 0.571398475 0.746396128125 0.5915997296875 0.7394291390625 0.6430702546875 0.7440682421875 0.6760791890625 0.789422078125 0.6844317765625 0.82839436875 0.6810583859375 0.8371038000000001 0.6083049015625 0.8578988609374999 0.5654100046874999 0.8822708218749999 0.536739059375 0.8774393484375 0.491134315625 0.8604246734375 0.4262037328125 0.85056935625 0.3223984359375 0.8447676984375001 0.314798575 0.825620284375 0.3132819546875 0.6446844781250001 0.3281917875 0.631241146875 0.344807775 0.6472911953125 0.38042062187500003 0.6613060796875 0.4689146796875 0.6911869765625 0.4794418453125 0.709464559375 0.4747692921875 0.7216505390625 0.46043381875 0.7354786109375 0.469009446875 0.7734834953124999 0.46997963125000003 0.7804421500000001 0.519493034375
19 0.506766284375 0.5369175953124999 0.548491146875 0.5310535484375001 0.5302098625 0.479186796875 0.5123197984375001 0.47538965937500005 0.4992639859375 0.48353595625 0.506766284375 0.5369175953124999
15 0.521570096875 0.44016572031249995 0.5201175984375 0.4635117375 0.5500905125 0.530828771875 0.581616278125 0.5306057296875 0.5886780640625 0.5022637624999999 0.5755302328125 0.453620190625 0.5446847078125 0.413775290625 0.5354009453125 0.4150800375 0.521570096875 0.44016572031249995
15 1 0.46503659218750004 0.9934668562500001 0.41855086249999995 0.9001496890625 0.3832781640625 0.9038186093749999 0.454291984375 0.8811863109375 0.49534128125 0.8826360296875 0.505656571875 0.89182221875 0.5148845750000001 0.9190936203125 0.5068442140625 0.9340020093750001 0.510008496875 0.9389017703125001 0.5093198796875 0.9715092421874999 0.486854834375 1 0.48850255625 1 0.46503659218750004
19 0.8698617843750001 0.470898221875 0.8842251375 0.4870249234375 0.8853625828125 0.486865065625 0.9039998234375 0.45558139531249997 0.8985884625 0.405850534375 0.8605835781250001 0.40488035 0.8698617843750001 0.470898221875
19 0.6551893890625 0.47030027499999993 0.646393496875 0.4189412703125 0.558875209375 0.4249297421875 0.5566504531249999 0.43155383281250004 0.5722181875000001 0.45250781250000005 0.5833364109375 0.486709975 0.5842034640625 0.5265604609375 0.5953244640625 0.5271013124999999 0.6080183203125 0.543199671875 0.6086795578124999 0.5431067406250001 0.606543040625 0.517109415625 0.6190217437500001 0.4711756921875 0.6442607578125 0.48235523125 0.6551893890625 0.47030027499999993