19 1 0.83203125 0.970703125 0.7408854171875 0.9765625 0.6966145828125 0.9990234375 0.6848958328125 1 0.6705729171875 0.8564453125 0.5651041671875 0.7744140625 0.5208333328125 0.6982421875 0.4973958328125 0.5517578125 0.46875 0.5146484375 0.46875 0.4169921875 0.4895833328125 0.2607421875 0.5625 0 0.7278645828125 0.0009765625 0.9973958328125001 0.1015625 0.9934895828125001 0.0859375 0.8294270828125001 0.087890625 0.7903645828125 0.1044921875 0.7630208328125 0.1396484375 0.7447916671875 0.2177734375 0.7447916671875 0.5166015625 0.7760416671875 0.7841796875 0.7005208328125 0.8232421875 0.703125 0.857421875 0.7434895828125 0.896484375 0.85546875 0.916015625 0.9518229171874999 0.93359375 0.9856770828125001 0.9423828125 0.9973958328125001 1 0.99609375 1 0.83203125
15 0.8330078125 0.7135416671875 0.8134765625 0.7005208328125 0.7783203125 0.703125 0.5146484375 0.7786458328125 0.2333984375 0.7473958328125 0.1376953125 0.7473958328125 0.1005859375 0.7682291671875 0.087890625 0.7981770828125 0.091796875 0.88671875 0.1064453125 0.9973958328125001 0.935546875 0.99609375 0.916015625 0.9544270828125001 0.896484375 0.8606770828125001 0.859375 0.7486979171875 0.8330078125 0.7135416671875
5 0.2080078125 0.421875 0.2080078125 0.4114583328125 0.1923828125 0.4114583328125 0.203125 0.5924479171875 0.2109375 0.5924479171875 0.259765625 0.55859375 0.251953125 0.4361979171875 0.2470703125 0.421875 0.2080078125 0.421875
21 0.6904296875 0.46875 0.5859375 0.4700520828125 0.689453125 0.4908854171875 0.6904296875 0.46875
5 0.7236328125 0.4713541671875 0.7216796875 0.4583333328125 0.69140625 0.4596354171875 0.689453125 0.4934895828125 0.7138671875 0.5026041671875 0.8251953125 0.5 0.8232421875 0.5234375 0.787109375 0.5247395828125 0.849609375 0.5559895828125 0.8583984375 0.4609375 0.8330078125 0.4583333328125 0.8291015625 0.4713541671875 0.7236328125 0.4713541671875
21 0.822265625 0.5221354171875 0.8251953125 0.5 0.720703125 0.5013020828125 0.7822265625 0.5234375 0.822265625 0.5221354171875
21 0.9814453125 0.5182291671875 0.8701171875 0.4973958328125 0.85546875 0.5013020828125 0.8544921875 0.5598958328125 0.8916015625 0.5859375 0.9345703125 0.5833333328125 0.939453125 0.5872395828125 0.9375 0.6158854171875 0.955078125 0.6263020828125 0.962890625 0.5455729171875 0.9677734375 0.5338541671875 0.982421875 0.52734375 0.9814453125 0.5182291671875
21 0.494140625 0.4674479171875 0.4404296875 0.4661458328125 0.4091796875 0.4791666671875 0.3759765625 0.4661458328125 0.2548828125 0.4661458328125 0.25390625 0.48046875 0.26171875 0.4908854171875 0.265625 0.55859375 0.2802734375 0.5442708328125 0.2939453125 0.5442708328125 0.3994140625 0.4947916671875 0.494140625 0.4674479171875
13 0 0.5377604171875 0.05078125 0.5377604171875 0.123046875 0.53515625 0.1220703125 0.3515625 0 0.3502604171875 0 0.5377604171875
4 0 0.0013020828125 0.0009765625 0.1848958328125 0.1259765625 0.1979166671875 0.1337890625 0.2109375 0.1962890625 0.22135416718749998 0.2392578125 0.21875 0.2919921875 0.23177083281250002 0.3017578125 0.2265625 0.4150390625 0.23958333281250002 0.419921875 0.23046875 0.4248046875 0.1197916671875 0.4853515625 0.1302083328125 0.5419921875 0.1276041671875 0.5712890625 0.1458333328125 0.6240234375 0.1536458328125 0.6611328125 0.1458333328125 0.66015625 0.3294270828125 0.7421875 0.3372395828125 0.75 0.2669270828125 0.7529296875 0.08333333281250001 0.3603515625 0 0 0.0013020828125
10 0 0.34765625 0.119140625 0.3502604171875 0.125 0.3268229171875 0.123046875 0.20182291718749998 0.0009765625 0.1848958328125 0 0.34765625
18 0.2958984375 0.3619791671875 0.2880859375 0.3619791671875 0.287109375 0.3606770828125 0.287109375 0.33203125 0.2890625 0.3294270828125 0.2890625 0.32421875 0.2919921875 0.3229166671875 0.2958984375 0.328125 0.298828125 0.32421875 0.296875 0.31640625 0.2939453125 0.3125 0.2900390625 0.3125 0.28515625 0.3190104171875 0.28515625 0.32421875 0.283203125 0.3268229171875 0.283203125 0.35546875 0.28125 0.3580729171875 0.28125 0.3606770828125 0.271484375 0.36328125 0.271484375 0.3684895828125 0.2744140625 0.3723958328125 0.2802734375 0.3723958328125 0.2822265625 0.3776041671875 0.287109375 0.3763020828125 0.2880859375 0.3723958328125 0.2939453125 0.3723958328125 0.296875 0.3684895828125 0.2958984375 0.3619791671875
6 0.7626953125 0.4010416671875 0.6650390625 0.3984375 0.6533203125 0.3880208328125 0.5947265625 0.3932291671875 0.2255859375 0.3723958328125 0.1279296875 0.3723958328125 0.125 0.37890625 0.125 0.4153645828125 0.1416015625 0.4192708328125 0.2060546875 0.4088541671875 0.2158203125 0.4192708328125 0.2861328125 0.421875 0.287109375 0.3997395828125 0.3037109375 0.3958333328125 0.3095703125 0.4088541671875 0.4052734375 0.4010416671875 0.4111328125 0.4140625 0.4560546875 0.4244791671875 0.6796875 0.4283854171875 0.6826171875 0.4192708328125 0.7705078125 0.4244791671875 0.7734375 0.4075520828125 0.7626953125 0.4010416671875
20 0.5458984375 0.3828125 0.5126953125 0.3802083328125 0.5107421875 0.3828125 0.46875 0.3841145828125 0.4794921875 0.390625 0.4970703125 0.390625 0.4990234375 0.3932291671875 0.603515625 0.39453125 0.6044921875 0.390625 0.5654296875 0.3828125 0.5478515625 0.3854166671875 0.5458984375 0.3828125
5 0.408203125 0.4153645828125 0.4052734375 0.4010416671875 0.3955078125 0.4010416671875 0.390625 0.41015625 0.408203125 0.4153645828125
5 0.3076171875 0.4375 0.3076171875 0.421875 0.3564453125 0.4244791671875 0.3623046875 0.4140625 0.390625 0.4127604171875 0.3056640625 0.40625 0.3037109375 0.3984375 0.2900390625 0.3984375 0.2890625 0.4622395828125 0.3046875 0.4622395828125 0.3076171875 0.4557291671875 0.365234375 0.4544270828125 0.3583984375 0.4375 0.3076171875 0.4375
5 0.9541015625 0.4479166671875 0.9404296875 0.4479166671875 0.8916015625 0.4401041671875 0.888671875 0.4361979171875 0.8876953125 0.4192708328125 0.8828125 0.4205729171875 0.8798828125 0.4322916671875 0.865234375 0.43359375 0.859375 0.4778645828125 0.8603515625 0.4947916671875 0.8740234375 0.4947916671875 0.8779296875 0.4895833328125 0.9189453125 0.4947916671875 0.9462890625 0.5 0.9521484375 0.5130208328125 0.96875 0.51171875 0.9765625 0.4518229171875 0.9755859375 0.4427083328125 0.9580078125 0.4401041671875 0.9541015625 0.4479166671875