14 0.653326353125 0.2625560984375 0.651329034375 0.2397266375 0.625438678125 0.21271367031250002 0.601908790625 0.212680978125 0.5841380125 0.224692175 0.57661443125 0.2462633171875 0.5826840046874999 0.333566534375 0.59952056875 0.346732565625 0.5711131015625 0.380587265625 0.5635895203125 0.40215840625 0.565248621875 0.5107604046875001 0.603948375 0.5144327234375 0.7082375046875 0.5053086062500001 0.7115647187499999 0.49795940468750005 0.6863757296874999 0.3893247140625 0.6438567265625 0.3156668671875 0.653326353125 0.2625560984375
19 1 0.47816953125 0.9908116734375 0.373146478125 0.9814723484375 0.3739635625 0.9625081640625 0.390261753125 0.9340480124999999 0.49522496875 0.9082865453125001 0.541395921875 0.806953878125 0.6380956171875 0.6941806078125 0.7295223625 0.6693796984375 0.71496183125 0.10637559218749999 0.6261930796875 0.093378434375 0.6210563109375 0.08551804843750001 0.6029223828125 0.0721577421875 0.5936348015624999 0.0073271875 0.6055806140625 0.041834414062500005 1 0.503902790625 1 0.9922396499999999 0.9572760609375001 1 0.9310385359375 1 0.47816953125
15 0.060011303125000005 0.49065573437500004 0.0512167015625 0.4976990359375 0.0523061484375 0.5101514703125 0.0951619578125 0.6235143875 0.33089461249999996 0.6590939062500001 0.3319318671875 0.6590031578125 0.30169162968749996 0.528067603125 0.2928194125 0.5162960734375 0.2373281828125 0.5274248015625 0.060011303125000005 0.49065573437500004
15 0.9516408625 0.4453246828125 0.9534053328125 0.41170965 0.9328069796875 0.409329190625 0.8666790625 0.44230142031249997 0.8284651625 0.489561821875 0.7890841984375 0.5055549578125 0.5545116203125 0.5135296515625 0.43035043125000005 0.52857493125 0.416237484375 0.5465399828125 0.44168566406250004 0.676064909375 0.6580979734375 0.7115048609375 0.6919946343750001 0.73102066875 0.6934977171875001 0.7308891656250001 0.8157257828125 0.630792890625 0.9111953828124999 0.53878873125 0.9318200796875 0.5056149343749999 0.9516408625 0.4453246828125
9 0.3017765375 0.47525506718750005 0.293812190625 0.473860565625 0.2634074046875 0.4848858046875 0.26047587031249997 0.48723357343749996 0.26138374375 0.49761059999999996 0.2696072796875 0.5198953390625001 0.2912174640625 0.5159134015625 0.298169978125 0.5236703015625 0.310025003125 0.5874631515625001 0.3182485390625 0.609747890625 0.3640728109375 0.609137134375 0.3755347078125 0.6081343484375 0.400668296875 0.5837154734375 0.399942 0.5754138515625 0.3886829703125 0.57221630625 0.3276142078125 0.573376546875 0.31482496718749997 0.5347609265625 0.3017765375 0.47525506718750005
11 0 0.5029641515625001 0.0031289062499999997 0.5026904078125 0.0739522015625 0.4886518296875 0.07447199374999999 0.40495469999999995 0.060464417187499994 0.280702725 0 0.2752260890625 0 0.5029641515625001
4 0 0.207580003125 0.0166385265625 0.210034740625 0.0238238890625 0.2742361328125 0.053761567187500005 0.275799509375 0.06089565625 0.2856318125 0.07352966562499999 0.286617771875 0.195501815625 0.283527521875 0.2080581671875 0.28242898437499997 0.1936976265625 0.10043596562499998 0 0.055420107812499994 0 0.207580003125
19 0.7650491015625 0.4459646609375 0.7628438656250001 0.4566140515625 0.76528195 0.5024091546875 0.7713654 0.5091964421874999 0.7762574250000001 0.5087684453125 0.8285559484375 0.4905995234375 0.8669514234375001 0.445414528125 0.778694940625 0.440588221875 0.7650491015625 0.4459646609375
19 0.5661733109375 0.46754662031249994 0.5595839453125 0.46394053281250003 0.46372626562499997 0.46187053593750005 0.332871753125 0.490049153125 0.3404881609375 0.5594410640625 0.359967965625 0.5577368015624999 0.4180664015625 0.5495169109375 0.43666743593749996 0.5290679093749999 0.566873265625 0.5114025 0.5661733109375 0.46754662031249994
21 0.4248468671875 0.5732349578125 0.41862065 0.57377968125 0.40168012812500004 0.5773530765625 0.38307909375000004 0.597802078125 0.314227559375 0.5996432234375 0.33368378125 0.6606797640625001 0.363984609375 0.6663939515624999 0.3992406328125 0.657035575 0.403233321875 0.6700182421875 0.41298958125 0.6691646796875 0.4132496203125 0.6558099484375 0.435404528125 0.6580542265625 0.42731129375 0.5834758046874999 0.4248468671875 0.5732349578125
2 0.3753907546875 0.5637070015625001 0.3794117359375 0.57381166875 0.40592496406249995 0.57881158125 0.41221603125 0.578261184375 0.4247333828125 0.571937828125 0.4178848265625 0.5474415031250001 0.38831029687499996 0.5500289406250001 0.3753907546875 0.5637070015625001