21 0.5921875 0.725 0.5890625 0.8604166671875 0.6265625 0.8645833328125001 0.6296875 0.7520833328125 0.634375 0.75 0.8109375 0.76875 0.81875 0.7145833328125 0.634375 0.6895833328125 0.6390625 0.6770833328125 0.6375 0.625 0.6078125 0.6229166671875 0.5625 0.7104166671875001 0.5640625 0.71875 0.5921875 0.725
9 0.8203125 0.7104166671875001 0.8265625 0.68125 0.778125 0.65 0.771875 0.5166666671875 0.6359375 0.5125 0.6390625 0.6645833328124999 0.6453125 0.6770833328125 0.6828125 0.7 0.8203125 0.7104166671875001
4 1 0.5583333328125 0.8421875 0.5479166671875 0.809375 0.5354166671875 0.775 0.5333333328125 0.775 0.6145833328125 0.78125 0.6395833328125 1 0.6625 1 0.5583333328125
4 0.440625 0.6416666671875 0.4859375 0.6583333328125 0.5796875 0.6708333328125 0.60625 0.6229166671875 0.6390625 0.61875 0.6359375 0.5354166671875 0.609375 0.5229166671875001 0.60625 0.4458333328125 0.4671875 0.43541666718750005 0.440625 0.4458333328125 0.4359375 0.6291666671875 0.440625 0.6416666671875
15 0 0.65 0.159375 0.65 0.1625 0.64375 0.084375 0.4458333328125 0.0765625 0.43541666718750005 0.0625 0.43541666718750005 0.05 0.45 0 0.47291666718750003 0 0.65
15 0 0.7770833328125 0.0328125 0.8145833328125001 0.49375 0.8854166671874999 0.4984375 0.7291666671875 0.4859375 0.7041666671875 0.46875 0.6916666671875 0.3140625 0.6583333328125 0.19375 0.64375 0 0.6416666671875 0 0.7770833328125
4 0.4453125 0.1708333328125 0.4703125 0.1895833328125 0.940625 0.20416666718749998 0.940625 0.28125 0.998638784375 0.2785317671875 1 0.17252989218749998 0.9957983453124999 0.1498152046875 1 0.041920437500000005 0.725 0.0375 0.4515625 0.0395833328125 0.446875 0.054166667187499996 0.4453125 0.1708333328125
19 0.459375 0.6895833328125 0.475 0.6854166671875 0.4703125 0.65625 0.4484375 0.6416666671875 0.340625 0.625 0.265625 0.6229166671875 0.234375 0.6354166671875 0.2265625 0.6458333328125 0.459375 0.6895833328125
19 1 0.8833333328125 0.8125 0.9020833328125001 0.73125 0.9020833328125001 0.6921875 0.88125 0.496875 0.84375 0.4953125 0.8833333328125 0.4765625 0.8854166671874999 0.0453125 0.8145833328125001 0.028125 0.8083333328125001 0 0.7770833328125 0 1 1 1 1 0.8833333328125
15 0.8046875 0.7791666671875 0.790625 0.8979166671875 0.8265625 0.9041666671874999 0.9984375 0.8895833328125 1 0.6791666671875001 0.88125 0.6729166671875 0.8375 0.6875 0.821875 0.70625 0.8046875 0.7791666671875
21 1 0.6604166671875 0.7796875 0.6416666671875 0.7796875 0.6541666671875 0.825 0.6791666671875001 0.828125 0.6916666671875 0.875 0.6770833328125 0.884375 0.6583333328125 1 0.6770833328125 1 0.6604166671875