7 0.2001953125 0.453125 0.2314453125 0.453125 0.236328125 0.4440104171875 0.2373046875 0.0859375 0.1318359375 0.08333333281250001 0.119140625 0.09244791718749999 0.115234375 0.46484375 0.12890625 0.4674479171875 0.1552734375 0.4635416671875 0.1591796875 0.4348958328125 0.1826171875 0.4348958328125 0.2001953125 0.453125
4 0.693359375 0.24609375 0.689453125 0.12109375 0.6982421875 0.1067708328125 0.9990234375 0.1067708328125 1 0.0013020828125 0.119140625 0.0013020828125 0.1171875 0.06901041718749999 0.1220703125 0.08072916718749999 0.240234375 0.08723958281250001 0.240234375 0.21744791718749998 0.2451171875 0.22395833281250002 0.3662109375 0.22916666718749998 0.3671875 0.3684895828125 0.40234375 0.3684895828125 0.40625 0.2721354171875 0.4013671875 0.23958333281250002 0.6865234375 0.2526041671875 0.693359375 0.24609375
10 0.3564453125 0.3619791671875 0.361328125 0.3763020828125 0.3662109375 0.22916666718749998 0.240234375 0.22526041718749998 0.2412109375 0.3567708328125 0.3564453125 0.3619791671875
13 0.36328125 0.36328125 0.2392578125 0.3567708328125 0.236328125 0.44921875 0.275390625 0.4544270828125 0.2685546875 0.4088541671875 0.3525390625 0.4114583328125 0.36328125 0.39453125 0.36328125 0.36328125
5 0.3642578125 0.453125 0.3564453125 0.46875 0.1845703125 0.4557291671875 0.1865234375 0.4401041671875 0.1591796875 0.4375 0.162109375 0.7643229171875 0.1787109375 0.7708333328125 0.19921875 0.7669270828125 0.1953125 0.67578125 0.201171875 0.6419270828125 0.1962890625 0.6067708328125 0.3564453125 0.6276041671875 0.3564453125 0.7135416671875 0.2607421875 0.7057291671875 0.2080078125 0.7421875 0.203125 0.76953125 0.2763671875 0.7864583328125 0.294921875 0.80078125 0.2998046875 0.8385416671874999 0.3564453125 0.8463541671874999 0.3603515625 0.8697916671874999 0.3837890625 0.8723958328125001 0.390625 0.8450520828125001 0.4130859375 0.8203125 0.412109375 0.87109375 0.4150390625 0.8776041671874999 0.43359375 0.87890625 0.44140625 0.7330729171875 0.388671875 0.7174479171875 0.388671875 0.45703125 0.3642578125 0.453125
15 1 0.72265625 0.9033203125 0.6770833328125 0.8837890625 0.6796875 0.845703125 0.71484375 0.794921875 0.81640625 0.693359375 0.9908854171874999 0.6943359375 0.9973958328125001 1 0.99609375 1 0.72265625
5 0.8046875 0.79296875 0.84765625 0.7122395828125 0.8447265625 0.703125 0.7734375 0.6966145828125 0.765625 0.8059895828125001 0.76953125 0.8528645828125001 0.77734375 0.83984375 0.779296875 0.8033854171874999 0.7978515625 0.8020833328125001 0.8046875 0.79296875
5 1 0.47265625 0.9697265625 0.4739583328125 0.9599609375 0.4583333328125 0.9443359375 0.4583333328125 0.908203125 0.6731770828125 0.9189453125 0.6848958328125 0.966796875 0.7044270828125 1 0.51953125 1 0.47265625
21 0.2041015625 0.5729166671875 0.35546875 0.5872395828125 0.3525390625 0.5625 0.1953125 0.5533854171875 0.1953125 0.5690104171875 0.2041015625 0.5729166671875
21 0.193359375 0.4934895828125 0.1953125 0.5065104171875 0.2041015625 0.5130208328125 0.35546875 0.5247395828125 0.35546875 0.50390625 0.3486328125 0.5 0.2392578125 0.4895833328125 0.193359375 0.4934895828125
21 0 0.74609375 0.015625 0.7486979171875 0.0234375 0.74609375 0.02734375 0.7252604171875 0.0234375 0.58203125 0.1572265625 0.59375 0.1552734375 0.46875 0 0.4934895828125 0 0.74609375
21 0.794921875 0.5638020828125 0.7705078125 0.5 0.6298828125 0.4869791671875 0.623046875 0.4934895828125 0.619140625 0.5247395828125 0.6025390625 0.5286458328125 0.5859375 0.5221354171875 0.5859375 0.4934895828125 0.5732421875 0.4817708328125 0.390625 0.4700520828125 0.3916015625 0.6197916671875 0.7333984375 0.6588541671875 0.73828125 0.6653645828125 0.73828125 0.6940104171875 0.73046875 0.8502604171874999 0.744140625 0.89453125 0.763671875 0.8580729171874999 0.77734375 0.5924479171875 0.796875 0.5872395828125 0.794921875 0.5638020828125
5 0.1962890625 0.625 0.1953125 0.68359375 0.21875 0.68359375 0.22265625 0.73046875 0.236328125 0.7200520828125 0.236328125 0.66796875 0.244140625 0.6315104171875 0.1962890625 0.625
5 0.0390625 0.5950520828125 0.0302734375 0.5833333328125 0.02734375 0.7486979171875 0.03515625 0.7513020828125 0.0400390625 0.6953125 0.0947265625 0.703125 0.091796875 0.7591145828125 0.1044921875 0.7630208328125 0.11328125 0.7565104171875 0.1171875 0.70703125 0.1279296875 0.7057291671875 0.146484375 0.7122395828125 0.146484375 0.7643229171875 0.162109375 0.7669270828125 0.162109375 0.62109375 0.1181640625 0.6171875 0.0439453125 0.6484375 0.0390625 0.5950520828125
5 0.0908203125 0.3958333328125 0.0869140625 0.40625 0.0576171875 0.40625 0.0556640625 0.4010416671875 0.0703125 0.3997395828125 0.0439453125 0.3958333328125 0.0029296875 0.4010416671875 0.005859375 0.4856770828125 0.025390625 0.4856770828125 0.1123046875 0.4713541671875 0.111328125 0.40234375 0.1064453125 0.3958333328125 0.0908203125 0.3958333328125
6 0.5810546875 0.390625 0.5595703125 0.3958333328125 0.5341796875 0.3880208328125 0.4189453125 0.3828125 0.4033203125 0.3723958328125 0.365234375 0.3763020828125 0.365234375 0.3919270828125 0.3740234375 0.40625 0.4501953125 0.4140625 0.4716796875 0.40625 0.474609375 0.4283854171875 0.4833984375 0.4322916671875 0.9228515625 0.4635416671875 0.9541015625 0.4557291671875 0.9716796875 0.4661458328125 1 0.46484375 0.9990234375 0.4140625 0.7978515625 0.4166666671875 0.7646484375 0.4036458328125 0.5810546875 0.390625
18 0.5732421875 0.3802083328125 0.564453125 0.3763020828125 0.564453125 0.3346354171875 0.5595703125 0.328125 0.556640625 0.33984375 0.560546875 0.3424479171875 0.560546875 0.3736979171875 0.5517578125 0.3776041671875 0.5458984375 0.390625 0.4755859375 0.3828125 0.46484375 0.3893229171875 0.4677734375 0.3932291671875 0.5283203125 0.3984375 0.638671875 0.40234375 0.642578125 0.3997395828125 0.6240234375 0.3932291671875 0.5771484375 0.390625 0.5732421875 0.3802083328125
20 0.7763671875 0.4036458328125 0.771484375 0.4075520828125 0.7763671875 0.4140625 0.8017578125 0.4166666671875 0.8466796875 0.4166666671875 0.8798828125 0.421875 0.919921875 0.4205729171875 0.9169921875 0.4140625 0.9091796875 0.4088541671875 0.8388671875 0.4036458328125 0.7763671875 0.4036458328125
15 0.2919921875 0.7994791671875 0.2548828125 0.78125 0 0.7513020828125 0.0009765625 0.9973958328125001 0.2421875 0.99609375 0.259765625 0.94921875 0.271484375 0.8893229171874999 0.294921875 0.8346354171874999 0.2919921875 0.7994791671875
19 0.3232421875 0.8697916671874999 0.3076171875 0.8880208328125001 0.2880859375 0.859375 0.2734375 0.8841145828125001 0.263671875 0.9388020828125001 0.24609375 0.9908854171874999 0.2470703125 1 0.6875 0.9986979171874999 0.720703125 0.9466145828125001 0.7236328125 0.9296875 0.3447265625 0.8671875 0.3232421875 0.8697916671874999