11 0.879228678125 0.00527751875 0.8022905734375 0.0188437828125 0.5276623734375 0.0990002265625 0.5228626984375 0.1167703140625 0.5490016203125 0.2560134203125 0.5941658671875001 0.269204465625 0.613171159375 0.2870080421875 0.63868825625 0.3417419078125 0.6614029125 0.3715842546875 0.7617842171875 0.3559997953125 0.7635063671875 0.33877235625 0.731564146875 0.2745940515625 0.738987884375 0.2627076859375 0.8188201265625 0.265554884375 0.864149721875 0.3437675421875 0.8793403296875001 0.34108902812499997 0.9240777734375 0.33161400625000004 0.925626553125 0.2594148625 0.8890930906250001 0.0162309890625 0.879228678125 0.00527751875
19 0.5233502890625 1 0.605977565625 0.9210670609375 0.6196480453125 0.8996173375 0.617849228125 0.8174311046874999 0.5943343703124999 0.684071721875 0.5852851859375 0.668743559375 0.5101609234375 0.656604328125 0.4306904484375 0.6558088125 0.4103297828125 0.62132045 0.3564781171875 0.594852925 0.27963170625 0.5999411328125 0.09271294687500001 0.6646320343750001 0.02129805 0.664531575 0.080450184375 1 0.5233502890625 1
5 0.7590421640625 0.54740465 0.7193144390625 0.49306102812499997 0.6080134734375 0.275753515625 0.5916322453125 0.2638336625 0.53144214375 0.255407553125 0.5504474359375 0.2732111296875 0.5651065140625 0.3023584203125 0.6453571546875 0.5505266078125 0.6777528359375 0.6082785375 0.7097000640625 0.6364929328125 0.7337751031249999 0.647056159375 0.9306399515624999 0.656768490625 0.9302882015625 0.5827889890625 0.793073309375 0.560443290625 0.7590421640625 0.54740465
21 0.7797444203125 0.40386869062499997 0.7707819203125 0.41602638125 0.7782006484374999 0.44010392343750004 0.7934048812500001 0.45434678437500003 0.924378040625 0.4502919328125 0.9409212296874999 0.9029947281249999 0.9749164734375 0.8970004484375 0.975728925 0.885486528125 0.9787448078125 0.6776384796875 0.9839062484375001 0.661920075 0.9794883765625 0.537886209375 0.9833861374999999 0.497004959375 0.9980502250000001 0.49018834062499994 0.9935306421875 0.44656035000000005 0.9974233937499999 0.44164301093749997 0.981143878125 0.3493172828125 0.9734500671875 0.350673909375 0.7797444203125 0.40386869062499997
5 0.7991529421875 0.4509533421875 0.8215925171875 0.5062298578125 0.8443988656249999 0.5275941484375 0.8734519593750001 0.5393950828125 0.9271447609375001 0.54209155625 0.9294407781249999 0.5416867062499999 0.923787665625 0.464939903125 0.9116609562500001 0.45015439218750003 0.8817926359375001 0.4427281515625 0.7991529421875 0.4509533421875
3 0.6622633609374999 0.3674660234375 0.7117587953125 0.47720508125 0.7324812281249999 0.513745128125 0.7617127 0.5445538546875001 0.7884960203125 0.555432840625 0.8038115109374999 0.55273230625 0.80778386875 0.5448921546875 0.855032034375 0.5429074453125 0.8247152609375 0.5059436671875 0.797832771875 0.5064528312500001 0.7917744250000001 0.463096165625 0.8022756875000001 0.45066715156250003 0.882561390625 0.44708797499999997 0.8709848453125 0.381434125 0.789338759375 0.404292421875 0.7775738171875 0.39155859375 0.7652687296875 0.3577652859375 0.6622633609374999 0.3674660234375
5 0.75350754375 0.3180585265625 0.7831895890625 0.4056411203125 0.7855755484375 0.40522041093750005 0.8753298062500001 0.3790813875 0.8185940234375 0.264272584375 0.7252746890624999 0.26591899375 0.75350754375 0.3180585265625
3 0.6449501671875 0.548218465625 0.6071329890625 0.42372738125 0.6010696359375001 0.416334628125 0.58188095625 0.4154871640625 0.578716746875 0.3885439640625 0.5603432953125 0.38332180937500004 0.5389073468750001 0.27075058125 0.467945909375 0.26422374843749996 0.45338854375000004 0.15467058125 0.5189234734375 0.1304221734375 0.516844565625 0.1096340203125 0.4831751875 0.09864706250000001 0.43402649374999996 0.09885141562500001 0.3380780875 0.1305780125 0.3333701078125 0.1398700453125 0.3383431515625 0.1770716609375 0.309014978125 0.1907048984375 0.1916155953125 0.21775199218750002 0.088793615625 0.2104966171875 0.0985513078125 0.3378198703125 0.11844348593750001 0.486626334375 0.134906390625 0.5619959484375 0.12901640625 0.609574896875 0.22649856562499998 0.613540884375 0.3438062546875 0.594971846875 0.397387846875 0.61090963125 0.4194706609375 0.6281705546875 0.48889333593749995 0.6349687125 0.49432485000000004 0.629780046875 0.4747027453125 0.49150332187499995 0.47751019687499996 0.4804309328125 0.49371304531250004 0.47334298906249994 0.5001381671875 0.48278742656249996 0.5146955328125 0.592340590625 0.517136209375 0.6151804296875001 0.5096207781250001 0.6355448515625 0.5152306703125 0.6493639796874999 0.6890140875 0.6631461875 0.7296097593749999 0.65942571875 0.738957753125 0.657777415625 0.7387079359375 0.6480374062500001 0.676168853125 0.608293403125 0.6603327796875 0.581469121875 0.6449501671875 0.548218465625
2 0.2673051890625 0.39506279843750003 0.2034924078125 0.40208376875 0.21135958906250002 0.455698846875 0.2767111328125 0.4484065515625 0.2673051890625 0.39506279843750003
2 0.38392454531250003 0.44457467343749996 0.46472264531249996 0.4379963734375 0.47292842031250004 0.43654947499999996 0.45924221249999997 0.367829971875 0.3642924234375 0.3782257640625 0.361484971875 0.3892981546875 0.38392454531250003 0.44457467343749996
16 0 0.3090824953125 0.05312589375 0.575093884375 0.059347209375 0.585631996875 0.0626555453125 0.5850486484374999 0.08734042812500001 0.5711764125000001 0.107706103125 0.569700865625 0.11395284531250001 0.560137509375 0.1154149390625 0.4604525125 0.09841188906250001 0.36402341875 0.1018561890625 0.32956854375 0.1128109109375 0.310713153125 0.105035425 0.24862001718750001 0.1106503265625 0.2264752375 0.1031399046875 0.2108757515625 0.0859434484375 0.20333059062499997 0.025569959375 0.2118605921875 0 0.21806218593749999 0 0.3090824953125