11 0.5203125 0.4270833328125 0.5453125 0.4375 0.6515625 0.4375 0.6625 0.3604166671875 0.66875 0.2479166671875 0.6625 0.23958333281250002 0.625 0.23958333281250002 0.453125 0.24583333281250003 0.4421875 0.41875 0.5203125 0.4270833328125
14 0.2421875 0 0.23125 0.0041666671875 0.215625 0.029166667187500002 0.2140625 0.0645833328125 0.225 0.1208333328125 0.1953125 0.1916666671875 0.184375 0.23541666718749998 0.18125 0.5125 0.19375 0.55 0.2015625 0.6666666671875 0.196875 0.975 0.2203125 1 0.334375 1 0.3421875 0.9895833328125001 0.3390625 0.9729166671874999 0.31875 0.9645833328125001 0.3125 0.94375 0.2859375 0.925 0.309375 0.5395833328124999 0.3265625 0.53125 0.3296875 0.51875 0.325 0.45416666718750004 0.328125 0.35 0.3140625 0.2166666671875 0.2859375 0.16875 0.2859375 0.1625 0.3015625 0.15625 0.3109375 0.10833333281249999 0.296875 0.025 0.265625 0 0.2421875 0
5 0.359375 0.5666666671875 0.3453125 0.6145833328125 0.346875 0.69375 0.384375 0.80625 0.40625 0.825 0.4875 0.8520833328125 0.5453125 0.8458333328125001 0.59375 0.8229166671874999 0.6046875 0.8083333328125001 0.603125 0.7916666671875 0.50625 0.7583333328124999 0.5203125 0.7 0.5140625 0.6291666671875 0.484375 0.5854166671875001 0.4375 0.5520833328125 0.46875 0.5395833328124999 0.4671875 0.5104166671875 0.4578125 0.4875 0.4375 0.46875 0.4125 0.46666666718750005 0.39375 0.4916666671875 0.3875 0.5416666671875 0.359375 0.5666666671875
21 0.5078125 0.6229166671875 0.51875 0.66875 0.5140625 0.73125 0.53125 0.7708333328125 0.5921875 0.7875 0.69375 0.6458333328125 0.7359375 0.6395833328125 0.7546875 0.6666666671875 0.7984375 0.6520833328125 0.884375 0.5333333328125 0.8421875 0.5208333328125 0.8 0.5291666671875 0.790625 0.5375 0.78125 0.5770833328125 0.7328125 0.575 0.721875 0.5833333328125 0.7015625 0.5791666671875 0.6328125 0.5895833328125 0.5890625 0.5791666671875 0.5921875 0.5645833328125 0.60625 0.5541666671875001 0.678125 0.5479166671875 0.68125 0.5083333328124999 0.65625 0.50625 0.434375 0.55 0.475 0.5770833328125 0.5078125 0.6229166671875
5 0.5734375 0.5208333328125 0.5703125 0.4875 0.55625 0.46458333281249997 0.525 0.4583333328125 0.5171875 0.4791666671875 0.5140625 0.5333333328125 0.5734375 0.5208333328125
5 0.9125 0.6729166671875 0.8875 0.6645833328124999 0.903125 0.5416666671875 0.9 0.53125 0.8875 0.5291666671875 0.8546875 0.5666666671875 0.8015625 0.6479166671875001 0.771875 0.6666666671875 0.7796875 0.675 0.778125 0.6833333328125 0.7671875 0.6916666671875 0.7234375 0.69375 0.6796875 0.725 0.7578125 0.7583333328124999 0.79375 0.7645833328125 0.83125 0.7604166671875 0.8546875 0.7395833328125 0.8796875 0.7 0.90625 0.6895833328125 0.93125 0.6604166671875 0.953125 0.5541666671875001 0.95625 0.5145833328125 0.9453125 0.50625 0.915625 0.5520833328125 0.9078125 0.5895833328125 0.9125 0.6729166671875
19 0.0265625 0.5166666671875 0.0515625 0.5291666671875 0.071875 0.55625 0.1140625 0.5833333328125 0.1640625 0.65 0.1875 0.6666666671875 0.1984375 0.6604166671875 0.1953125 0.5833333328125 0.184375 0.5270833328125 0.1421875 0.5229166671875001 0.11875 0.49583333281249997 0.053125 0.4604166671875 0.03125 0.4583333328125 0.00625 0.48541666718750004 0.0109375 0.51875 0.0265625 0.5166666671875
2 0.5859375 0.56875 0.5859375 0.5833333328125 0.6265625 0.59375 0.6375 0.5875 0.65625 0.5916666671875 0.7078125 0.5770833328125 0.715625 0.5645833328125 0.65 0.5458333328125 0.634375 0.55625 0.603125 0.5520833328125 0.5859375 0.56875
15 0.090625 0.4875 0.121875 0.5 0.1328125 0.4895833328125 0.14375 0.4604166671875 0.1484375 0.4166666671875 0.1359375 0.40208333281249997 0.1 0.3958333328125 0.084375 0.4145833328125 0.075 0.46875 0.090625 0.4875
9 0.6859375 0.5520833328125 0.728125 0.5645833328125 0.7734375 0.5645833328125 0.7625 0.5708333328124999 0.7828125 0.575 0.815625 0.45 0.815625 0.43541666718750005 0.8078125 0.43333333281249997 0.778125 0.5416666671875 0.6953125 0.5354166671875 0.6859375 0.5520833328125
21 0.6203125 0.9770833328125 0.6734375 0.9770833328125 0.634375 0.8979166671875 0.625 0.86875 0.621875 0.8291666671875 0.60625 0.8083333328125001 0.565625 0.8354166671875 0.565625 0.8541666671874999 0.6203125 0.9770833328125
19 0.1375 0.47291666718750003 0.1234375 0.5 0.140625 0.525 0.16875 0.5291666671875 0.1828125 0.43125 0.159375 0.4270833328125 0.1484375 0.4291666671875 0.140625 0.44375 0.1375 0.47291666718750003
19 0 0.48541666718750004 0.0140625 0.48125 0.0234375 0.4604166671875 0.08125 0.47291666718750003 0.0890625 0.43541666718750005 0.084375 0.39791666718749996 0.0046875 0.39375 0 0.3958333328125 0 0.48541666718750004