20 0.16957345 0.36560216562500003 0.24466325000000003 0.3723618625 0.244714428125 0.37209857031250004 0.15700364218750001 0.3432620328125 0.03692765625 0.3212480796875 0.057236778125 0.3344809515625 0.16957345 0.36560216562500003
13 0 0.49976210312499997 0.11106317031249999 0.5437792015625 0.11721203437500001 0.5449744203125 0.1435522078125 0.4175816734375 0.1498233015625 0.385319696875 0.0316816390625 0.34516569375 0.025671971874999998 0.35253989531249996 0.0198681984375 0.3823977234375 0 0.49231246406249995 0 0.49976210312499997
6 0.704653796875 0.5812986796875 0.66687845 0.5965056140625 0.5007161234375 0.5403307578125001 0.3820626921875 0.5570604875 0.37070216875 0.5694432203125 0.36623008281249997 0.5924501078125 0.3731185203125 0.6030742625000001 0.6972069609375 0.7270875578125 0.7787255281250001 0.748371625 0.7972460703124999 0.751971653125 0.8592423281249999 0.6458354500000001 0.8629906140625 0.6306465953125 0.86767565625 0.6065441421875 0.8522087562499999 0.58477783125 0.8110936140625 0.560868409375 0.7142377875 0.547347359375 0.704653796875 0.5812986796875
13 0.7072596609375 0.5791523 0.6848222374999999 0.597340625 0.657483971875 0.5946795125000001 0.628795715625 0.5784914484375 0.500907846875 0.540368025 0.38417165781249996 0.5574704296874999 0.3738049296875 0.5647405187500001 0.36833904687499996 0.5928600484375 0.3733102453125 0.6031115296875 0.705067646875 0.7286155203125 0.7787255281250001 0.748371625 0.7955623859375 0.751644378125 0.8438850671875 0.6746851984375 0.8615082 0.638272953125 0.8676895453125001 0.6064726921875 0.8504832406249999 0.584442425 0.809368096875 0.560533003125 0.7144295109375001 0.5473846265625 0.7072596609375 0.5791523
6 0.592056715625 1 0.7022947312500001 0.8426821484374999 0.7033595453125 0.83771595625 0.7121133203125 0.792681684375 0.1543794 0.5650656265625 0.0007143140624999999 0.506014171875 0 0.5061270921875 0 0.8214832640624999 0.24202735 0.9535097921875 0.473360196875 0.999404859375 0.47642192968749997 1 0.592056715625 1
13 0.5881815703125 1 0.7056068046874999 0.8353672265625001 0.71216630625 0.8087867296875 0.7145088281249999 0.7967355031250001 0.7095094265624999 0.789699928125 0.3930899484375 0.6671773265625001 0.3500575640625 0.6428952296875 0.14327699375 0.5602546312500001 0.0958428765625 0.5483814640625 0.0044529328125 0.5067408859375 0 0.507046909375 0 0.8239089828124999 0.240014246875 0.9531184843749999 0.47403123125 0.9995352953125 0.47642192968749997 1 0.5881815703125 1
4 0.3087101609375 0.42262546562500003 0.2119246875 0.398506459375 0.1522066046875 0.393530709375 0.12452321250000001 0.5513034484375 0.352008071875 0.638366490625 0.35709035 0.6393543859374999 0.37042469218749996 0.5606346875 0.3807914203125 0.5533645968750001 0.495113471875 0.5384458390625 0.5111116625000001 0.5083459890625 0.51195729375 0.5039955953125 0.5098093640625 0.49355008749999996 0.4528593984375 0.4692155953125 0.3536597859375 0.4472802359375 0.3087101609375 0.42262546562500003
6 0.313884940625 0.3949799328125 0.2496925578125 0.37719638125 0.1487186234375 0.369507121875 0.15894464531250002 0.3834329453125 0.5155536078125 0.488564965625 0.556596184375 0.48725765625 0.5638211859375 0.4746547 0.563953090625 0.47397611093750003 0.55481965 0.46568906875 0.4086124671875 0.43992217812499995 0.3429997421875 0.4192096328125 0.313884940625 0.3949799328125
4 0.397211803125 0.147477971875 0.39046628437500003 0.15147259375 0.3360185171875 0.400874009375 0.40326485625 0.42853636875 0.49451149843750003 0.44958905312499997 0.514323 0.45344001875 0.525258084375 0.45092299531249996 0.5361194953124999 0.40528189374999996 0.5186510578125 0.39790701093749997 0.5204957328125001 0.3730629546875 0.5437862453125 0.3709579 0.5488981484375001 0.3600134671875 0.601261034375 0.12645585312500002 0.6079318953125 0.092137246875 0.58040716875 0.0597273203125 0.415454125 0.038275328125 0.3919569796875 0.14380363125 0.397211803125 0.147477971875
16 0.435836896875 0.0367988765625 0.582540978125 0.0600094453125 0.6068275015625 0.0886064390625 0.6128628484374999 0.083147321875 0.5816878875 0.043926171874999996 0.2695338640625 0.0018199328125 0.2380774890625 0.0049906125 0.297982478125 0.0468781140625 0.3025838390625 0.047772528125000005 0.318887434375 0.0498804625 0.40494998750000005 0.06262996562499999 0.4161675921875 0.035628459375 0.435836896875 0.0367988765625
10 0.5875668765625 0.4957980125 0.61753255625 0.5002962953125001 0.6162529203125 0.4761713875 0.629101925 0.4203050046875 0.6188055515625 0.4169771375 0.61319675 0.430477890625 0.601906578125 0.432262665625 0.5996331453125 0.4132503984375 0.590119509375 0.4366037625 0.5819536484375 0.4376693875 0.5710922359375 0.4833104875 0.5875668765625 0.4957980125
10 0.7098419609375 0.5407891453125 0.7909412703124999 0.5565532546874999 0.793937828125 0.55700308125 0.7985528328125 0.54861496875 0.830356103125 0.4136621890625 0.8322501625 0.403918096875 0.7523872859375 0.381793265625 0.7002766640625 0.532164925 0.7038275203125 0.5394874109375001 0.7098419609375 0.5407891453125