16 0.3844319109375 1 0.374021325 0.9031869312499999 0.382935853125 0.8595889624999999 0.3791615921875 0.8232739562500001 0.3734582515625 0.7872644859375 0.3606616359375 0.7813813859375001 0.34987799375 0.7382666718750001 0.3330435953125 0.5695521640625001 0.3402447 0.552591853125 0.338914728125 0.5317094765625 0.3315818625 0.4854115859375 0.322643403125 0.47891741562499995 0.3043951359375 0.32624660781250003 0.2995065578125 0.295381346875 0.29290455937500004 0.2911537453125 0.2986917953125 0.2902371375 0.29380321875000004 0.2593718765625 0.2978531015625 0.23500078750000003 0.26759904843750004 0.0314989515625 0.2405919453125 0.03577645625 0.258325003125 0.172709096875 0.25487422656250003 0.1758922734375 0.2516690890625 0.1618984640625 0.236643840625 0.16691485625 0.2473735671875 0.20344654062499998 0.2242785359375 0.2136960046875 0 0.23211744531249998 0 0.539350853125 0.0348151125 0.7591648234374999 0.062828703125 0.7362715093750001 0.047539934374999995 0.6147715015624999 0.10424406718749998 0.604472134375 0.304976090625 0.5858624453125 0.3196957359375 0.6850412578125 0.3291494046875 0.7072735953125 0.3277355359375 0.7233172984375 0.34053215312499996 0.7292003968749999 0.33322321875 0.7329946453125 0.33800396718750003 0.7506938453124999 0.3273520859375 0.7708373328125 0.34101132968750003 0.882048921875 0.3262556515625 0.9199804687500001 0.30158500781250003 0.9265245421875001 0.1788309 0.938057 0.1710606703125 0.9326961125000001 0.1647043109375 0.911291525 0.1355764046875 0.939634584375 0.12400193125 0.9414678000000001 0.03761286875 0.7705865281250001 0.0731852515625 1 0.09177483125 1 0.089548084375 0.9798826015625 0.093759709375 0.9752606046875 0.346984240625 0.950973546875 0.3554119171875 1 0.3844319109375 1
2 0.20236027031249998 0.93367115625 0.21119090156250003 0.926999265625 0.18256637343749998 0.7337858515625 0.20048252031249997 0.7064447687500001 0.20039239531250003 0.7058757484375 0.1676789359375 0.708459196875 0.140534021875 0.7430797499999999 0.170680246875 0.9334155234375 0.17813966718750002 0.938561975 0.183232440625 0.9377553578125 0.20236027031249998 0.93367115625
2 0.241460659375 0.9295875671875 0.25140560624999997 0.9174659296875 0.223595840625 0.7293967234375 0.23904106875000003 0.700188665625 0.2388984859375 0.6992884296875 0.20485024531249998 0.704681140625 0.1830851859375 0.7358129812499999 0.2117097140625 0.9290263968750001 0.218547515625 0.9337439765625 0.232668378125 0.9315074515624999 0.241460659375 0.9295875671875
2 0.2892299234375 0.9203078484375 0.291812021875 0.9053974328125 0.26411008593749996 0.7304942875 0.2765778890625 0.6974698187499999 0.2762830734375 0.6956084265625 0.24454972656249999 0.7006344953125 0.224713746875 0.7314608 0.253338275 0.9246742140625 0.280464596875 0.9255192515624999 0.28142913125 0.925366484375 0.2892299234375 0.9203078484375
2 0.32098183593749996 0.9222659046875 0.3304714703125 0.9135121671875 0.3406081421875 0.8776305125 0.3187463484375 0.723994 0.3138917203125 0.69334308125 0.28157964999999996 0.6984608109375 0.265194446875 0.7261039375 0.29148251406250003 0.917050784375 0.2977310453125 0.9252893109375 0.30892509375 0.9241755046875 0.32098183593749996 0.9222659046875
2 0.11699974375 0.928470878125 0.1259921171875 0.9415480796875 0.13446928125 0.9388871140624999 0.1666405828125 0.9047887734375 0.1515674703125 0.8096208859375 0.1044608671875 0.7182082921874999 0.0376200609375 0.7643893125 0.11699974375 0.928470878125
2 0.210094146875 0.210537503125 0.24447036249999998 0.2050928453125 0.2409405234375 0.1828063140625 0.22217455312499998 0.166701771875 0.0812978875 0.18242287343750002 0.0861864640625 0.213288134375 0.09862961406250001 0.223182159375 0.210094146875 0.210537503125
2 0.0665207078125 0.5844761421875 0.08895267500000001 0.5716009046875 0.0669075203125 0.432413278125 0.061214962500000004 0.3977204125 0.0110589140625 0.40566435156249997 0.009183750000000001 0.4125529171875 0.036478304687500004 0.58488395625 0.059431345312499995 0.5855989875 0.0665207078125 0.5844761421875
2 0.108766375 0.3970534390625 0.0704627953125 0.3971785203125 0.06713110156249999 0.3977062078125 0.090961 0.5792868671875 0.0963348578125 0.5844999750000001 0.10790932499999999 0.582666759375 0.1245701015625 0.5792369640625 0.13576561250000002 0.5675199140625 0.108766375 0.3970534390625
2 0.112500896875 0.39566176249999996 0.1381628171875 0.5762931015625 0.169022009375 0.5714054843749999 0.16121664375 0.5184590296875 0.1412457546875 0.3923678015625 0.112500896875 0.39566176249999996
2 0.21459458125 0.5595734015625 0.207107153125 0.508554059375 0.188252971875 0.3895134484375 0.1471428390625 0.38964769375 0.1429312140625 0.394269690625 0.16951883437499998 0.57462258125 0.187779775 0.5731804765625 0.2040563828125 0.570602515625 0.21459458125 0.5595734015625
2 0.23090126406249997 0.5695146578125 0.2450076703125 0.5672804218749999 0.259756590625 0.5550570687499999 0.23479849531250002 0.3849925984375 0.19078314999999998 0.388009003125 0.21345869999999997 0.562389934375 0.21777815312499998 0.5709339984375 0.23090126406249997 0.5695146578125