19 0.99133405625 1 0.99643865 0.6524372656249999 0.9260005124999999 0.659021453125 0.8172784562500001 0.620659815625 0.7254501140625 0.621661509375 0.6770377265625 0.6533735093749999 0.6647291859375 0.7430160984375 0.60991366875 0.74987298125 0.593019215625 0.7665077499999999 0.5791207 0.891284190625 0.5782197499999999 0.99831601875 0.6746949671875 1 0.99133405625 1
3 0.635141096875 0.43490070468750003 0.5570279953124999 0.43353723593750004 0.5648415234375 0.2656792859375 0.55812025 0.25905055625 0.4411778421875 0.243986503125 0.44126947968749997 0.1827808625 0.44740139531249995 0.1112624046875 0.488319875 0.11718576562500001 0.5630272609375 0.089839590625 0.5739268828124999 0.080913871875 0.574154128125 0.06789502187499999 0.4195179015625 0.030034231249999998 0.4144767609375 0.039062209375000004 0.4064806984375 0.273333340625 0.4628400015625 0.2899444765625 0.46070463906250003 0.35632356875000004 0.5259198421875 0.3691824390625 0.5208779625 0.43420851718750003 0.5285074765625 0.44475994375 0.3995754109375 0.4451139875 0.3918535203125 0.5517662999999999 0.390626396875 0.6220680921875 0.39621218593749996 0.637792971875 0.3899446625 0.6611246421875 0.4162396609375 0.6654904687500001 0.5179684890625 0.6568479 0.53794711875 0.669438075 0.5597406625 0.6698184828125 0.573419553125 0.6695363359375001 0.6204237609375001 0.6625431078124999 0.5447179765625 0.6351760234375 0.5581627421875 0.48043918281250003 0.6565760109375 0.49387752812499996 0.6641600765625 0.5070327265625 0.655665553125 0.6579491281250001 0.66633793125 0.6620422593749999 0.7199732546875001 0.6108872 0.741363459375 0.6164696953125001 0.792273321875 0.6095446390625 0.8758358656249999 0.6344443 0.8913098203125 0.464175603125 0.8913569812500001 0.4614737125 0.80494619375 0.4430737921875 0.6915004015624999 0.451511840625 0.6525347484374999 0.445622565625 0.635141096875 0.43490070468750003
11 0.71955595625 0.39978005781250003 0.830730778125 0.40953431250000005 0.8357264703125 0.40311010312500006 0.8496719125000001 0.16373369375 0.661928515625 0.12008588906249999 0.58981024375 0.1110133703125 0.58590385 0.16694329531250002 0.5778652953125001 0.17982579999999998 0.5723219984375 0.3854895453125 0.5809052015625 0.3973599 0.6922163703125 0.39930284375 0.6940782999999999 0.404544471875 0.6487087765624999 0.42979817656249997 0.6456204640625 0.4388602421875 0.7382502234375 0.4479001046875 0.7435717000000001 0.447992990625 0.749074875 0.44327060781250005 0.7423990500000001 0.43403810781249996 0.7067489546875 0.40606791875 0.71955595625 0.39978005781250003
5 0.980301071875 0.61451964375 0.996719109375 0.602796290625 0.9967447375 0.601328053125 0.9903379031249999 0.59906745625 0.997082196875 0.5819950609375 0.997561621875 0.55452880625 0.9603637546874999 0.63761270625 0.956568421875 0.651741328125 0.96459454375 0.651881425 0.980301071875 0.61451964375
5 1 0.3514659515625 0.9586531562499999 0.349518140625 0.9824030125000001 0.49969508906250004 0.9981388859375 0.5214574078124999 1 0.4148342546875 1 0.3514659515625
3 0 0.6897401953125 0.017410571875 0.6900440984375 0.0325563296875 0.689657328125 0.0405494359375 0.67937859375 0.040594884375 0.6767748250000001 0.034872748437500004 0.668861253125 0 0.6608815921875 0 0.6897401953125
3 0.023229575 0.2391655234375 0.13063508906250001 0.24104029374999997 0.136357225 0.24895386406250003 0.1753683265625 0.25223936875 0.22514100781250002 0.22093413593750003 0.22514884375 0.2204852671875 0.006472209375 0.19199088125 0.0031097234375 0.328671765625 0.018595996875 0.33675576875 0.023229575 0.2391655234375
3 0.0648745546875 0.4272907734375 0.041395175 0.429485503125 0.0324483796875 0.43844530625000006 0.0304454109375 0.45247498750000004 0.030413596874999997 0.45429762656249995 0.0349913046875 0.4606284828125 0.3415852265625 0.4659801 0.3392673296875 0.598772371875 0.2963051234375 0.5980224640625 0.278366084375 0.6185458421875001 0.19807291093749999 0.6301671375 0.1380799046875 0.6538633078125 0.19920765625 0.6770690859374999 0.231452034375 0.6763296296875 0.3703754828125 0.66312716875 0.37840110625 0.48311829062499995 0.3790525421875 0.4457975875 0.3676082703125 0.42997044687499997 0.1646051046875 0.42121788593750004 0.1605176546875 0.43156479374999995 0.0648745546875 0.4272907734375
3 0.0086513671875 0 0.00852284375 0.007363134374999999 0.008713285937499999 0.0300261609375 0.355316709375 0.093376540625 0.3529079140625 0.23137635156249997 0.245638746875 0.221690271875 0.2089887734375 0.251003021875 0.235192875 0.2605763875 0.3794067671875 0.2744235015625 0.384411584375 0.2745108609375 0.39133224375000003 0.18993994375 0.3925563359375 0.1198117375 0.3936475546875 0.023722396875000003 0.285941821875 0 0.0086513671875 0
2 0.3687287359375 0.35458789375 0.35492259531250003 0.362160596875 0.35378711093750004 0.37125675 0.3741319890625 0.43672595468750003 0.3819432984375 0.43686230156250005 0.3850778 0.3691983671875 0.3804457 0.3547924140625 0.3687287359375 0.35458789375
2 0.5184883171875 0.444064146875 0.5203158921875 0.41045377031249997 0.5211017046875 0.36543451718750003 0.39877948124999996 0.36201452500000003 0.40036797812499997 0.43887687187499996 0.49483029062500006 0.44365119374999995 0.5184883171875 0.444064146875
2 0.106646884375 0.4290617375 0.156976575 0.4299402453125 0.157534021875 0.42343856718749995 0.15765922968749999 0.4162654359375 0.058598457812500004 0.411944528125 0.0536027671875 0.4183687359375 0.0563729375 0.4275330609375 0.106646884375 0.4290617375
2 0.15745470781249998 0.411195734375 0.1581504015625 0.41120787812500004 0.1599575421875 0.37412439375 0.160404759375 0.34850329687500003 0.1563610875 0.3451509640625 0.12706867500000002 0.3446396640625 0.0904641515625 0.3713486453125 0.15745470781249998 0.411195734375