21 0.8036421265625 0.5109659843750001 0.8110354265625 0.54525999375 0.867660153125 0.559590728125 0.8761127249999999 0.5688583656249999 0.8774676671874999 0.6904996921875 0.8452300875000001 0.7729985515625 0.8607694921875 0.774631809375 0.8963622875 0.70505445 0.9002821046875 0.6677598796875001 0.9203650624999999 0.611216034375 0.9400420531250001 0.5734827984375 0.957353165625 0.5732074609375 0.9601841437499999 0.54627249375 0.957729565625 0.53973008125 0.9106758171875 0.53897415 0.8113822609374999 0.4971158421875 0.8036421265625 0.5109659843750001
9 0.8543952265625 0.5026840921875 0.867235328125 0.504033640625 0.8750027734374999 0.44488612656250004 0.8066293921875 0.4376997953125 0.7991957265625 0.49347832656249996 0.8543952265625 0.5026840921875
5 0.8684401765624999 0.492376975 0.866585240625 0.5243897015625001 0.873055940625 0.5250698 0.9188787093749999 0.5207211765624999 0.9117327421875 0.49902201562500004 0.88307894375 0.4876311453125 0.8684401765624999 0.492376975
5 0.8468919796875 0.5927578046875001 0.8098151765624999 0.5867660671875 0.8060539921875 0.592655178125 0.8258936609375 0.6080948187499999 0.8561399968750001 0.6112738359375001 0.8731207671875 0.612273034375 0.87368536875 0.5620569625 0.8525835046875001 0.553554640625 0.8468919796875 0.5927578046875001
5 0.6553053453125 0.4723322625 0.631748903125 0.4572875265625 0.60821123125 0.561648871875 0.6193361484375 0.5753870015625 0.6187419796875 0.6109363046875 0.6270359187500001 0.6516094015625 0.6388141390625 0.65913176875 0.6427635234375 0.6365039671875 0.632668309375 0.5830726953125 0.675960875 0.5897177359375 0.69637986875 0.58976905 0.697033171875 0.5835532890625 0.64283345625 0.561098196875 0.661639375 0.5316526453125 0.6668953656250001 0.49659332031250003 0.6553053453125 0.4723322625
5 0.7787978468750001 0.6277588546875 0.8289594765625001 0.6288414359375001 0.8271582015625001 0.6160832609375 0.781193290625 0.6049677265625 0.7822821296875 0.5946081234375 0.8041959296875 0.565489221875 0.809016384375 0.5345737390624999 0.792487640625 0.482561084375 0.7858067765625 0.471384853125 0.7704851390624999 0.467679675 0.74851220625 0.4674650359375 0.7327846 0.48257046875 0.7213128484375 0.5169764906250001 0.7185114359375 0.5585782296875 0.69097604375 0.5514945250000001 0.6883332640625001 0.5616908031250001 0.7256574031249999 0.5802773890624999 0.73460464375 0.614734725 0.7787978468750001 0.6277588546875
14 1 0.360360534375 0.9966588078124999 0.3636681421875 0.9630446906250001 0.534004296875 0.9530973125 0.5539068734375 0.95880760625 0.6341097890625 0.9403968562499999 0.7494840390624999 0.9387434171875 0.8100597140625 0.9145632390625 0.8158975109375 0.9163645140625001 0.8286556859375 0.9521347125 0.8470789484375001 0.9665557109374999 0.8444050390625 1 0.5164293234375 1 0.360360534375
19 0.607138815625 0.6764887953125001 0.62007580625 0.5982457906249999 0.6197989046875 0.5709841703125 0.607120046875 0.5570827140625 0.63616104375 0.4302568953125 0.6577979421875 0.3738763734375 0.630698084375 0.362648828125 0.5501109484375 0.3520839703125 0.5259899046875 0.3872553078125 0.5130233468750001 0.45083154375 0.49064444375000005 0.4694275140625 0.46791870781249995 0.5361676375 0.4559522859375 0.5453839609375 0.4452924703125 0.5421687609375 0.44613397343749994 0.5192143078125 0.439670878125 0.50596615625 0.40679079375000005 0.489941465625 0.349294996875 0.48389841406249995 0.3221951390625 0.47267086875000003 0.28269332343750003 0.4748034875 0.2718453078125 0.48832697812500003 0.2639061734375 0.6236551203125 0.2872744140625 0.6554385453125 0.3252814234375 0.6824761421875001 0.501495815625 0.7373943265625 0.512826628125 0.7385852421875 0.5317968703125 0.7356039234375 0.552186296875 0.7209884671875 0.5822757671875001 0.673875584375 0.607138815625 0.6764887953125001
11 0.325730584375 0.2447082875 0.3227517703125 0.19830940625 0.08114899375 0.13520937187499998 0.0720726859375 0.146824265625 0.054522209375 0.3586501453125 0.057441889062499994 0.37571548906249996 0.16444601406249998 0.3890568828125 0.1864831265625 0.4073459953125 0.1878816734375 0.40749298749999996 0.1917636390625 0.3982125078125 0.20484846562499998 0.3933033515625 0.308497375 0.393723246875 0.325730584375 0.2447082875
21 0 0.948630915625 0.13070099531249998 0.96236814375 0.142290021875 0.9586110281250001 0.1614560703125 0.9656006328125001 0.1718156703125 0.9666894703125 0.217532465625 0.9602349 0.2330423046875 0.9472013875 0.26589282187499996 0.9485593078125 0.2698717734375 0.9405982765625 0.29715983125 0.9350871312500001 0.3313760890625 0.9533470671875 0.33252406093750003 0.9723210046874999 0.3394226921875 0.981425315625 0.354962096875 0.9830585734374999 0.36692851875 0.97384225 0.3748272875 0.9285866484374999 0.3760855578125 0.7820822734374999 0.3951388109375 0.7652315703125 0.394455940625 0.7567805625 0.1729361234375 0.6371366796875 0.158950659375 0.6356667484375 0.14567763125 0.6573145953124999 0.13635398906250001 0.6563346421875 0.1169647 0.616590184375 0.0845497171875 0.6110884249999999 0.065466896875 0.61327235625 0.050669496875 0.649423646875 0.013622259375000001 0.6580986796875 0 0.6566669218750001 0 0.948630915625
21 0.668696640625 0.509351496875 0.7097819624999999 0.5220489734375 0.7208773125 0.5211203328125 0.729953621875 0.5095054375 0.72569776875 0.4902048484375 0.6857308515625 0.48181453906250005 0.6662124953124999 0.48814231250000006 0.668696640625 0.509351496875