14 0.9265625 0.45 0.903125 0.3333333328125 0.9203125 0.2875 0.921875 0.2520833328125 0.8953125 0.22291666718749997 0.86875 0.2208333328125 0.846875 0.5854166671875001 0.91875 0.6 0.9265625 0.45
19 0.278125 0.6458333328125 0.325 0.6229166671875 0.3296875 0.6 0.34375 0.5895833328125 0.3734375 0.575 0.4078125 0.5729166671875 0.3984375 0.5229166671875001 0.403125 0.49375 0.409375 0.49791666718750005 0.428125 0.56875 0.4828125 0.575 0.5546875 0.5645833328125 0.5609375 0.5145833328125 0.5578125 0.4895833328125 0.490625 0.47083333281249995 0.425 0.46458333281249997 0.353125 0.47083333281249995 0.275 0.4916666671875 0.278125 0.6458333328125
21 0.2578125 0.6604166671875 0.2484375 0.675 0.2796875 0.6833333328125 0.2921875 0.725 0.2984375 0.7041666671875 0.4234375 0.725 0.4546875 0.6979166671875 0.5890625 0.7125 0.603125 0.6895833328125 0.596875 0.5916666671875 0.5578125 0.5854166671875001 0.5125 0.6041666671875 0.509375 0.6125 0.5375 0.64375 0.534375 0.6541666671875 0.4359375 0.6541666671875 0.4171875 0.6229166671875 0.409375 0.575 0.375 0.5729166671875 0.33125 0.5958333328125 0.3234375 0.6229166671875 0.2578125 0.6604166671875
9 0.5390625 0.64375 0.5078125 0.6083333328125 0.4328125 0.60625 0.415625 0.5104166671875 0.3953125 0.4875 0.4140625 0.61875 0.43125 0.6541666671875 0.5375 0.6541666671875 0.5390625 0.64375
2 0.446875 0.60625 0.5109375 0.6104166671875 0.546875 0.59375 0.54375 0.56875 0.4921875 0.56875 0.4515625 0.5729166671875 0.45625 0.5854166671875001 0.446875 0.60625
4 0 0.675 0.0921875 0.6395833328125 0.0953125 0.5125 0 0.5041666671875 0 0.675
4 0 0.21875 0.0109375 0.2208333328125 0.0125 0.23125 0.09375 0.23333333281250002 0.0953125 0.03125 0 0.029166667187500002 0.0078125 0.1166666671875 0 0.1208333328125 0 0.21875
19 1 0.7666666671875 0.8453125 0.7458333328125 0.8359375 0.7520833328125 0.834375 0.7666666671875 0.8234375 1 1 1 1 0.7666666671875
19 0.7765625 1 0.790625 0.7708333328125 0.7875 0.7395833328125 0.453125 0.6979166671875 0.425 0.7208333328125 0.4078125 0.7520833328125 0.265625 0.7375 0.18125 0.7916666671875 0.1109375 0.85 0.0859375 0.88125 0.078125 0.90625 0.075 1 0.7765625 1
15 0.7890625 0.7375 0.7953125 0.5791666671875 0.6125 0.5333333328125 0.5953125 0.54375 0.60625 0.7145833328125 0.7890625 0.7375
15 0.8453125 0.5875 0.8390625 0.7479166671875 0.903125 0.7541666671875 0.9125 0.7645833328125 0.9359375 0.7583333328124999 1 0.76875 0.9984375 0.4583333328125 0.9171875 0.5541666671875001 0.9203125 0.5979166671875 0.8453125 0.5875